0 0.037109 0.201172 0.066406 0.082031
0 0.041016 0.289062 0.074219 0.085938
0 0.027344 0.449219 0.046875 0.101562
0 0.046875 0.607422 0.078125 0.066406
0 0.148438 0.560547 0.085938 0.113281
0 0.277344 0.566406 0.109375 0.125000
0 0.416016 0.585938 0.113281 0.117188
0 0.138672 0.429688 0.089844 0.101562
0 0.269531 0.402344 0.101562 0.148438
0 0.359375 0.330078 0.085938 0.121094
0 0.525391 0.548828 0.128906 0.136719
0 0.451172 0.244141 0.128906 0.089844
0 0.212891 0.841797 0.136719 0.105469
0 0.125000 0.962891 0.132812 0.066406
0 0.306641 0.949219 0.105469 0.085938
0 0.630859 0.875000 0.089844 0.085938
0 0.439453 0.851562 0.082031 0.078125
0 0.466797 0.917969 0.089844 0.070312
0 0.728516 0.861328 0.074219 0.097656
0 0.880859 0.142578 0.082031 0.105469
