0 0.140625 0.271484 0.125000 0.144531
0 0.039062 0.355469 0.070312 0.164062
0 0.138672 0.427734 0.136719 0.152344
0 0.298828 0.314453 0.175781 0.183594
0 0.373047 0.449219 0.136719 0.140625
0 0.048828 0.507812 0.089844 0.101562
0 0.046875 0.648438 0.085938 0.140625
0 0.216797 0.570312 0.183594 0.148438
0 0.039062 0.203125 0.070312 0.117188
0 0.033203 0.083984 0.058594 0.113281
0 0.179688 0.042969 0.093750 0.078125
0 0.318359 0.052734 0.144531 0.089844
0 0.476562 0.101562 0.117188 0.109375
0 0.476562 0.224609 0.109375 0.113281
0 0.470703 0.685547 0.183594 0.152344
0 0.408203 0.814453 0.121094 0.082031
0 0.324219 0.939453 0.109375 0.105469
0 0.203125 0.951172 0.132812 0.097656
0 0.261719 0.773438 0.148438 0.187500
0 0.109375 0.839844 0.140625 0.140625
0 0.052734 0.947266 0.089844 0.097656
0 0.625000 0.687500 0.117188 0.117188
0 0.666016 0.507812 0.113281 0.085938
0 0.783203 0.494141 0.097656 0.121094
0 0.683594 0.386719 0.148438 0.140625
0 0.876953 0.412109 0.121094 0.105469
0 0.906250 0.273438 0.148438 0.156250
0 0.623047 0.238281 0.136719 0.109375
0 0.609375 0.140625 0.117188 0.125000
0 0.748047 0.177734 0.128906 0.097656
0 0.693359 0.068359 0.113281 0.105469
0 0.810547 0.072266 0.097656 0.105469
