0 0.152344 0.164062 0.117188 0.101562
0 0.103516 0.257812 0.097656 0.101562
0 0.298828 0.089844 0.128906 0.109375
0 0.093750 0.462891 0.117188 0.113281
0 0.210938 0.599609 0.132812 0.113281
0 0.304688 0.392578 0.125000 0.113281
0 0.417969 0.298828 0.117188 0.105469
0 0.718750 0.082031 0.140625 0.125000
0 0.800781 0.205078 0.132812 0.121094
0 0.929688 0.150391 0.125000 0.105469
0 0.072266 0.755859 0.121094 0.105469
0 0.169922 0.933594 0.160156 0.132812
0 0.304688 0.843750 0.132812 0.109375
0 0.490234 0.917969 0.097656 0.156250
0 0.404297 0.542969 0.191406 0.117188
0 0.746094 0.570312 0.140625 0.132812
0 0.912109 0.484375 0.136719 0.140625
0 0.890625 0.919922 0.156250 0.160156
0 0.949219 0.318359 0.101562 0.113281
