0 0.115234 0.937500 0.175781 0.093750
0 0.349609 0.791016 0.175781 0.121094
0 0.539062 0.638672 0.132812 0.128906
0 0.708984 0.492188 0.128906 0.117188
0 0.837891 0.441406 0.128906 0.117188
0 0.683594 0.941406 0.132812 0.101562
0 0.746094 0.873047 0.148438 0.113281
0 0.939453 0.800781 0.121094 0.156250
0 0.824219 0.683594 0.148438 0.132812
0 0.591797 0.279297 0.136719 0.097656
0 0.046875 0.205078 0.078125 0.113281
0 0.222656 0.164062 0.125000 0.117188
0 0.443359 0.392578 0.113281 0.097656
0 0.287109 0.480469 0.121094 0.093750
0 0.748047 0.181641 0.113281 0.105469
0 0.152344 0.226562 0.093750 0.085938
0 0.820312 0.111328 0.117188 0.105469
0 0.906250 0.035156 0.132812 0.062500
