0 0.382812 0.621094 0.140625 0.125000
0 0.464844 0.468750 0.093750 0.101562
0 0.537109 0.429688 0.097656 0.101562
0 0.666016 0.378906 0.113281 0.109375
0 0.576172 0.316406 0.128906 0.125000
0 0.683594 0.189453 0.117188 0.097656
0 0.845703 0.224609 0.144531 0.121094
0 0.873047 0.078125 0.144531 0.101562
0 0.968750 0.169922 0.062500 0.089844
0 0.902344 0.414062 0.171875 0.117188
0 0.716797 0.542969 0.105469 0.078125
0 0.519531 0.746094 0.109375 0.101562
0 0.615234 0.679688 0.113281 0.117188
0 0.748047 0.667969 0.121094 0.132812
0 0.835938 0.576172 0.093750 0.152344
0 0.941406 0.638672 0.117188 0.121094
0 0.955078 0.505859 0.089844 0.113281
0 0.849609 0.765625 0.121094 0.125000
0 0.695312 0.810547 0.132812 0.136719
0 0.597656 0.906250 0.148438 0.125000
0 0.451172 0.859375 0.105469 0.085938
0 0.386719 0.958984 0.125000 0.082031
0 0.253906 0.947266 0.085938 0.089844
