0 0.052734 0.386719 0.089844 0.148438
0 0.140625 0.236328 0.117188 0.128906
0 0.289062 0.138672 0.109375 0.128906
0 0.207031 0.033203 0.093750 0.058594
0 0.296875 0.523438 0.148438 0.132812
0 0.416016 0.394531 0.152344 0.140625
0 0.529297 0.273438 0.121094 0.164062
0 0.703125 0.160156 0.203125 0.156250
0 0.244141 0.916016 0.121094 0.128906
0 0.373047 0.886719 0.121094 0.164062
0 0.529297 0.828125 0.160156 0.132812
0 0.519531 0.683594 0.156250 0.117188
0 0.646484 0.617188 0.128906 0.125000
0 0.714844 0.490234 0.125000 0.136719
0 0.886719 0.453125 0.109375 0.117188
0 0.818359 0.375000 0.105469 0.101562
0 0.947266 0.291016 0.105469 0.113281
0 0.730469 0.820312 0.117188 0.101562
0 0.843750 0.755859 0.093750 0.074219
0 0.925781 0.662109 0.132812 0.082031
0 0.945312 0.943359 0.109375 0.113281
0 0.800781 0.957031 0.156250 0.085938
