0 0.103516 0.158203 0.136719 0.128906
0 0.046875 0.296875 0.085938 0.117188
0 0.169922 0.332031 0.097656 0.125000
0 0.115234 0.429688 0.113281 0.109375
0 0.251953 0.544922 0.136719 0.128906
0 0.337891 0.671875 0.105469 0.140625
0 0.267578 0.402344 0.097656 0.117188
0 0.244141 0.240234 0.082031 0.136719
0 0.210938 0.705078 0.093750 0.121094
0 0.578125 0.914062 0.109375 0.148438
0 0.699219 0.861328 0.109375 0.097656
0 0.806641 0.955078 0.105469 0.089844
0 0.460938 0.091797 0.132812 0.136719
0 0.365234 0.130859 0.128906 0.152344
0 0.443359 0.255859 0.121094 0.136719
0 0.589844 0.138672 0.140625 0.128906
0 0.625000 0.271484 0.132812 0.136719
0 0.574219 0.414062 0.148438 0.140625
0 0.638672 0.529297 0.128906 0.136719
0 0.646484 0.669922 0.113281 0.121094
0 0.900391 0.236328 0.105469 0.089844
0 0.951172 0.316406 0.097656 0.125000
0 0.960938 0.406250 0.078125 0.101562
0 0.812500 0.103516 0.101562 0.121094
0 0.931641 0.091797 0.113281 0.144531
0 0.935547 0.533203 0.082031 0.121094
