0 0.250000 0.101562 0.093750 0.140625
0 0.064453 0.064453 0.105469 0.097656
0 0.128906 0.261719 0.109375 0.140625
0 0.037109 0.292969 0.066406 0.125000
0 0.056641 0.484375 0.089844 0.109375
0 0.134766 0.427734 0.089844 0.113281
0 0.177734 0.710938 0.097656 0.101562
0 0.166016 0.613281 0.089844 0.085938
0 0.251953 0.488281 0.089844 0.109375
0 0.378906 0.349609 0.109375 0.105469
0 0.373047 0.509766 0.082031 0.105469
0 0.445312 0.427734 0.070312 0.082031
0 0.371094 0.703125 0.117188 0.125000
0 0.583984 0.634766 0.175781 0.144531
0 0.259766 0.945312 0.121094 0.109375
0 0.673828 0.859375 0.089844 0.125000
0 0.777344 0.904297 0.078125 0.113281
