0 0.257812 0.496094 0.140625 0.164062
0 0.294922 0.291016 0.152344 0.121094
0 0.460938 0.281250 0.101562 0.125000
0 0.363281 0.175781 0.117188 0.117188
0 0.439453 0.109375 0.144531 0.125000
0 0.500000 0.630859 0.085938 0.097656
0 0.441406 0.718750 0.085938 0.093750
0 0.396484 0.806641 0.074219 0.105469
0 0.625000 0.929688 0.148438 0.140625
0 0.720703 0.826172 0.089844 0.121094
0 0.716797 0.644531 0.105469 0.148438
0 0.701172 0.511719 0.105469 0.101562
0 0.802734 0.472656 0.089844 0.109375
0 0.843750 0.722656 0.117188 0.125000
0 0.789062 0.328125 0.109375 0.132812
0 0.855469 0.197266 0.117188 0.105469
0 0.636719 0.033203 0.078125 0.058594
