0 0.306641 0.482422 0.136719 0.167969
0 0.267578 0.607422 0.105469 0.136719
0 0.251953 0.710938 0.128906 0.140625
0 0.210938 0.916016 0.125000 0.152344
0 0.515625 0.738281 0.101562 0.171875
0 0.658203 0.820312 0.121094 0.156250
0 0.638672 0.937500 0.121094 0.109375
0 0.750000 0.914062 0.125000 0.101562
0 0.917969 0.660156 0.156250 0.132812
0 0.628906 0.609375 0.132812 0.101562
0 0.529297 0.533203 0.097656 0.128906
0 0.636719 0.472656 0.125000 0.117188
0 0.537109 0.367188 0.128906 0.125000
0 0.707031 0.373047 0.093750 0.144531
0 0.900391 0.292969 0.105469 0.156250
0 0.748047 0.187500 0.089844 0.109375
0 0.822266 0.134766 0.097656 0.105469
0 0.957031 0.074219 0.078125 0.140625
0 0.541016 0.068359 0.144531 0.105469
0 0.390625 0.074219 0.117188 0.109375
