0 0.111328 0.623047 0.097656 0.089844
0 0.056641 0.578125 0.097656 0.117188
0 0.103516 0.482422 0.089844 0.105469
0 0.082031 0.849609 0.101562 0.097656
0 0.445312 0.947266 0.117188 0.105469
0 0.703125 0.863281 0.117188 0.125000
0 0.701172 0.363281 0.097656 0.125000
0 0.660156 0.587891 0.117188 0.113281
0 0.771484 0.580078 0.128906 0.113281
0 0.839844 0.367188 0.140625 0.117188
0 0.751953 0.222656 0.105469 0.125000
0 0.306641 0.322266 0.152344 0.121094
0 0.511719 0.458984 0.156250 0.144531
0 0.509766 0.224609 0.121094 0.113281
