0 0.158203 0.326172 0.152344 0.144531
0 0.273438 0.478516 0.109375 0.136719
0 0.382812 0.488281 0.101562 0.148438
0 0.292969 0.642578 0.187500 0.121094
0 0.179688 0.562500 0.148438 0.140625
0 0.308594 0.203125 0.117188 0.148438
0 0.386719 0.294922 0.132812 0.128906
0 0.509766 0.394531 0.105469 0.148438
0 0.267578 0.939453 0.160156 0.121094
0 0.156250 0.101562 0.140625 0.156250
0 0.707031 0.160156 0.125000 0.140625
0 0.699219 0.539062 0.140625 0.148438
0 0.513672 0.726562 0.167969 0.156250
0 0.839844 0.917969 0.156250 0.140625
0 0.958984 0.277344 0.082031 0.148438
