0 0.888672 0.750000 0.144531 0.117188
0 0.507812 0.810547 0.117188 0.089844
0 0.431641 0.603516 0.089844 0.097656
0 0.369141 0.531250 0.105469 0.085938
0 0.332031 0.375000 0.132812 0.125000
0 0.445312 0.345703 0.101562 0.121094
0 0.654297 0.398438 0.121094 0.078125
0 0.773438 0.351562 0.125000 0.085938
0 0.740234 0.269531 0.152344 0.078125
0 0.394531 0.193359 0.093750 0.128906
0 0.304688 0.115234 0.117188 0.136719
0 0.744141 0.498047 0.144531 0.105469
0 0.894531 0.300781 0.101562 0.078125
0 0.941406 0.332031 0.093750 0.078125
0 0.820312 0.126953 0.109375 0.113281
