0 0.230469 0.869141 0.117188 0.121094
0 0.078125 0.894531 0.117188 0.132812
0 0.068359 0.687500 0.097656 0.078125
0 0.171875 0.761719 0.101562 0.093750
0 0.263672 0.767578 0.089844 0.128906
0 0.373047 0.750000 0.105469 0.109375
0 0.480469 0.714844 0.109375 0.132812
0 0.597656 0.740234 0.101562 0.128906
0 0.652344 0.875000 0.101562 0.101562
0 0.730469 0.929688 0.085938 0.101562
0 0.845703 0.890625 0.121094 0.109375
0 0.949219 0.837891 0.101562 0.097656
0 0.804688 0.753906 0.125000 0.125000
0 0.822266 0.583984 0.128906 0.121094
0 0.681641 0.646484 0.113281 0.097656
0 0.607422 0.589844 0.105469 0.101562
0 0.707031 0.542969 0.117188 0.101562
0 0.507812 0.613281 0.093750 0.078125
0 0.289062 0.611328 0.125000 0.097656
0 0.380859 0.593750 0.105469 0.101562
0 0.337891 0.511719 0.136719 0.093750
0 0.470703 0.523438 0.121094 0.109375
0 0.414062 0.375000 0.125000 0.109375
0 0.474609 0.302734 0.121094 0.113281
0 0.630859 0.261719 0.113281 0.109375
0 0.175781 0.423828 0.140625 0.128906
0 0.156250 0.310547 0.109375 0.105469
0 0.253906 0.281250 0.109375 0.117188
0 0.601562 0.412109 0.140625 0.113281
0 0.792969 0.244141 0.117188 0.121094
0 0.929688 0.263672 0.117188 0.105469
0 0.962891 0.162109 0.074219 0.097656
0 0.859375 0.083984 0.125000 0.128906
0 0.511719 0.152344 0.164062 0.093750
0 0.638672 0.148438 0.128906 0.117188
