0 0.078125 0.062500 0.109375 0.101562
0 0.140625 0.232422 0.117188 0.121094
0 0.357422 0.228516 0.144531 0.136719
0 0.273438 0.082031 0.140625 0.125000
0 0.457031 0.146484 0.109375 0.105469
0 0.449219 0.056641 0.109375 0.097656
0 0.482422 0.333984 0.152344 0.105469
0 0.576172 0.201172 0.128906 0.121094
0 0.708984 0.212891 0.160156 0.144531
0 0.576172 0.048828 0.105469 0.089844
0 0.689453 0.066406 0.128906 0.125000
0 0.777344 0.345703 0.203125 0.105469
0 0.947266 0.316406 0.105469 0.109375
0 0.845703 0.423828 0.136719 0.128906
0 0.955078 0.435547 0.089844 0.128906
0 0.974609 0.568359 0.050781 0.121094
0 0.869141 0.593750 0.128906 0.140625
0 0.857422 0.755859 0.097656 0.089844
0 0.744141 0.697266 0.113281 0.152344
0 0.607422 0.773438 0.128906 0.101562
0 0.595703 0.652344 0.113281 0.109375
0 0.683594 0.566406 0.101562 0.109375
0 0.708984 0.462891 0.121094 0.113281
0 0.576172 0.484375 0.105469 0.101562
0 0.498047 0.560547 0.113281 0.121094
0 0.154297 0.474609 0.128906 0.128906
0 0.037109 0.435547 0.066406 0.128906
0 0.078125 0.632812 0.109375 0.140625
0 0.234375 0.628906 0.085938 0.132812
0 0.144531 0.736328 0.117188 0.097656
0 0.046875 0.767578 0.085938 0.089844
0 0.089844 0.941406 0.125000 0.117188
0 0.679688 0.945312 0.109375 0.101562
0 0.791016 0.945312 0.121094 0.109375
0 0.429688 0.964844 0.093750 0.070312
