0 0.441406 0.689453 0.093750 0.097656
0 0.605469 0.537109 0.093750 0.089844
0 0.699219 0.523438 0.125000 0.101562
0 0.714844 0.734375 0.117188 0.117188
0 0.910156 0.691406 0.093750 0.101562
0 0.816406 0.521484 0.101562 0.097656
0 0.779297 0.398438 0.121094 0.109375
0 0.808594 0.294922 0.117188 0.105469
0 0.720703 0.160156 0.113281 0.109375
0 0.513672 0.330078 0.066406 0.121094
0 0.796875 0.076172 0.109375 0.136719
0 0.875000 0.226562 0.070312 0.109375
0 0.925781 0.308594 0.070312 0.101562
0 0.962891 0.222656 0.074219 0.093750
