0 0.054688 0.222656 0.101562 0.117188
0 0.033203 0.123047 0.058594 0.082031
0 0.134766 0.097656 0.113281 0.085938
0 0.146484 0.197266 0.113281 0.105469
0 0.105469 0.312500 0.093750 0.117188
0 0.035156 0.326172 0.062500 0.113281
0 0.031250 0.457031 0.054688 0.140625
0 0.111328 0.417969 0.097656 0.101562
0 0.205078 0.376953 0.121094 0.113281
0 0.234375 0.263672 0.093750 0.105469
0 0.128906 0.521484 0.101562 0.121094
0 0.042969 0.605469 0.078125 0.156250
0 0.212891 0.830078 0.128906 0.121094
0 0.324219 0.724609 0.148438 0.121094
0 0.261719 0.650391 0.140625 0.097656
0 0.156250 0.943359 0.125000 0.113281
0 0.318359 0.908203 0.113281 0.121094
0 0.406250 0.955078 0.125000 0.089844
0 0.439453 0.796875 0.152344 0.148438
0 0.554688 0.808594 0.093750 0.109375
0 0.539062 0.699219 0.101562 0.109375
0 0.638672 0.708984 0.082031 0.136719
0 0.789062 0.937500 0.132812 0.125000
0 0.935547 0.937500 0.128906 0.125000
0 0.449219 0.619141 0.125000 0.128906
0 0.396484 0.509766 0.105469 0.089844
0 0.541016 0.480469 0.136719 0.117188
0 0.589844 0.150391 0.140625 0.136719
0 0.935547 0.324219 0.128906 0.148438
0 0.904297 0.462891 0.113281 0.121094
0 0.775391 0.607422 0.113281 0.136719
0 0.720703 0.339844 0.105469 0.125000
0 0.521484 0.058594 0.128906 0.109375
0 0.726562 0.039062 0.148438 0.070312
