0 0.240234 0.078125 0.183594 0.132812
0 0.216797 0.343750 0.128906 0.132812
0 0.423828 0.181641 0.105469 0.113281
0 0.458984 0.355469 0.105469 0.109375
0 0.369141 0.544922 0.105469 0.113281
0 0.033203 0.341797 0.058594 0.128906
0 0.052734 0.480469 0.074219 0.125000
0 0.093750 0.707031 0.078125 0.132812
0 0.152344 0.634766 0.093750 0.160156
0 0.089844 0.943359 0.109375 0.105469
0 0.552734 0.582031 0.136719 0.140625
0 0.691406 0.753906 0.140625 0.125000
0 0.697266 0.484375 0.136719 0.140625
0 0.720703 0.181641 0.121094 0.105469
0 0.583984 0.121094 0.144531 0.140625
0 0.332031 0.820312 0.156250 0.109375
0 0.599609 0.898438 0.105469 0.085938
