0 0.197266 0.095703 0.144531 0.128906
0 0.242188 0.308594 0.117188 0.125000
0 0.390625 0.177734 0.156250 0.144531
0 0.527344 0.214844 0.093750 0.101562
0 0.376953 0.519531 0.128906 0.117188
0 0.550781 0.482422 0.125000 0.113281
0 0.494141 0.667969 0.136719 0.117188
0 0.773438 0.675781 0.109375 0.132812
0 0.878906 0.541016 0.117188 0.089844
0 0.853516 0.373047 0.113281 0.113281
0 0.951172 0.462891 0.097656 0.121094
0 0.935547 0.296875 0.128906 0.148438
0 0.939453 0.115234 0.113281 0.128906
0 0.728516 0.109375 0.128906 0.109375
0 0.878906 0.943359 0.125000 0.113281
