0 0.255859 0.169922 0.113281 0.136719
0 0.035156 0.355469 0.062500 0.132812
0 0.027344 0.546875 0.046875 0.125000
0 0.123047 0.564453 0.121094 0.113281
0 0.095703 0.722656 0.121094 0.117188
0 0.060547 0.814453 0.105469 0.105469
0 0.250000 0.845703 0.117188 0.136719
0 0.375000 0.591797 0.117188 0.136719
0 0.542969 0.695312 0.148438 0.148438
0 0.455078 0.826172 0.121094 0.113281
0 0.566406 0.951172 0.132812 0.097656
0 0.730469 0.669922 0.101562 0.113281
0 0.800781 0.945312 0.101562 0.101562
0 0.873047 0.705078 0.089844 0.121094
0 0.935547 0.919922 0.105469 0.136719
0 0.750000 0.369141 0.140625 0.113281
0 0.753906 0.273438 0.093750 0.125000
0 0.476562 0.246094 0.210938 0.171875
0 0.644531 0.107422 0.148438 0.167969
0 0.855469 0.044922 0.093750 0.074219
0 0.439453 0.044922 0.167969 0.082031
0 0.246094 0.033203 0.125000 0.058594
