0 0.240234 0.089844 0.136719 0.101562
0 0.419922 0.396484 0.128906 0.113281
0 0.123047 0.289062 0.082031 0.109375
0 0.269531 0.607422 0.101562 0.128906
0 0.234375 0.904297 0.093750 0.136719
0 0.082031 0.689453 0.132812 0.136719
0 0.033203 0.869141 0.058594 0.121094
0 0.417969 0.640625 0.117188 0.125000
0 0.455078 0.828125 0.144531 0.148438
0 0.617188 0.886719 0.109375 0.132812
0 0.638672 0.677734 0.113281 0.136719
0 0.728516 0.472656 0.128906 0.117188
0 0.796875 0.330078 0.171875 0.152344
0 0.599609 0.316406 0.128906 0.132812
0 0.720703 0.121094 0.136719 0.117188
