0 0.054688 0.646484 0.101562 0.144531
0 0.037109 0.773438 0.066406 0.109375
0 0.048828 0.900391 0.089844 0.105469
0 0.240234 0.857422 0.105469 0.121094
0 0.312500 0.917969 0.109375 0.070312
0 0.343750 0.968750 0.093750 0.062500
0 0.507812 0.933594 0.101562 0.101562
0 0.611328 0.960938 0.128906 0.078125
0 0.544922 0.863281 0.097656 0.109375
0 0.636719 0.839844 0.085938 0.125000
0 0.730469 0.947266 0.125000 0.105469
0 0.960938 0.933594 0.078125 0.125000
0 0.816406 0.847656 0.109375 0.125000
0 0.933594 0.640625 0.117188 0.132812
0 0.533203 0.531250 0.128906 0.101562
0 0.712891 0.464844 0.105469 0.101562
0 0.794922 0.365234 0.121094 0.121094
0 0.947266 0.437500 0.105469 0.117188
0 0.794922 0.265625 0.128906 0.101562
0 0.431641 0.320312 0.152344 0.093750
0 0.482422 0.234375 0.136719 0.109375
0 0.556641 0.191406 0.128906 0.085938
0 0.554688 0.062500 0.132812 0.117188
0 0.332031 0.035156 0.156250 0.062500
0 0.273438 0.322266 0.101562 0.121094
0 0.826172 0.644531 0.113281 0.109375
