0 0.041016 0.039062 0.074219 0.070312
0 0.207031 0.419922 0.148438 0.144531
0 0.107422 0.492188 0.105469 0.117188
0 0.185547 0.591797 0.128906 0.128906
0 0.306641 0.533203 0.144531 0.113281
0 0.341797 0.646484 0.144531 0.128906
0 0.341797 0.798828 0.152344 0.128906
0 0.201172 0.802734 0.121094 0.097656
0 0.283203 0.900391 0.074219 0.074219
0 0.349609 0.958984 0.082031 0.066406
0 0.439453 0.945312 0.121094 0.109375
0 0.472656 0.789062 0.117188 0.148438
0 0.550781 0.914062 0.125000 0.164062
0 0.650391 0.966797 0.097656 0.066406
0 0.802734 0.945312 0.121094 0.109375
0 0.560547 0.583984 0.105469 0.121094
0 0.392578 0.410156 0.144531 0.140625
0 0.832031 0.771484 0.093750 0.105469
0 0.896484 0.724609 0.105469 0.121094
0 0.812500 0.552734 0.179688 0.121094
