0 0.037109 0.187500 0.066406 0.132812
0 0.041016 0.330078 0.074219 0.152344
0 0.095703 0.419922 0.113281 0.121094
0 0.033203 0.476562 0.058594 0.125000
0 0.138672 0.537109 0.128906 0.105469
0 0.058594 0.603516 0.101562 0.113281
0 0.062500 0.871094 0.117188 0.195312
0 0.158203 0.955078 0.144531 0.089844
0 0.257812 0.777344 0.140625 0.171875
0 0.375000 0.787109 0.148438 0.152344
0 0.546875 0.763672 0.125000 0.128906
0 0.591797 0.837891 0.097656 0.097656
0 0.714844 0.853516 0.117188 0.121094
0 0.701172 0.943359 0.121094 0.113281
0 0.580078 0.935547 0.121094 0.121094
0 0.494141 0.951172 0.113281 0.097656
0 0.351562 0.945312 0.171875 0.109375
0 0.736328 0.669922 0.113281 0.121094
0 0.855469 0.830078 0.132812 0.144531
0 0.966797 0.867188 0.066406 0.093750
0 0.976562 0.939453 0.046875 0.082031
0 0.242188 0.402344 0.101562 0.117188
0 0.126953 0.210938 0.097656 0.125000
0 0.378906 0.564453 0.117188 0.105469
0 0.445312 0.513672 0.179688 0.105469
0 0.498047 0.601562 0.128906 0.125000
0 0.570312 0.500000 0.148438 0.140625
0 0.386719 0.375000 0.132812 0.132812
0 0.248047 0.279297 0.160156 0.144531
0 0.541016 0.078125 0.152344 0.148438
0 0.910156 0.404297 0.179688 0.183594
