0 0.472656 0.185547 0.109375 0.113281
0 0.406250 0.294922 0.156250 0.136719
0 0.332031 0.378906 0.117188 0.132812
0 0.533203 0.402344 0.160156 0.132812
0 0.726562 0.437500 0.164062 0.164062
0 0.582031 0.578125 0.140625 0.140625
0 0.707031 0.591797 0.132812 0.121094
0 0.837891 0.582031 0.152344 0.132812
0 0.792969 0.693359 0.156250 0.128906
0 0.101562 0.423828 0.156250 0.121094
0 0.324219 0.554688 0.132812 0.132812
0 0.458984 0.671875 0.144531 0.117188
0 0.693359 0.806641 0.144531 0.121094
0 0.699219 0.896484 0.132812 0.113281
0 0.531250 0.871094 0.164062 0.117188
0 0.408203 0.921875 0.121094 0.125000
0 0.517578 0.964844 0.128906 0.070312
0 0.376953 0.763672 0.175781 0.160156
0 0.214844 0.710938 0.140625 0.132812
0 0.138672 0.617188 0.144531 0.140625
0 0.189453 0.927734 0.167969 0.144531
