0 0.150391 0.617188 0.167969 0.171875
0 0.130859 0.896484 0.136719 0.167969
0 0.253906 0.941406 0.148438 0.117188
0 0.431641 0.511719 0.144531 0.125000
0 0.691406 0.699219 0.117188 0.109375
0 0.835938 0.773438 0.171875 0.125000
0 0.501953 0.800781 0.121094 0.148438
0 0.609375 0.906250 0.117188 0.140625
0 0.751953 0.869141 0.113281 0.128906
0 0.941406 0.935547 0.117188 0.128906
0 0.798828 0.666016 0.113281 0.089844
0 0.941406 0.400391 0.117188 0.152344
0 0.794922 0.404297 0.128906 0.121094
0 0.853516 0.236328 0.121094 0.136719
0 0.712891 0.310547 0.136719 0.113281
0 0.599609 0.365234 0.105469 0.128906
0 0.494141 0.267578 0.128906 0.105469
0 0.289062 0.177734 0.148438 0.160156
0 0.589844 0.070312 0.140625 0.117188
0 0.691406 0.136719 0.117188 0.109375
0 0.750000 0.214844 0.125000 0.132812
0 0.619141 0.197266 0.136719 0.128906
0 0.472656 0.167969 0.171875 0.156250
0 0.431641 0.046875 0.144531 0.085938
