0 0.072266 0.109375 0.097656 0.101562
0 0.166016 0.115234 0.128906 0.152344
0 0.234375 0.046875 0.132812 0.085938
0 0.287109 0.312500 0.128906 0.117188
0 0.140625 0.291016 0.125000 0.121094
0 0.150391 0.535156 0.121094 0.117188
0 0.339844 0.564453 0.140625 0.136719
0 0.210938 0.671875 0.125000 0.132812
0 0.347656 0.757812 0.125000 0.132812
0 0.458984 0.757812 0.136719 0.156250
0 0.660156 0.722656 0.164062 0.156250
0 0.765625 0.509766 0.203125 0.167969
0 0.828125 0.865234 0.140625 0.167969
0 0.941406 0.771484 0.117188 0.128906
0 0.957031 0.894531 0.085938 0.132812
0 0.962891 0.615234 0.074219 0.113281
0 0.841797 0.326172 0.160156 0.152344
0 0.910156 0.242188 0.140625 0.117188
0 0.755859 0.187500 0.136719 0.117188
