0 0.111328 0.064453 0.167969 0.121094
0 0.033203 0.167969 0.058594 0.132812
0 0.101562 0.177734 0.125000 0.136719
0 0.105469 0.314453 0.132812 0.144531
0 0.232422 0.851562 0.160156 0.179688
0 0.031250 0.748047 0.054688 0.152344
0 0.335938 0.695312 0.062500 0.125000
0 0.468750 0.861328 0.156250 0.144531
0 0.472656 0.603516 0.148438 0.152344
0 0.345703 0.484375 0.128906 0.140625
0 0.580078 0.777344 0.160156 0.140625
0 0.917969 0.722656 0.140625 0.132812
0 0.880859 0.537109 0.121094 0.121094
0 0.796875 0.277344 0.140625 0.171875
0 0.927734 0.193359 0.128906 0.121094
0 0.941406 0.453125 0.117188 0.148438
0 0.380859 0.052734 0.121094 0.097656
