0 0.931641 0.052734 0.128906 0.097656
0 0.957031 0.269531 0.085938 0.132812
0 0.953125 0.419922 0.093750 0.152344
0 0.863281 0.603516 0.179688 0.167969
0 0.923828 0.941406 0.152344 0.117188
0 0.128906 0.955078 0.179688 0.089844
0 0.509766 0.925781 0.144531 0.140625
0 0.576172 0.837891 0.152344 0.152344
0 0.539062 0.361328 0.132812 0.167969
0 0.625000 0.240234 0.125000 0.152344
0 0.812500 0.181641 0.148438 0.144531
0 0.501953 0.171875 0.144531 0.109375
0 0.394531 0.064453 0.125000 0.121094
0 0.628906 0.050781 0.148438 0.093750
0 0.138672 0.173828 0.136719 0.089844
