0 0.892578 0.724609 0.183594 0.136719
0 0.949219 0.867188 0.101562 0.085938
0 0.531250 0.609375 0.101562 0.101562
0 0.431641 0.576172 0.105469 0.113281
0 0.281250 0.513672 0.101562 0.105469
0 0.181641 0.416016 0.121094 0.113281
0 0.642578 0.427734 0.113281 0.128906
0 0.671875 0.527344 0.117188 0.109375
0 0.078125 0.181641 0.109375 0.121094
0 0.199219 0.222656 0.109375 0.125000
0 0.031250 0.257812 0.054688 0.148438
0 0.343750 0.187500 0.140625 0.117188
0 0.527344 0.248047 0.140625 0.089844
0 0.716797 0.248047 0.160156 0.089844
