0 0.068359 0.269531 0.121094 0.109375
0 0.117188 0.404297 0.132812 0.089844
0 0.037109 0.464844 0.066406 0.070312
0 0.074219 0.640625 0.125000 0.117188
0 0.240234 0.632812 0.113281 0.117188
0 0.101562 0.910156 0.125000 0.093750
0 0.439453 0.904297 0.082031 0.121094
0 0.347656 0.808594 0.101562 0.125000
0 0.382812 0.611328 0.093750 0.074219
0 0.548828 0.900391 0.121094 0.152344
0 0.714844 0.281250 0.125000 0.132812
0 0.791016 0.449219 0.199219 0.164062
0 0.927734 0.824219 0.113281 0.101562
0 0.927734 0.949219 0.128906 0.101562
