0 0.201172 0.054688 0.152344 0.101562
0 0.162109 0.181641 0.097656 0.097656
0 0.255859 0.183594 0.113281 0.117188
0 0.339844 0.128906 0.117188 0.132812
0 0.273438 0.294922 0.093750 0.113281
0 0.351562 0.359375 0.109375 0.125000
0 0.345703 0.244141 0.113281 0.128906
0 0.425781 0.289062 0.117188 0.125000
0 0.458984 0.199219 0.082031 0.117188
0 0.523438 0.253906 0.117188 0.117188
0 0.515625 0.351562 0.132812 0.117188
0 0.443359 0.433594 0.160156 0.117188
0 0.513672 0.533203 0.136719 0.121094
0 0.576172 0.425781 0.136719 0.125000
0 0.621094 0.300781 0.125000 0.109375
0 0.675781 0.382812 0.117188 0.117188
0 0.806641 0.607422 0.128906 0.152344
0 0.703125 0.505859 0.156250 0.121094
0 0.666016 0.607422 0.152344 0.128906
0 0.720703 0.689453 0.121094 0.113281
0 0.519531 0.619141 0.093750 0.105469
0 0.599609 0.693359 0.097656 0.113281
0 0.099609 0.347656 0.105469 0.117188
0 0.056641 0.843750 0.105469 0.093750
0 0.121094 0.914062 0.125000 0.093750
0 0.365234 0.652344 0.113281 0.132812
0 0.296875 0.826172 0.117188 0.136719
0 0.392578 0.808594 0.113281 0.109375
0 0.505859 0.812500 0.128906 0.125000
0 0.404297 0.910156 0.113281 0.109375
0 0.484375 0.931641 0.117188 0.121094
0 0.585938 0.923828 0.093750 0.128906
0 0.667969 0.890625 0.117188 0.125000
0 0.947266 0.507812 0.105469 0.125000
0 0.791016 0.126953 0.144531 0.113281
0 0.714844 0.185547 0.132812 0.105469
