0 0.580078 0.058594 0.121094 0.101562
0 0.445312 0.042969 0.093750 0.078125
0 0.337891 0.132812 0.113281 0.101562
0 0.283203 0.050781 0.097656 0.078125
0 0.234375 0.234375 0.109375 0.101562
0 0.298828 0.396484 0.128906 0.113281
0 0.312500 0.269531 0.109375 0.132812
0 0.093750 0.275391 0.101562 0.113281
0 0.179688 0.277344 0.109375 0.101562
0 0.169922 0.160156 0.121094 0.117188
0 0.419922 0.353516 0.152344 0.136719
0 0.583984 0.748047 0.113281 0.113281
0 0.816406 0.925781 0.109375 0.117188
0 0.630859 0.486328 0.113281 0.128906
0 0.625000 0.328125 0.109375 0.132812
0 0.751953 0.236328 0.105469 0.097656
0 0.708984 0.316406 0.113281 0.117188
0 0.746094 0.523438 0.125000 0.117188
0 0.849609 0.509766 0.113281 0.136719
0 0.951172 0.529297 0.097656 0.128906
0 0.839844 0.675781 0.109375 0.140625
0 0.804688 0.398438 0.093750 0.109375
0 0.166016 0.744141 0.097656 0.113281
0 0.144531 0.892578 0.109375 0.105469
0 0.232422 0.835938 0.097656 0.109375
0 0.109375 0.552734 0.125000 0.113281
0 0.087891 0.640625 0.097656 0.101562
0 0.070312 0.742188 0.125000 0.140625
0 0.265625 0.962891 0.109375 0.074219
