0 0.101562 0.318359 0.085938 0.082031
0 0.109375 0.398438 0.093750 0.085938
0 0.142578 0.480469 0.089844 0.085938
0 0.255859 0.580078 0.113281 0.097656
0 0.324219 0.650391 0.085938 0.082031
0 0.373047 0.705078 0.074219 0.074219
0 0.458984 0.699219 0.121094 0.117188
0 0.267578 0.728516 0.089844 0.113281
0 0.189453 0.767578 0.136719 0.144531
0 0.068359 0.878906 0.097656 0.125000
0 0.207031 0.910156 0.101562 0.093750
0 0.119141 0.968750 0.113281 0.062500
0 0.626953 0.582031 0.105469 0.125000
0 0.726562 0.630859 0.109375 0.121094
0 0.693359 0.943359 0.097656 0.105469
0 0.363281 0.849609 0.101562 0.089844
0 0.341797 0.943359 0.097656 0.097656
0 0.550781 0.304688 0.085938 0.085938
0 0.494141 0.224609 0.082031 0.082031
0 0.587891 0.378906 0.089844 0.101562
0 0.500000 0.314453 0.078125 0.082031
0 0.435547 0.246094 0.074219 0.070312
0 0.876953 0.849609 0.089844 0.097656
0 0.822266 0.927734 0.097656 0.089844
0 0.460938 0.064453 0.085938 0.089844
0 0.355469 0.087891 0.085938 0.082031
0 0.183594 0.105469 0.109375 0.109375
0 0.298828 0.037109 0.082031 0.066406
