0 0.066406 0.802734 0.070312 0.074219
0 0.103516 0.890625 0.089844 0.078125
0 0.052734 0.958984 0.089844 0.082031
0 0.175781 0.957031 0.101562 0.078125
0 0.279297 0.960938 0.082031 0.078125
0 0.470703 0.925781 0.097656 0.101562
0 0.562500 0.960938 0.132812 0.078125
0 0.531250 0.671875 0.109375 0.101562
0 0.619141 0.457031 0.136719 0.109375
0 0.662109 0.558594 0.121094 0.109375
0 0.671875 0.683594 0.125000 0.132812
0 0.601562 0.818359 0.125000 0.097656
0 0.835938 0.855469 0.101562 0.109375
0 0.728516 0.771484 0.128906 0.097656
0 0.746094 0.869141 0.117188 0.105469
0 0.853516 0.759766 0.128906 0.105469
0 0.308594 0.531250 0.085938 0.101562
0 0.216797 0.078125 0.105469 0.109375
0 0.113281 0.132812 0.117188 0.101562
0 0.957031 0.730469 0.085938 0.117188
