0 0.451172 0.482422 0.105469 0.105469
0 0.560547 0.476562 0.097656 0.093750
0 0.449219 0.597656 0.093750 0.093750
0 0.687500 0.591797 0.109375 0.113281
0 0.597656 0.658203 0.125000 0.097656
0 0.486328 0.701172 0.089844 0.074219
0 0.476562 0.847656 0.093750 0.070312
0 0.462891 0.931641 0.121094 0.082031
0 0.632812 0.818359 0.078125 0.074219
0 0.732422 0.845703 0.105469 0.089844
0 0.843750 0.886719 0.093750 0.085938
0 0.951172 0.931641 0.097656 0.113281
0 0.833984 0.765625 0.121094 0.093750
0 0.906250 0.644531 0.132812 0.101562
0 0.884766 0.250000 0.152344 0.117188
0 0.878906 0.365234 0.109375 0.089844
0 0.962891 0.427734 0.074219 0.121094
0 0.046875 0.753906 0.085938 0.101562
0 0.121094 0.675781 0.109375 0.109375
0 0.193359 0.625000 0.105469 0.109375
0 0.242188 0.554688 0.101562 0.101562
0 0.289062 0.070312 0.125000 0.093750
0 0.703125 0.408203 0.085938 0.074219
0 0.777344 0.421875 0.062500 0.078125
