0 0.304688 0.593750 0.132812 0.117188
0 0.369141 0.693359 0.128906 0.136719
0 0.503906 0.832031 0.125000 0.125000
0 0.384766 0.259766 0.113281 0.128906
0 0.220703 0.410156 0.113281 0.101562
0 0.113281 0.570312 0.125000 0.101562
0 0.144531 0.667969 0.109375 0.093750
0 0.156250 0.808594 0.093750 0.085938
0 0.085938 0.744141 0.093750 0.089844
0 0.033203 0.671875 0.058594 0.101562
0 0.062500 0.933594 0.101562 0.132812
0 0.630859 0.697266 0.105469 0.113281
0 0.492188 0.650391 0.125000 0.113281
0 0.429688 0.521484 0.109375 0.097656
0 0.660156 0.531250 0.140625 0.117188
0 0.619141 0.419922 0.089844 0.121094
0 0.523438 0.406250 0.070312 0.093750
0 0.908203 0.736328 0.113281 0.136719
0 0.794922 0.718750 0.089844 0.093750
0 0.724609 0.927734 0.121094 0.105469
0 0.875000 0.898438 0.093750 0.101562
0 0.933594 0.845703 0.101562 0.082031
0 0.406250 0.421875 0.085938 0.070312
0 0.326172 0.335938 0.082031 0.101562
0 0.070312 0.208984 0.125000 0.113281
0 0.037109 0.359375 0.066406 0.093750
0 0.306641 0.185547 0.105469 0.128906
0 0.181641 0.306641 0.089844 0.074219
0 0.154297 0.187500 0.089844 0.085938
0 0.087891 0.101562 0.066406 0.078125
0 0.035156 0.091797 0.054688 0.082031
0 0.242188 0.261719 0.070312 0.085938
0 0.861328 0.261719 0.074219 0.085938
0 0.916016 0.345703 0.089844 0.089844
0 0.945312 0.419922 0.093750 0.097656
0 0.976562 0.599609 0.046875 0.089844
0 0.970703 0.513672 0.058594 0.082031
0 0.619141 0.039062 0.121094 0.070312
0 0.416016 0.035156 0.121094 0.062500
0 0.894531 0.156250 0.148438 0.125000
