0 0.30078125 0.01328125 0.0453125 0.0265625
0 0.3359375 0.0140625 0.05625 0.028125
0 0.359375 0.0140625 0.05625 0.028125
0 0.34765625 0.01484375 0.0640625 0.0296875
0 0.3359375 0.021875 0.0625 0.04375
0 0.3921875 0.025 0.075 0.05
0 0.39375 0.059375 0.065625 0.0609375
0 0.43125 0.084375 0.0609375 0.059375
0 0.43671875 0.03125 0.0609375 0.059375
0 0.409375 0.01328125 0.05625 0.0265625
0 0.40703125 0.01328125 0.0515625 0.0265625
0 0.34921875 0.0125 0.0671875 0.025
0 0.24296875 0.01796875 0.0734375 0.0359375
0 0.20078125 0.0375 0.0390625 0.05
0 0.190625 0.07890625 0.0625 0.065625
0 0.16875 0.11953125 0.0625 0.0625
0 0.20859375 0.11640625 0.0703125 0.06875
0 0.203125 0.16640625 0.0734375 0.06875
0 0.2515625 0.15546875 0.071875 0.0671875
0 0.23984375 0.20078125 0.0640625 0.0578125
0 0.27578125 0.07734375 0.0625 0.059375
0 0.26640625 0.134375 0.065625 0.065625
0 0.3328125 0.17890625 0.0625 0.059375
0 0.403125 0.2125 0.0765625 0.075
0 0.35625 0.23515625 0.071875 0.071875
0 0.3109375 0.215625 0.0625 0.0625
0 0.33125 0.28515625 0.075 0.0734375
0 0.3640625 0.28671875 0.0734375 0.0796875
0 0.39921875 0.33046875 0.0859375 0.0828125
0 0.4421875 0.37265625 0.0703125 0.0703125
0 0.33984375 0.3265625 0.0625 0.0625
0 0.35625 0.35546875 0.05625 0.05625
0 0.36796875 0.3921875 0.0625 0.06875
0 0.39765625 0.42109375 0.0859375 0.0890625
0 0.42421875 0.475 0.10625 0.1109375
0 0.121875 0.19296875 0.0546875 0.059375
0 0.15234375 0.2640625 0.08125 0.084375
0 0.0796875 0.2359375 0.0296875 0.04375
0 0.1015625 0.23515625 0.0484375 0.046875
0 0.08125 0.265625 0.0578125 0.059375
0 0.14453125 0.33359375 0.0625 0.0609375
0 0.1109375 0.36328125 0.0625 0.059375
0 0.103125 0.3984375 0.0546875 0.0546875
0 0.140625 0.43359375 0.06875 0.065625
0 0.14765625 0.47265625 0.0515625 0.05
0 0.15859375 0.52578125 0.071875 0.071875
0 0.0125 0.609375 0.025 0.059375
0 0.0125 0.65234375 0.025 0.0515625
0 0.0109375 0.653125 0.021875 0.05625
0 0.0171875 0.52578125 0.034375 0.0546875
0 0.0546875 0.56953125 0.0640625 0.065625
0 0.08515625 0.54921875 0.0671875 0.0671875
0 0.0203125 0.571875 0.040625 0.059375
0 0.03671875 0.60390625 0.065625 0.0609375
0 0.0140625 0.61328125 0.028125 0.0609375
0 0.028125 0.6515625 0.05625 0.0625
0 0.071875 0.64140625 0.084375 0.0828125
0 0.11484375 0.68359375 0.0796875 0.075
0 0.11484375 0.628125 0.0609375 0.059375
0 0.13984375 0.6046875 0.05625 0.053125
0 0.0546875 0.6921875 0.059375 0.0546875
0 0.0203125 0.68828125 0.040625 0.0578125
0 0.03359375 0.728125 0.065625 0.065625
0 0.0875 0.72578125 0.0734375 0.06875
0 0.22578125 0.28828125 0.0546875 0.0515625
0 0.1921875 0.3625 0.071875 0.071875
0 0.25234375 0.3921875 0.071875 0.0671875
0 0.2765625 0.34375 0.0765625 0.06875
0 0.23359375 0.3546875 0.0625 0.0625
0 0.23046875 0.41171875 0.0609375 0.0625
0 0.23984375 0.45625 0.065625 0.0703125
0 0.271875 0.43203125 0.0640625 0.065625
0 0.2734375 0.4796875 0.0546875 0.05625
0 0.25546875 0.5171875 0.06875 0.065625
0 0.26328125 0.5609375 0.059375 0.0609375
0 0.30234375 0.521875 0.0609375 0.0546875
0 0.34140625 0.565625 0.0796875 0.0796875
0 0.31796875 0.61015625 0.08125 0.0796875
0 0.2875 0.559375 0.0703125 0.06875
0 0.27109375 0.615625 0.059375 0.0609375
0 0.29296875 0.64609375 0.059375 0.0609375
0 0.33828125 0.65625 0.06875 0.0671875
0 0.32578125 0.709375 0.0796875 0.0796875
0 0.2390625 0.6953125 0.071875 0.071875
0 0.1953125 0.71328125 0.0625 0.0609375
0 0.20078125 0.75625 0.0609375 0.059375
0 0.26328125 0.73828125 0.0796875 0.075
0 0.24453125 0.78515625 0.0625 0.0625
0 0.209375 0.8171875 0.065625 0.065625
0 0.25390625 0.83515625 0.06875 0.06875
0 0.290625 0.825 0.0765625 0.0765625
0 0.246875 0.878125 0.0671875 0.0640625
0 0.29453125 0.903125 0.0640625 0.0640625
0 0.290625 0.9421875 0.0453125 0.040625
0 0.35 0.9765625 0.065625 0.046875
0 0.16171875 0.8609375 0.05625 0.053125
0 0.10703125 0.8359375 0.0609375 0.05
0 0.0609375 0.80078125 0.065625 0.0625
0 0.0234375 0.78515625 0.046875 0.0453125
0 0.39140625 0.82734375 0.0546875 0.0578125
0 0.42890625 0.8578125 0.071875 0.071875
0 0.3875 0.88984375 0.0546875 0.0546875
0 0.42265625 0.90625 0.0671875 0.0609375
0 0.396875 0.94140625 0.059375 0.05625
0 0.4515625 0.9453125 0.0765625 0.0703125
0 0.4109375 0.9828125 0.059375 0.034375
0 0.446875 0.97578125 0.078125 0.0484375
0 0.38984375 0.55390625 0.05625 0.0625
0 0.4421875 0.64453125 0.0578125 0.05625
0 0.465625 0.68515625 0.0515625 0.0546875
0 0.4421875 0.69765625 0.05 0.0515625
0 0.503125 0.69296875 0.0546875 0.0546875
0 0.54453125 0.72734375 0.05625 0.053125
0 0.553125 0.6890625 0.06875 0.0625
0 0.621875 0.7484375 0.065625 0.0640625
0 0.64453125 0.84921875 0.06875 0.065625
0 0.5484375 0.76953125 0.06875 0.065625
0 0.5703125 0.8078125 0.0765625 0.075
0 0.62421875 0.91796875 0.075 0.075
0 0.62578125 0.96796875 0.0578125 0.05625
0 0.590625 0.95546875 0.075 0.0765625
0 0.58046875 0.89921875 0.0875 0.0890625
0 0.54609375 0.928125 0.05625 0.0578125
0 0.5234375 0.88359375 0.0828125 0.0796875
0 0.55703125 0.85703125 0.0640625 0.0671875
0 0.5203125 0.828125 0.071875 0.071875
0 0.47578125 0.8203125 0.0703125 0.065625
0 0.4921875 0.78828125 0.065625 0.0640625
0 0.4796875 0.7453125 0.071875 0.0734375
0 0.61171875 0.6203125 0.09375 0.090625
0 0.65390625 0.62421875 0.06875 0.0734375
0 0.65703125 0.53125 0.05625 0.05625
0 0.6421875 0.4421875 0.0859375 0.0828125
0 0.59296875 0.4515625 0.0640625 0.0671875
0 0.5546875 0.60703125 0.078125 0.0734375
0 0.5484375 0.56875 0.0734375 0.0640625
0 0.53671875 0.51484375 0.0625 0.06875
0 0.56953125 0.5234375 0.0578125 0.059375
0 0.509375 0.47890625 0.0546875 0.0546875
0 0.51171875 0.434375 0.0734375 0.075
0 0.49921875 0.3765625 0.08125 0.084375
0 0.496875 0.31640625 0.0828125 0.0828125
0 0.50390625 0.2640625 0.0921875 0.0890625
0 0.53359375 0.3296875 0.059375 0.0609375
0 0.56015625 0.35859375 0.0640625 0.05625
0 0.546875 0.4078125 0.065625 0.0625
0 0.59140625 0.2890625 0.06875 0.0671875
0 0.63671875 0.29140625 0.0609375 0.059375
0 0.63359375 0.25703125 0.0703125 0.071875
0 0.5875 0.2390625 0.06875 0.065625
0 0.55625 0.21796875 0.0671875 0.0671875
0 0.5765625 0.1703125 0.0765625 0.075
0 0.51171875 0.1296875 0.0609375 0.0625
0 0.553125 0.109375 0.0859375 0.0875
0 0.59140625 0.09296875 0.053125 0.053125
0 0.621875 0.11875 0.046875 0.0453125
0 0.6453125 0.075 0.0578125 0.05625
0 0.65859375 0.11328125 0.0625 0.0578125
0 0.68203125 0.16875 0.0640625 0.0625
0 0.7359375 0.20546875 0.065625 0.0640625
0 0.71328125 0.246875 0.05625 0.059375
0 0.72109375 0.3078125 0.071875 0.071875
0 0.75 0.3109375 0.0703125 0.078125
0 0.7703125 0.33984375 0.071875 0.0796875
0 0.7265625 0.3640625 0.0671875 0.06875
0 0.72890625 0.41328125 0.0734375 0.0671875
0 0.7609375 0.4609375 0.0875 0.078125
0 0.77890625 0.41875 0.078125 0.0734375
0 0.78203125 0.38046875 0.08125 0.078125
0 0.83984375 0.4328125 0.06875 0.065625
0 0.85234375 0.38125 0.0625 0.059375
0 0.81328125 0.3 0.0625 0.0625
0 0.68984375 0.5140625 0.059375 0.0640625
0 0.72734375 0.540625 0.05625 0.0609375
0 0.75703125 0.56875 0.0546875 0.05625
0 0.7875 0.5984375 0.065625 0.06875
0 0.7671875 0.67578125 0.0796875 0.08125
0 0.7109375 0.634375 0.0515625 0.05625
0 0.7515625 0.6078125 0.0578125 0.0625
0 0.7234375 0.65078125 0.0578125 0.0640625
0 0.8203125 0.6421875 0.0734375 0.071875
0 0.83359375 0.6046875 0.0765625 0.071875
0 0.83671875 0.56171875 0.0671875 0.065625
0 0.8734375 0.6046875 0.0671875 0.06875
0 0.8671875 0.5171875 0.0515625 0.05
0 0.88125 0.471875 0.05 0.053125
0 0.909375 0.47734375 0.0546875 0.0515625
0 0.9203125 0.45 0.059375 0.0546875
0 0.96640625 0.434375 0.046875 0.0453125
0 0.95546875 0.48046875 0.0421875 0.0453125
0 0.98203125 0.54375 0.0359375 0.040625
0 0.9359375 0.3328125 0.05625 0.0640625
0 0.8875 0.3359375 0.065625 0.065625
0 0.86875 0.29609375 0.04375 0.046875
0 0.83828125 0.26875 0.0515625 0.059375
0 0.84609375 0.21484375 0.0546875 0.0546875
0 0.90546875 0.28203125 0.053125 0.0515625
0 0.87890625 0.246875 0.059375 0.0578125
0 0.90546875 0.20625 0.0609375 0.05625
0 0.915625 0.24765625 0.0515625 0.053125
0 0.94375 0.25546875 0.0421875 0.05
0 0.7390625 0.146875 0.065625 0.0609375
0 0.7765625 0.13203125 0.071875 0.0671875
0 0.71640625 0.09375 0.08125 0.08125
0 0.77421875 0.0953125 0.0546875 0.0453125
0 0.76328125 0.08125 0.0734375 0.0484375
0 0.709375 0.05625 0.0703125 0.053125
0 0.67421875 0.03515625 0.053125 0.0421875
0 0.51796875 0.021875 0.0796875 0.04375
0 0.54765625 0.0109375 0.0578125 0.021875
0 0.4703125 0.01171875 0.053125 0.0234375
0 0.44765625 0.01484375 0.0609375 0.0296875
0 0.43046875 0.00859375 0.0421875 0.0171875
0 0.403125 0.00703125 0.0375 0.0140625
0 0.50546875 0.01015625 0.0546875 0.0203125
0 0.4578125 0.009375 0.05 0.01875
