0 0.2390625 0.00546875 0.021875 0.0109375
0 0.26796875 0.01015625 0.0546875 0.0203125
0 0.3109375 0.00859375 0.040625 0.0171875
0 0.35078125 0.01328125 0.0578125 0.0265625
0 0.39765625 0.0140625 0.0640625 0.028125
0 0.3953125 0.0078125 0.05 0.015625
0 0.44609375 0.015625 0.0703125 0.03125
0 0.53671875 0.0109375 0.0671875 0.021875
0 0.55703125 0.01875 0.0609375 0.0375
0 0.56640625 0.0484375 0.0375 0.034375
0 0.23125 0.121875 0.0734375 0.0625
0 0.19921875 0.178125 0.0671875 0.0625
0 0.11328125 0.1734375 0.0421875 0.0421875
0 0.2703125 0.22421875 0.0578125 0.0546875
0 0.33515625 0.21796875 0.0765625 0.0671875
0 0.43828125 0.25234375 0.05625 0.0515625
0 0.49296875 0.27890625 0.065625 0.0609375
0 0.5484375 0.24609375 0.0640625 0.0625
0 0.71484375 0.15 0.0546875 0.0515625
0 0.78515625 0.15625 0.046875 0.0453125
0 0.96015625 0.1625 0.0578125 0.0375
0 0.9140625 0.1734375 0.05 0.046875
0 0.87421875 0.184375 0.05 0.046875
0 0.66171875 0.16875 0.05625 0.053125
0 0.03515625 0.3265625 0.0234375 0.0390625
0 0.06015625 0.33671875 0.059375 0.0609375
0 0.07109375 0.4265625 0.0453125 0.0453125
0 0.109375 0.43359375 0.05625 0.059375
0 0.1390625 0.39921875 0.046875 0.0546875
0 0.16328125 0.428125 0.0546875 0.065625
0 0.11484375 0.5234375 0.0375 0.0375
0 0.0125 0.63984375 0.025 0.0578125
0 0.02109375 0.6625 0.0421875 0.084375
0 0.03125 0.671875 0.0625 0.071875
0 0.0828125 0.66328125 0.053125 0.0625
0 0.2375 0.57421875 0.059375 0.0546875
0 0.2375 0.6171875 0.046875 0.05
0 0.31328125 0.64375 0.05625 0.053125
0 0.3296875 0.5640625 0.0453125 0.046875
0 0.3875 0.56875 0.04375 0.040625
0 0.35390625 0.65390625 0.04375 0.040625
0 0.4015625 0.6609375 0.0484375 0.05
0 0.43125 0.6390625 0.0515625 0.0546875
0 0.47890625 0.64453125 0.0515625 0.0546875
0 0.53046875 0.61640625 0.0578125 0.0609375
0 0.54765625 0.57578125 0.0421875 0.04375
0 0.584375 0.5890625 0.0484375 0.05
0 0.62265625 0.60078125 0.0515625 0.0515625
0 0.7265625 0.55703125 0.05625 0.053125
0 0.80546875 0.49453125 0.05 0.0484375
0 0.8140625 0.53203125 0.0453125 0.0453125
0 0.8921875 0.5171875 0.059375 0.053125
0 0.89921875 0.47421875 0.0515625 0.0484375
0 0.675 0.6859375 0.0421875 0.0421875
0 0.7203125 0.70234375 0.046875 0.0453125
0 0.78046875 0.72578125 0.05625 0.059375
0 0.81796875 0.75234375 0.0421875 0.0390625
0 0.8921875 0.7546875 0.0453125 0.0453125
0 0.81953125 0.98828125 0.0359375 0.0234375
0 0.75625 0.97890625 0.071875 0.0421875
0 0.71484375 0.96484375 0.0578125 0.059375
0 0.6203125 0.971875 0.059375 0.05625
0 0.5640625 0.9640625 0.0765625 0.065625
0 0.5625 0.92421875 0.0640625 0.05625
0 0.45625 0.9546875 0.0625 0.0578125
0 0.46796875 0.97890625 0.0640625 0.0421875
0 0.34609375 0.9703125 0.0453125 0.0296875
