0 0.3109375 0.00859375 0.03125 0.0171875
0 0.3453125 0.01328125 0.05625 0.0265625
0 0.37734375 0.00859375 0.0328125 0.0171875
0 0.396875 0.0078125 0.03125 0.015625
0 0.4046875 0.0125 0.05 0.025
0 0.4421875 0.0140625 0.059375 0.028125
0 0.45 0.009375 0.04375 0.01875
0 0.4765625 0.01015625 0.04375 0.0203125
0 0.515625 0.01015625 0.040625 0.0203125
0 0.55 0.0109375 0.040625 0.021875
0 0.5765625 0.0109375 0.040625 0.021875
0 0.55859375 0.03671875 0.046875 0.0421875
0 0.6 0.0625 0.059375 0.0640625
0 0.58359375 0.10546875 0.05 0.0546875
0 0.56328125 0.08203125 0.059375 0.0609375
0 0.4828125 0.02578125 0.06875 0.0515625
0 0.17578125 0.08984375 0.04375 0.046875
0 0.15703125 0.11875 0.0328125 0.0328125
0 0.24375 0.146875 0.071875 0.071875
0 0.26640625 0.08359375 0.0515625 0.0484375
0 0.31796875 0.10546875 0.0484375 0.0453125
0 0.2921875 0.17890625 0.046875 0.046875
0 0.35078125 0.1828125 0.0671875 0.0609375
0 0.32734375 0.22109375 0.0578125 0.053125
0 0.44140625 0.22265625 0.046875 0.040625
0 0.42890625 0.25703125 0.05 0.046875
0 0.48203125 0.25234375 0.0640625 0.059375
0 0.5265625 0.22890625 0.0703125 0.0703125
0 0.5109375 0.18984375 0.0484375 0.0453125
0 0.63203125 0.17734375 0.059375 0.05625
0 0.6828125 0.1453125 0.046875 0.04375
0 0.67890625 0.17421875 0.0515625 0.05
0 0.74453125 0.1828125 0.0578125 0.053125
0 0.7859375 0.1703125 0.065625 0.0609375
0 0.81328125 0.15546875 0.053125 0.05
0 0.83515625 0.134375 0.0375 0.034375
0 0.9015625 0.1765625 0.05625 0.053125
0 0.93984375 0.2015625 0.0453125 0.0453125
0 0.81328125 0.21328125 0.04375 0.040625
0 0.85234375 0.20859375 0.0484375 0.040625
0 0.9796875 0.24921875 0.040625 0.0515625
0 0.9953125 0.2828125 0.009375 0.04375
0 0.0796875 0.24296875 0.0296875 0.0375
0 0.10234375 0.2625 0.0484375 0.05
0 0.0421875 0.3359375 0.0546875 0.0515625
0 0.1421875 0.296875 0.04375 0.0453125
0 0.16796875 0.3265625 0.034375 0.0359375
0 0.178125 0.365625 0.05 0.0484375
0 0.109375 0.409375 0.046875 0.04375
0 0.13515625 0.43046875 0.04375 0.046875
0 0.01328125 0.490625 0.0265625 0.0625
0 0.01328125 0.52421875 0.0265625 0.0578125
0 0.01796875 0.50390625 0.0359375 0.0546875
0 0.071875 0.50859375 0.059375 0.0609375
0 0.08515625 0.5515625 0.059375 0.0609375
0 0.21875 0.51953125 0.0546875 0.0546875
0 0.22734375 0.49609375 0.0578125 0.0578125
0 0.2734375 0.50546875 0.0515625 0.0421875
0 0.24921875 0.5390625 0.059375 0.05625
0 0.28984375 0.55390625 0.0421875 0.0421875
0 0.33125 0.56484375 0.05625 0.0546875
0 0.31328125 0.484375 0.0453125 0.04375
0 0.35859375 0.49609375 0.0640625 0.0640625
0 0.3875 0.56328125 0.059375 0.0578125
0 0.35625 0.56484375 0.059375 0.059375
0 0.42265625 0.56484375 0.0625 0.0578125
0 0.47421875 0.54453125 0.0515625 0.0546875
0 0.49140625 0.5203125 0.0625 0.0578125
0 0.5328125 0.52421875 0.05625 0.05625
0 0.565625 0.53671875 0.05625 0.059375
0 0.3375 0.59921875 0.04375 0.0390625
0 0.65390625 0.5140625 0.05 0.0515625
0 0.684375 0.53046875 0.0484375 0.05
0 0.725 0.50625 0.0453125 0.0484375
0 0.721875 0.4765625 0.05 0.046875
0 0.79140625 0.49375 0.04375 0.0421875
0 0.81015625 0.4609375 0.0453125 0.04375
0 0.81875 0.5078125 0.05625 0.0546875
0 0.87421875 0.5359375 0.0640625 0.0578125
0 0.9078125 0.484375 0.05 0.046875
0 0.928125 0.52421875 0.0546875 0.05625
0 0.9734375 0.54609375 0.0375 0.0375
0 0.98046875 0.571875 0.0390625 0.05
0 0.57265625 0.6078125 0.053125 0.0515625
0 0.596875 0.61796875 0.046875 0.05
0 0.6296875 0.640625 0.0625 0.0609375
0 0.67578125 0.65546875 0.0515625 0.05
0 0.70546875 0.6921875 0.046875 0.046875
0 0.76484375 0.71015625 0.053125 0.0578125
0 0.74296875 0.678125 0.0578125 0.0578125
0 0.80703125 0.75 0.0765625 0.0765625
0 0.825 0.778125 0.040625 0.040625
0 0.865625 0.77734375 0.05 0.0546875
0 0.78671875 0.91484375 0.0625 0.0671875
0 0.81953125 0.8546875 0.0484375 0.0453125
0 0.7359375 0.9328125 0.0625 0.0640625
0 0.69296875 0.9140625 0.0734375 0.071875
0 0.63046875 0.89765625 0.0671875 0.0671875
0 0.60625 0.86796875 0.0484375 0.0484375
0 0.51484375 0.85859375 0.0671875 0.0640625
0 0.525 0.8953125 0.0578125 0.05
0 0.47734375 0.80078125 0.0578125 0.0515625
0 0.46328125 0.84296875 0.071875 0.071875
0 0.38125 0.784375 0.05625 0.05
0 0.3921875 0.86171875 0.0765625 0.06875
0 0.37578125 0.828125 0.05625 0.0484375
0 0.3078125 0.8625 0.0625 0.0625
0 0.2828125 0.81484375 0.0484375 0.04375
0 0.1484375 0.8046875 0.05625 0.046875
0 0.0546875 0.7703125 0.071875 0.059375
0 0.121875 0.85 0.05 0.0375
0 0.10625 0.81953125 0.053125 0.0515625
0 0.19296875 0.878125 0.05625 0.0546875
0 0.17578125 0.859375 0.0484375 0.05
0 0.2921875 0.94375 0.0578125 0.046875
0 0.33984375 0.94609375 0.05 0.046875
0 0.37421875 0.98515625 0.0515625 0.0296875
0 0.42109375 0.98515625 0.0484375 0.0296875
0 0.0125 0.66640625 0.025 0.0484375
0 0.0109375 0.69140625 0.021875 0.0296875
