0 0.01328125 0.30625 0.0265625 0.059375
0 0.009375 0.275 0.01875 0.028125
0 0.009375 0.29765625 0.01875 0.0265625
0 0.0125 0.31328125 0.025 0.0421875
0 0.01484375 0.3390625 0.0296875 0.05625
0 0.0109375 0.38046875 0.021875 0.0421875
0 0.00859375 0.375 0.0171875 0.04375
0 0.01484375 0.45078125 0.0296875 0.0609375
0 0.0578125 0.4421875 0.0875 0.084375
0 0.02890625 0.37109375 0.046875 0.0421875
0 0.07421875 0.375 0.05625 0.05
0 0.10703125 0.4203125 0.0484375 0.0484375
0 0.0734375 0.5015625 0.0625 0.0609375
0 0.11484375 0.50703125 0.0703125 0.0765625
0 0.1625 0.484375 0.065625 0.0703125
0 0.1765625 0.43828125 0.0734375 0.06875
0 0.0796875 0.578125 0.075 0.0765625
0 0.0359375 0.640625 0.06875 0.0640625
0 0.07578125 0.67421875 0.0859375 0.078125
0 0.0671875 0.71953125 0.053125 0.0609375
0 0.128125 0.73203125 0.06875 0.0703125
0 0.17265625 0.7328125 0.05625 0.053125
0 0.13046875 0.68203125 0.078125 0.0734375
0 0.18046875 0.68125 0.0765625 0.0703125
0 0.21796875 0.71640625 0.0703125 0.065625
0 0.1640625 0.60859375 0.071875 0.078125
0 0.19453125 0.55703125 0.0796875 0.0796875
0 0.21875 0.596875 0.0703125 0.06875
0 0.31484375 0.62734375 0.065625 0.065625
0 0.3046875 0.55546875 0.0625 0.0609375
0 0.265625 0.51640625 0.065625 0.065625
0 0.36328125 0.55078125 0.0625 0.0609375
0 0.37421875 0.60390625 0.0609375 0.059375
0 0.4421875 0.590625 0.06875 0.06875
0 0.48125 0.59453125 0.0703125 0.071875
0 0.39296875 0.6359375 0.078125 0.075
0 0.4484375 0.63203125 0.059375 0.0578125
0 0.43515625 0.50859375 0.0578125 0.059375
0 0.471875 0.53671875 0.0625 0.0671875
0 0.53515625 0.565625 0.065625 0.065625
0 0.3453125 0.70546875 0.0953125 0.090625
0 0.40859375 0.7328125 0.084375 0.08125
0 0.40703125 0.6828125 0.0734375 0.0796875
0 0.45859375 0.7140625 0.0703125 0.0765625
0 0.4765625 0.6859375 0.06875 0.0734375
0 0.5296875 0.7171875 0.0734375 0.078125
0 0.3109375 0.803125 0.06875 0.0625
0 0.26953125 0.7953125 0.0640625 0.06875
0 0.365625 0.8046875 0.05625 0.0546875
0 0.3859375 0.79296875 0.06875 0.06875
0 0.41796875 0.84765625 0.0625 0.0671875
0 0.3078125 0.8390625 0.06875 0.0671875
0 0.359375 0.84375 0.0703125 0.0734375
0 0.43984375 0.78203125 0.0859375 0.0859375
0 0.4953125 0.7703125 0.0765625 0.0796875
0 0.48671875 0.84921875 0.0734375 0.075
0 0.19921875 0.82265625 0.0625 0.0609375
0 0.1109375 0.80390625 0.04375 0.0546875
0 0.16328125 0.87578125 0.05625 0.05625
0 0.14609375 0.87890625 0.03125 0.046875
0 0.19375 0.903125 0.0453125 0.0453125
0 0.22890625 0.984375 0.0515625 0.03125
0 0.28671875 0.94296875 0.05 0.0453125
0 0.309375 0.96796875 0.0421875 0.0421875
0 0.365625 0.97890625 0.05625 0.0421875
0 0.42421875 0.91171875 0.0640625 0.0640625
0 0.45078125 0.94921875 0.0671875 0.0609375
0 0.49609375 0.96328125 0.065625 0.059375
0 0.43828125 0.99140625 0.0671875 0.0171875
0 0.5015625 0.9921875 0.059375 0.015625
0 0.38515625 0.9671875 0.053125 0.0515625
0 0.35390625 0.96328125 0.053125 0.05
0 0.57890625 0.978125 0.0484375 0.04375
0 0.5734375 0.94609375 0.0515625 0.053125
0 0.60078125 0.92578125 0.0609375 0.0625
0 0.60390625 0.95859375 0.040625 0.040625
0 0.62109375 0.98203125 0.0421875 0.0359375
0 0.65625 0.95859375 0.0609375 0.05625
0 0.590625 0.8484375 0.0640625 0.0609375
0 0.64453125 0.8453125 0.0609375 0.0625
0 0.6734375 0.8 0.053125 0.0515625
0 0.70703125 0.75859375 0.05625 0.0546875
0 0.74921875 0.740625 0.0515625 0.0515625
0 0.7171875 0.80390625 0.059375 0.0546875
0 0.66171875 0.74453125 0.053125 0.053125
0 0.68125 0.73359375 0.0671875 0.0625
0 0.7078125 0.71484375 0.046875 0.053125
0 0.69765625 0.678125 0.05625 0.0546875
0 0.6234375 0.7078125 0.0671875 0.0609375
0 0.60390625 0.66015625 0.0578125 0.059375
0 0.65625 0.6625 0.0734375 0.071875
0 0.59296875 0.5203125 0.0484375 0.05
0 0.36328125 0.44765625 0.0453125 0.046875
0 0.42578125 0.45703125 0.0546875 0.05625
