0 0.01328125 0.16171875 0.0265625 0.0453125
0 0.0125 0.1515625 0.025 0.028125
0 0.01484375 0.16484375 0.0296875 0.0328125
0 0.0109375 0.17265625 0.021875 0.0328125
0 0.01328125 0.18671875 0.0265625 0.0484375
0 0.00703125 0.20859375 0.0140625 0.0421875
0 0.01328125 0.23046875 0.0265625 0.0578125
0 0.015625 0.2109375 0.03125 0.05625
0 0.0140625 0.32421875 0.028125 0.0578125
0 0.0078125 0.303125 0.015625 0.0375
0 0.00703125 0.3375 0.0140625 0.040625
0 0.0140625 0.3765625 0.028125 0.059375
0 0.03359375 0.34140625 0.0546875 0.059375
0 0.04296875 0.37265625 0.0546875 0.053125
0 0.07109375 0.3328125 0.078125 0.0765625
0 0.05625 0.2546875 0.05 0.0515625
0 0.1375 0.32890625 0.0671875 0.065625
0 0.0921875 0.26796875 0.053125 0.05
0 0.18984375 0.36875 0.0734375 0.084375
0 0.17734375 0.40703125 0.0640625 0.06875
0 0.12109375 0.41796875 0.0703125 0.075
0 0.0796875 0.396875 0.0703125 0.0703125
0 0.12890625 0.36796875 0.0953125 0.096875
0 0.05390625 0.49453125 0.0703125 0.0765625
0 0.10703125 0.49609375 0.05625 0.0609375
0 0.13515625 0.5390625 0.059375 0.0640625
0 0.01796875 0.53984375 0.0359375 0.0734375
0 0.034375 0.59296875 0.065625 0.0609375
0 0.03359375 0.63359375 0.0484375 0.0734375
0 0.06171875 0.671875 0.0703125 0.071875
0 0.084375 0.615625 0.059375 0.0671875
0 0.14140625 0.6265625 0.071875 0.06875
0 0.11484375 0.690625 0.059375 0.0703125
0 0.18828125 0.6671875 0.0703125 0.065625
0 0.178125 0.48515625 0.0765625 0.071875
0 0.1875 0.53828125 0.0546875 0.0625
0 0.275 0.46953125 0.08125 0.0703125
0 0.29609375 0.51875 0.0671875 0.065625
0 0.2875 0.603125 0.053125 0.06875
0 0.36796875 0.59296875 0.05625 0.0546875
0 0.36953125 0.53046875 0.065625 0.0734375
0 0.44609375 0.59140625 0.0640625 0.0609375
0 0.48203125 0.6109375 0.065625 0.059375
0 0.3796875 0.63515625 0.0859375 0.071875
0 0.434375 0.6390625 0.065625 0.059375
0 0.34296875 0.45 0.071875 0.075
0 0.378125 0.4171875 0.0484375 0.053125
0 0.45625 0.45 0.071875 0.078125
0 0.45234375 0.515625 0.0640625 0.0625
0 0.54609375 0.5875 0.0640625 0.05625
0 0.57421875 0.621875 0.0578125 0.053125
0 0.60390625 0.54609375 0.053125 0.0546875
0 0.37734375 0.68203125 0.06875 0.071875
0 0.31328125 0.68125 0.1046875 0.090625
0 0.36875 0.728125 0.0796875 0.071875
0 0.46328125 0.69453125 0.0984375 0.08125
0 0.5015625 0.74609375 0.0765625 0.0921875
0 0.4296875 0.725 0.08125 0.0828125
0 0.45546875 0.8 0.0796875 0.0890625
0 0.39609375 0.8 0.075 0.0875
0 0.19765625 0.7640625 0.06875 0.06875
0 0.23984375 0.7890625 0.06875 0.0703125
0 0.2890625 0.8453125 0.0640625 0.075
0 0.3125 0.79765625 0.075 0.065625
0 0.35546875 0.86015625 0.0859375 0.0828125
0 0.428125 0.87890625 0.1 0.0875
0 0.128125 0.77734375 0.0828125 0.0859375
0 0.0890625 0.82109375 0.040625 0.0609375
0 0.05703125 0.72578125 0.034375 0.059375
0 0.07890625 0.81171875 0.0328125 0.06875
0 0.11171875 0.85703125 0.0625 0.0671875
0 0.13046875 0.9609375 0.0359375 0.0484375
0 0.17890625 0.9203125 0.0453125 0.0453125
0 0.20625 0.9421875 0.059375 0.0515625
0 0.225 0.9671875 0.053125 0.0546875
0 0.2640625 0.9796875 0.059375 0.040625
0 0.3328125 0.92890625 0.065625 0.0671875
0 0.36640625 0.96484375 0.0703125 0.0703125
0 0.41015625 0.9796875 0.0671875 0.040625
0 0.4875 0.9890625 0.04375 0.021875
0 0.525 0.97578125 0.065625 0.0484375
0 0.5359375 0.90078125 0.05625 0.046875
0 0.58984375 0.9078125 0.0546875 0.059375
0 0.62890625 0.8640625 0.0703125 0.071875
0 0.609375 0.821875 0.0671875 0.0640625
0 0.60859375 0.7546875 0.0671875 0.0640625
0 0.59375 0.70078125 0.0640625 0.06875
0 0.63828125 0.7125 0.0546875 0.0625
0 0.68671875 0.78046875 0.0609375 0.06875
0 0.6484375 0.79453125 0.06875 0.0609375
0 0.6765625 0.8375 0.065625 0.0609375
0 0.71953125 0.825 0.0703125 0.071875
0 0.67109375 0.8765625 0.0734375 0.0625
0 0.69453125 0.93515625 0.065625 0.0671875
