0 0.103125 0.046875 0.04296875 0.05078125
0 0.11015625 0.01484375 0.0453125 0.0296875
0 0.071875 0.015625 0.05078125 0.03125
0 0.0453125 0.0328125 0.05859375 0.0390625
0 0.05859375 0.0671875 0.04296875 0.0328125
0 0.0203125 0.084375 0.0328125 0.03515625
0 0.05 0.1078125 0.053125 0.04296875
0 0.096875 0.10078125 0.0484375 0.0375
0 0.0859375 0.2046875 0.0390625 0.04296875
0 0.03515625 0.17265625 0.04296875 0.0296875
0 0.04375 0.20625 0.025 0.0328125
0 0.0890625 0.25390625 0.040625 0.04296875
0 0.1296875 0.23359375 0.0375 0.0453125
0 0.12890625 0.2625 0.0390625 0.0375
0 0.16328125 0.2359375 0.05625 0.0546875
0 0.171875 0.16484375 0.03515625 0.0375
0 0.221875 0.25 0.0484375 0.046875
0 0.19921875 0.1859375 0.0390625 0.03515625
0 0.25703125 0.29765625 0.0484375 0.0640625
0 0.23515625 0.328125 0.0453125 0.05078125
0 0.184375 0.321875 0.0484375 0.0546875
0 0.1546875 0.29296875 0.05078125 0.05078125
0 0.20390625 0.28125 0.06875 0.0703125
0 0.10625 0.3703125 0.0484375 0.05625
0 0.15234375 0.3859375 0.0390625 0.0453125
0 0.16484375 0.4296875 0.040625 0.046875
0 0.0359375 0.3984375 0.06875 0.05859375
0 0.05625 0.44921875 0.0625 0.04296875
0 0.0328125 0.48515625 0.0546875 0.0609375
0 0.06640625 0.52421875 0.05078125 0.053125
0 0.10078125 0.4828125 0.040625 0.05078125
0 0.14765625 0.50703125 0.053125 0.0484375
0 0.1078125 0.5546875 0.0390625 0.0546875
0 0.1765625 0.55390625 0.053125 0.0453125
0 0.215625 0.39453125 0.05625 0.05078125
0 0.21015625 0.44375 0.0375 0.046875
0 0.303125 0.40625 0.0625 0.046875
0 0.3078125 0.4546875 0.0484375 0.046875
0 0.278125 0.525 0.0328125 0.0546875
0 0.35078125 0.5375 0.040625 0.0390625
0 0.36796875 0.484375 0.0453125 0.0546875
0 0.41796875 0.55625 0.046875 0.04296875
0 0.44453125 0.5828125 0.0484375 0.040625
0 0.35 0.5765625 0.06640625 0.046875
0 0.3953125 0.59453125 0.0484375 0.040625
0 0.3671875 0.4078125 0.05078125 0.0546875
0 0.40546875 0.3890625 0.0328125 0.0390625
0 0.4640625 0.4375 0.0484375 0.05859375
0 0.44375 0.49296875 0.046875 0.0453125
0 0.5046875 0.57890625 0.0484375 0.0375
0 0.51953125 0.61640625 0.04296875 0.0375
0 0.565625 0.55859375 0.0375 0.0390625
0 0.33515625 0.61640625 0.0484375 0.053125
0 0.28046875 0.5984375 0.0796875 0.0609375
0 0.315625 0.653125 0.0609375 0.0484375
0 0.40546875 0.64921875 0.0765625 0.053125
0 0.425 0.70390625 0.0484375 0.071875
0 0.36875 0.6671875 0.05859375 0.0609375
0 0.37109375 0.73828125 0.0546875 0.06640625
0 0.3203125 0.72265625 0.05078125 0.06640625
0 0.159375 0.63984375 0.0484375 0.0484375
0 0.18828125 0.671875 0.0484375 0.05078125
0 0.2171875 0.73359375 0.04296875 0.05625
0 0.24921875 0.6984375 0.05625 0.0453125
0 0.26953125 0.7640625 0.0625 0.05859375
0 0.32734375 0.7984375 0.0765625 0.05859375
0 0.0953125 0.6328125 0.05859375 0.0625
0 0.03828125 0.66015625 0.0484375 0.05078125
0 0.021875 0.5703125 0.03515625 0.05078125
0 0.0125 0.65 0.025 0.0625
0 0.05546875 0.696875 0.053125 0.05078125
0 0.0234375 0.790625 0.04296875 0.0390625
0 0.01171875 0.8765625 0.01953125 0.0390625
0 0.03515625 0.90234375 0.03515625 0.03515625
0 0.06953125 0.903125 0.0328125 0.0296875
0 0.0796875 0.92890625 0.04296875 0.0375
0 0.07109375 0.9640625 0.053125 0.0453125
0 0.0234375 0.9296875 0.03125 0.0390625
0 0.03828125 0.9859375 0.040625 0.0234375
0 0.10234375 0.76875 0.0328125 0.0328125
0 0.1203125 0.7953125 0.0453125 0.03515625
0 0.1296875 0.82109375 0.0375 0.040625
0 0.15703125 0.8546875 0.040625 0.0484375
0 0.2328125 0.8171875 0.046875 0.0484375
0 0.25078125 0.859375 0.0484375 0.0546875
0 0.28203125 0.8921875 0.0484375 0.046875
0 0.2015625 0.9140625 0.0546875 0.046875
0 0.246875 0.94375 0.05625 0.03515625
0 0.24609375 0.97265625 0.0546875 0.03125
0 0.2953125 0.9828125 0.04296875 0.03125
0 0.3453125 0.91875 0.03125 0.0328125
0 0.38359375 0.9125 0.0484375 0.0390625
0 0.37421875 0.94921875 0.0328125 0.03515625
0 0.3359375 0.9578125 0.0390625 0.0328125
0 0.3734375 0.98125 0.04296875 0.0296875
0 0.41328125 0.9640625 0.0484375 0.040625
0 0.4140625 0.8453125 0.04296875 0.03125
0 0.4578125 0.86640625 0.0375 0.0453125
0 0.50390625 0.8390625 0.05078125 0.053125
0 0.496875 0.79765625 0.0484375 0.0453125
0 0.51484375 0.7390625 0.0484375 0.0453125
0 0.51640625 0.6890625 0.0453125 0.05078125
0 0.5515625 0.7109375 0.0375 0.046875
0 0.575 0.78203125 0.040625 0.053125
0 0.53828125 0.784375 0.053125 0.040625
0 0.5515625 0.828125 0.0484375 0.04296875
0 0.5921875 0.82890625 0.05078125 0.053125
0 0.5359375 0.86015625 0.05625 0.040625
0 0.540625 0.91875 0.046875 0.053125
0 0.546875 0.978125 0.0546875 0.0390625
0 0.646875 0.9828125 0.04296875 0.03125
0 0.609375 0.9640625 0.05078125 0.0484375
