0 0.01328125 0.078125 0.0265625 0.01875
0 0.0109375 0.08515625 0.021875 0.0140625
0 0.0140625 0.09375 0.028125 0.046875
0 0.00859375 0.08671875 0.0171875 0.0171875
0 0.00625 0.1109375 0.0125 0.04375
0 0.0109375 0.1265625 0.021875 0.0375
0 0.0109375 0.1515625 0.021875 0.04375
0 0.00625 0.171875 0.0125 0.03125
0 0.003125 0.1515625 0.00625 0.04375
0 0.00546875 0.23203125 0.0109375 0.0359375
0 0.00546875 0.271875 0.0109375 0.0375
0 0.01484375 0.2625 0.0296875 0.05
0 0.0078125 0.309375 0.015625 0.04375
0 0.01484375 0.309375 0.0296875 0.04375
0 0.0484375 0.28046875 0.0390625 0.0359375
0 0.05390625 0.3078125 0.04375 0.046875
0 0.090625 0.28125 0.040625 0.046875
0 0.0859375 0.20625 0.034375 0.0375
0 0.11640625 0.2203125 0.0328125 0.0359375
0 0.1484375 0.27734375 0.0546875 0.05
0 0.165625 0.2546875 0.04375 0.05
0 0.209375 0.2890625 0.0359375 0.0359375
0 0.23046875 0.309375 0.0421875 0.0375
0 0.19609375 0.32265625 0.05 0.0453125
0 0.228125 0.34375 0.04375 0.04375
0 0.175 0.37265625 0.046875 0.046875
0 0.12265625 0.38046875 0.05625 0.0625
0 0.08359375 0.34375 0.0453125 0.0515625
0 0.04375 0.34453125 0.05 0.0546875
0 0.05 0.43046875 0.053125 0.05625
0 0.096875 0.44296875 0.0453125 0.0453125
0 0.13125 0.4953125 0.0578125 0.065625
0 0.009375 0.46484375 0.01875 0.0546875
0 0.02734375 0.5046875 0.0546875 0.05625
0 0.0203125 0.53046875 0.040625 0.0609375
0 0.0171875 0.57109375 0.028125 0.0421875
0 0.00859375 0.53828125 0.0171875 0.0390625
0 0.0046875 0.49375 0.009375 0.046875
0 0.05859375 0.546875 0.0515625 0.059375
0 0.11484375 0.5703125 0.071875 0.0609375
0 0.15 0.6125 0.06875 0.05
0 0.08984375 0.615625 0.05625 0.053125
0 0.0390625 0.59296875 0.065625 0.053125
0 0.06328125 0.63046875 0.04375 0.040625
0 0.02578125 0.64921875 0.021875 0.0375
0 0.05078125 0.71796875 0.0421875 0.0546875
0 0.07578125 0.7078125 0.046875 0.059375
0 0.03515625 0.7375 0.0171875 0.0578125
0 0.0421875 0.74140625 0.028125 0.053125
0 0.0609375 0.7828125 0.05 0.0546875
0 0.065625 0.87890625 0.0296875 0.0546875
0 0.07421875 0.96484375 0.0203125 0.0453125
0 0.0796875 0.9875 0.021875 0.025
0 0.09765625 0.9875 0.0546875 0.025
0 0.1125 0.85859375 0.053125 0.0453125
0 0.1359375 0.89453125 0.05 0.0375
0 0.165625 0.93046875 0.05 0.05
0 0.15390625 0.84375 0.0421875 0.05625
0 0.18125 0.890625 0.059375 0.05
0 0.20546875 0.9140625 0.0578125 0.053125
0 0.2546875 0.871875 0.0609375 0.05625
0 0.271875 0.92109375 0.0578125 0.0515625
0 0.31875 0.94609375 0.0515625 0.0515625
0 0.290625 0.97421875 0.053125 0.0515625
0 0.2453125 0.975 0.06875 0.05
0 0.1484375 0.703125 0.0671875 0.078125
0 0.190625 0.7359375 0.0515625 0.0484375
0 0.21328125 0.71796875 0.0671875 0.075
0 0.25859375 0.74921875 0.071875 0.0609375
0 0.228125 0.78671875 0.0578125 0.0578125
0 0.1828125 0.759375 0.0578125 0.0546875
0 0.27109375 0.63984375 0.0703125 0.053125
0 0.3125 0.690625 0.06875 0.065625
0 0.371875 0.69921875 0.0609375 0.0609375
0 0.33125 0.76328125 0.059375 0.0671875
0 0.39296875 0.7734375 0.075 0.084375
0 0.34296875 0.8421875 0.08125 0.06875
0 0.353125 0.809375 0.059375 0.059375
0 0.4546875 0.878125 0.0625 0.0640625
0 0.50234375 0.89375 0.0546875 0.0578125
0 0.43671875 0.95546875 0.071875 0.059375
0 0.3953125 0.95546875 0.053125 0.0484375
0 0.39765625 0.9859375 0.0421875 0.028125
0 0.47890625 0.9875 0.0453125 0.025
0 0.428125 0.73125 0.0578125 0.0703125
0 0.2609375 0.434375 0.0515625 0.0546875
0 0.17109375 0.4484375 0.0484375 0.0375
0 0.18125 0.49296875 0.0453125 0.05
0 0.2171875 0.49296875 0.053125 0.05625
0 0.26328125 0.5625 0.0390625 0.0578125
0 0.22734375 0.57265625 0.053125 0.0609375
0 0.28515625 0.54296875 0.05 0.0515625
0 0.33359375 0.5640625 0.0703125 0.0625
0 0.3453125 0.5140625 0.0671875 0.0625
0 0.32578125 0.61015625 0.065625 0.0625
0 0.39140625 0.61796875 0.0578125 0.053125
0 0.42421875 0.58125 0.084375 0.08125
0 0.53046875 0.69609375 0.0671875 0.05625
0 0.5375 0.75234375 0.059375 0.05
0 0.575 0.721875 0.0578125 0.0578125
0 0.6125 0.7875 0.0515625 0.0453125
0 0.61328125 0.75390625 0.059375 0.0640625
0 0.54453125 0.8640625 0.059375 0.0640625
0 0.525 0.8171875 0.075 0.071875
0 0.64609375 0.83203125 0.0515625 0.05625
0 0.59765625 0.83046875 0.05 0.0546875
0 0.57578125 0.796875 0.0734375 0.071875
0 0.58984375 0.88203125 0.05625 0.046875
0 0.603125 0.9390625 0.053125 0.0609375
0 0.61484375 0.9796875 0.0453125 0.0234375
0 0.68125 0.96328125 0.046875 0.034375
0 0.71640625 0.93046875 0.0546875 0.05625
0 0.721875 0.96640625 0.053125 0.0171875
0 0.50546875 0.578125 0.0453125 0.05
0 0.49140625 0.62578125 0.0484375 0.0390625
0 0.54140625 0.62421875 0.053125 0.04375
0 0.33515625 0.42890625 0.06875 0.08125
0 0.37734375 0.39765625 0.0578125 0.0609375
0 0.44609375 0.4421875 0.090625 0.0765625
0 0.428125 0.5046875 0.0640625 0.0421875
0 0.5671875 0.559375 0.05 0.05
