0 0.3328125 0.0515625 0.053125 0.046875
0 0.3421875 0.0921875 0.0421875 0.05
0 0.37109375 0.08203125 0.0390625 0.040625
0 0.3796875 0.02265625 0.040625 0.0375
0 0.3703125 0.009375 0.0375 0.01875
0 0.40546875 0.034375 0.0390625 0.040625
0 0.42890625 0.05390625 0.034375 0.0390625
0 0.41953125 0.09296875 0.05625 0.0546875
0 0.45078125 0.10078125 0.0421875 0.04375
0 0.41640625 0.0125 0.0546875 0.025
0 0.4546875 0.01171875 0.053125 0.0234375
0 0.22578125 0.121875 0.0484375 0.0578125
0 0.24921875 0.14296875 0.0515625 0.0578125
0 0.17265625 0.17265625 0.04375 0.0453125
0 0.2046875 0.18828125 0.05 0.0515625
0 0.16328125 0.221875 0.04375 0.05
0 0.12890625 0.26171875 0.0578125 0.0578125
0 0.0921875 0.2875 0.0546875 0.0515625
0 0.11875 0.30625 0.0546875 0.0546875
0 0.1140625 0.33984375 0.0703125 0.06875
0 0.18125 0.26328125 0.0703125 0.0703125
0 0.21640625 0.30078125 0.053125 0.059375
0 0.24921875 0.29921875 0.059375 0.0640625
0 0.27421875 0.33671875 0.0578125 0.0515625
0 0.36875 0.28984375 0.0734375 0.0671875
0 0.42109375 0.2890625 0.0625 0.0578125
0 0.4765625 0.2890625 0.053125 0.04375
0 0.50703125 0.26953125 0.0421875 0.0375
0 0.534375 0.26015625 0.046875 0.0421875
0 0.5109375 0.30703125 0.046875 0.046875
0 0.48046875 0.315625 0.0421875 0.0375
0 0.45390625 0.321875 0.059375 0.053125
0 0.45 0.36796875 0.0609375 0.0609375
0 0.41796875 0.37421875 0.0515625 0.0515625
0 0.41015625 0.4359375 0.053125 0.05625
0 0.36328125 0.43828125 0.0546875 0.0609375
0 0.38984375 0.46484375 0.0484375 0.046875
0 0.334375 0.49453125 0.0609375 0.0515625
0 0.378125 0.515625 0.05625 0.05
0 0.346875 0.54140625 0.0484375 0.0515625
0 0.2734375 0.528125 0.06875 0.0671875
0 0.3046875 0.5625 0.0578125 0.0515625
0 0.2125 0.5640625 0.0609375 0.0625
0 0.23984375 0.58203125 0.046875 0.0421875
0 0.1140625 0.5328125 0.05625 0.0546875
0 0.15703125 0.58125 0.0625 0.05625
0 0.17578125 0.621875 0.0546875 0.05625
0 0.2078125 0.659375 0.0578125 0.0609375
0 0.18125 0.7078125 0.06875 0.059375
0 0.11875 0.728125 0.0546875 0.0546875
0 0.0703125 0.77578125 0.05625 0.0546875
0 0.06484375 0.81796875 0.0640625 0.0640625
0 0.103125 0.7953125 0.065625 0.06875
0 0.171875 0.80859375 0.04375 0.0453125
0 0.1609375 0.775 0.0421875 0.040625
0 0.20078125 0.76484375 0.0546875 0.0484375
0 0.21328125 0.81328125 0.0515625 0.046875
0 0.23671875 0.79453125 0.04375 0.0390625
0 0.27890625 0.7921875 0.0625 0.05
0 0.2953125 0.75 0.053125 0.05
0 0.3296875 0.74375 0.053125 0.046875
0 0.0234375 0.54921875 0.046875 0.0578125
0 0.028125 0.59375 0.05625 0.059375
0 0.0140625 0.60234375 0.028125 0.0546875
0 0.0140625 0.6015625 0.028125 0.059375
0 0.01484375 0.5609375 0.0296875 0.06875
0 0.0078125 0.52890625 0.015625 0.0359375
0 0.04375 0.36484375 0.046875 0.0515625
0 0.0125 0.80625 0.025 0.046875
0 0.42890625 0.53828125 0.05625 0.059375
0 0.44375 0.50078125 0.0375 0.0375
0 0.48828125 0.4921875 0.0515625 0.0546875
0 0.58359375 0.4640625 0.053125 0.05625
0 0.63046875 0.478125 0.05 0.0453125
0 0.6796875 0.47265625 0.0578125 0.053125
0 0.5703125 0.10546875 0.04375 0.0453125
0 0.61171875 0.11953125 0.04375 0.0390625
0 0.59140625 0.075 0.046875 0.0453125
0 0.72734375 0.0734375 0.0609375 0.0546875
0 0.690625 0.14296875 0.05 0.04375
0 0.66953125 0.10859375 0.04375 0.04375
0 0.65390625 0.13984375 0.053125 0.05
0 0.67421875 0.18671875 0.0484375 0.0484375
0 0.64921875 0.1890625 0.04375 0.0484375
0 0.60703125 0.25546875 0.0578125 0.0609375
0 0.6453125 0.23671875 0.0515625 0.05
0 0.69375 0.23671875 0.0515625 0.0484375
0 0.70390625 0.20234375 0.040625 0.0390625
0 0.72265625 0.18046875 0.0453125 0.05
0 0.74765625 0.221875 0.059375 0.0578125
0 0.8265625 0.18203125 0.0609375 0.0609375
0 0.871875 0.20703125 0.059375 0.05625
0 0.84140625 0.23125 0.0578125 0.0640625
0 0.86328125 0.29609375 0.06875 0.0609375
0 0.93828125 0.190625 0.0578125 0.0578125
0 0.9 0.23203125 0.0375 0.0421875
0 0.775 0.41953125 0.065625 0.06875
0 0.5734375 0.6546875 0.078125 0.078125
0 0.53125 0.6921875 0.065625 0.0640625
0 0.45625 0.7375 0.06875 0.0609375
0 0.37734375 0.75234375 0.059375 0.0578125
0 0.50859375 0.0671875 0.034375 0.0375
0 0.509375 0.08828125 0.0515625 0.046875
