0 0.159375 0.14453125 0.0375 0.046875
0 0.21171875 0.096875 0.025 0.0296875
0 0.2171875 0.13125 0.0234375 0.02734375
0 0.1921875 0.1109375 0.0328125 0.0390625
0 0.16484375 0.096875 0.0296875 0.0453125
0 0.17578125 0.0171875 0.015625 0.03125
0 0.2140625 0.01875 0.0328125 0.0328125
0 0.0109375 0.25 0.021875 0.04296875
0 0.0453125 0.2421875 0.04296875 0.03515625
0 0.1171875 0.2359375 0.04296875 0.04296875
0 0.06171875 0.38359375 0.0296875 0.0375
0 0.046875 0.4265625 0.03125 0.040625
0 0.08125 0.4625 0.0453125 0.05078125
0 0.03046875 0.503125 0.0453125 0.0484375
0 0.39375 0.21875 0.0453125 0.0390625
0 0.3796875 0.25 0.040625 0.05078125
0 0.35546875 0.28515625 0.03515625 0.04296875
0 0.3125 0.31328125 0.03515625 0.040625
0 0.271875 0.334375 0.03125 0.04296875
0 0.17578125 0.37578125 0.07421875 0.053125
0 0.3171875 0.453125 0.0484375 0.05078125
0 0.30546875 0.51171875 0.040625 0.046875
0 0.14921875 0.6140625 0.0609375 0.0484375
0 0.2296875 0.67890625 0.040625 0.0453125
0 0.37890625 0.05859375 0.0390625 0.04296875
0 0.30546875 0.11328125 0.0328125 0.04296875
0 0.38359375 0.1046875 0.05625 0.0328125
0 0.071875 0.665625 0.05078125 0.03515625
0 0.03125 0.67890625 0.04296875 0.0375
0 0.03203125 0.7203125 0.0328125 0.0390625
0 0.103125 0.69375 0.04296875 0.04296875
0 0.06953125 0.7078125 0.0375 0.0375
0 0.215625 0.77421875 0.040625 0.0484375
0 0.19609375 0.82734375 0.040625 0.040625
