0 0.08828125 0.02890625 0.0234375 0.0578125
0 0.125 0.01875 0.04375 0.0375
0 0.17265625 0.0078125 0.0453125 0.015625
0 0.1828125 0.0109375 0.05 0.021875
0 0.2125 0.0078125 0.046875 0.015625
0 0.259375 0.00625 0.046875 0.0125
0 0.303125 0.00703125 0.05 0.0140625
0 0.28671875 0.0125 0.0640625 0.025
0 0.23984375 0.04140625 0.0671875 0.0671875
0 0.10078125 0.05703125 0.0515625 0.0375
0 0.115625 0.090625 0.0546875 0.053125
0 0.2 0.1 0.0609375 0.05625
0 0.2578125 0.09765625 0.0609375 0.0515625
0 0.29921875 0.0578125 0.0640625 0.0703125
0 0.3421875 0.0171875 0.05625 0.034375
0 0.39375 0.01328125 0.0625 0.0265625
0 0.34765625 0.05 0.053125 0.0421875
0 0.38828125 0.0421875 0.05 0.0484375
0 0.434375 0.02734375 0.05625 0.053125
0 0.47421875 0.01875 0.0484375 0.0375
0 0.4078125 0.08515625 0.0453125 0.0390625
0 0.35390625 0.090625 0.0359375 0.04375
0 0.3078125 0.13671875 0.071875 0.05
0 0.17109375 0.1515625 0.053125 0.0421875
0 0.08203125 0.18671875 0.0578125 0.05
0 0.08828125 0.23046875 0.05625 0.0640625
0 0.11953125 0.259375 0.0546875 0.0453125
0 0.1375 0.22890625 0.0578125 0.046875
0 0.1890625 0.190625 0.06875 0.05625
0 0.2515625 0.22421875 0.0484375 0.0390625
0 0.2203125 0.25234375 0.05625 0.046875
0 0.2078125 0.2984375 0.046875 0.05625
0 0.17109375 0.3125 0.05625 0.0609375
0 0.128125 0.29765625 0.05 0.0484375
0 0.10546875 0.340625 0.0421875 0.040625
0 0.07265625 0.31015625 0.053125 0.046875
0 0.034375 0.31796875 0.0203125 0.03125
0 0.0296875 0.346875 0.025 0.0375
0 0.03984375 0.2671875 0.0171875 0.053125
0 0.0578125 0.23046875 0.0375 0.053125
0 0.4109375 0.16328125 0.0578125 0.0453125
0 0.4359375 0.20234375 0.0625 0.053125
0 0.3234375 0.2515625 0.0609375 0.0578125
0 0.278125 0.240625 0.059375 0.053125
0 0.2546875 0.28828125 0.046875 0.046875
0 0.28359375 0.2984375 0.05 0.0421875
0 0.3359375 0.29609375 0.05 0.0421875
0 0.48984375 0.0859375 0.04375 0.046875
0 0.53203125 0.07890625 0.0484375 0.04375
0 0.5296875 0.03515625 0.075 0.0703125
0 0.50078125 0.13046875 0.05 0.0375
0 0.54375 0.134375 0.040625 0.0328125
0 0.58125 0.1109375 0.053125 0.0546875
0 0.63046875 0.0875 0.0484375 0.0421875
0 0.63125 0.1265625 0.0359375 0.0390625
0 0.6796875 0.096875 0.053125 0.059375
0 0.68828125 0.13671875 0.040625 0.0421875
0 0.72265625 0.10234375 0.0546875 0.053125
0 0.77734375 0.09765625 0.0515625 0.0484375
0 0.76640625 0.12578125 0.0359375 0.0375
0 0.40859375 0.27421875 0.05 0.0515625
0 0.48984375 0.1859375 0.05 0.059375
0 0.49453125 0.2328125 0.0375 0.040625
0 0.4765625 0.31796875 0.0625 0.05
0 0.46015625 0.27421875 0.0390625 0.04375
0 0.51328125 0.28359375 0.053125 0.0484375
0 0.53515625 0.321875 0.0421875 0.04375
0 0.5546875 0.26875 0.0546875 0.04375
0 0.528125 0.21875 0.04375 0.0421875
0 0.53984375 0.19140625 0.0421875 0.05
0 0.5671875 0.21328125 0.04375 0.040625
0 0.59921875 0.215625 0.0421875 0.046875
0 0.58828125 0.24609375 0.046875 0.05625
0 0.62578125 0.20546875 0.053125 0.05625
0 0.6765625 0.19765625 0.0671875 0.0546875
0 0.6703125 0.2390625 0.0546875 0.0515625
0 0.709375 0.23046875 0.040625 0.0375
0 0.6734375 0.29765625 0.0515625 0.0515625
0 0.7171875 0.28515625 0.0578125 0.059375
0 0.584375 0.3125 0.0484375 0.04375
0 0.71796875 0.35234375 0.0515625 0.05625
0 0.7546875 0.3625 0.0359375 0.046875
0 0.64453125 0.3640625 0.05 0.0484375
0 0.59453125 0.33203125 0.046875 0.04375
0 0.55 0.3640625 0.0453125 0.0453125
0 0.61640625 0.3875 0.0578125 0.0390625
0 0.75859375 0.21015625 0.05 0.05
0 0.81328125 0.24765625 0.065625 0.053125
0 0.79921875 0.29765625 0.0421875 0.0421875
0 0.825 0.334375 0.0421875 0.04375
0 0.8703125 0.346875 0.040625 0.0390625
0 0.86640625 0.2859375 0.06875 0.0578125
0 0.8796875 0.23203125 0.075 0.0640625
0 0.84453125 0.1890625 0.05625 0.05
0 0.94609375 0.21640625 0.0640625 0.0484375
0 0.94375 0.2578125 0.0484375 0.0421875
0 0.98203125 0.27109375 0.0359375 0.0515625
0 0.97578125 0.33046875 0.0484375 0.0578125
0 0.92265625 0.33515625 0.0625 0.0625
0 0.95390625 0.365625 0.0375 0.0375
0 0.9921875 0.3640625 0.015625 0.046875
0 0.878125 0.09296875 0.046875 0.0421875
0 0.859375 0.125 0.0390625 0.040625
0 0.91953125 0.0984375 0.0515625 0.0546875
0 0.9234375 0.14921875 0.065625 0.0484375
0 0.97421875 0.10546875 0.0515625 0.0484375
0 0.9734375 0.17890625 0.053125 0.0578125
0 0.0234375 0.38671875 0.028125 0.04375
0 0.03984375 0.3984375 0.0671875 0.0625
0 0.0890625 0.37890625 0.0640625 0.0484375
0 0.009375 0.46875 0.01875 0.04375
0 0.0234375 0.50703125 0.046875 0.0546875
0 0.08125 0.51640625 0.059375 0.0515625
0 0.053125 0.4671875 0.0546875 0.0546875
0 0.159375 0.44140625 0.0609375 0.075
0 0.20859375 0.49296875 0.053125 0.0609375
0 0.20859375 0.38203125 0.04375 0.0484375
0 0.25859375 0.3828125 0.046875 0.0453125
0 0.23203125 0.3390625 0.05 0.0421875
0 0.340625 0.3703125 0.05625 0.040625
0 0.38828125 0.3546875 0.065625 0.0546875
0 0.44296875 0.3671875 0.0484375 0.0375
0 0.46953125 0.4140625 0.078125 0.0640625
0 0.559375 0.4578125 0.0546875 0.065625
0 0.51875 0.4890625 0.071875 0.071875
0 0.46640625 0.48828125 0.0625 0.0671875
0 0.4296875 0.46328125 0.0640625 0.075
0 0.3109375 0.40234375 0.0609375 0.0515625
0 0.28359375 0.43671875 0.065625 0.065625
0 0.25078125 0.42734375 0.065625 0.065625
0 0.26796875 0.50703125 0.0703125 0.065625
0 0.31796875 0.51875 0.0578125 0.06875
0 0.3578125 0.45546875 0.0875 0.1
0 0.41328125 0.5453125 0.0640625 0.059375
0 0.81015625 0.39921875 0.0515625 0.05
0 0.77890625 0.4328125 0.04375 0.040625
0 0.7765625 0.471875 0.046875 0.046875
0 0.81484375 0.496875 0.053125 0.05625
0 0.86328125 0.40859375 0.053125 0.05625
0 0.865625 0.509375 0.0515625 0.05625
0 0.89453125 0.4671875 0.0484375 0.0515625
0 0.95546875 0.48515625 0.05625 0.0609375
0 0.98125 0.4390625 0.0375 0.0625
0 0.92265625 0.4125 0.059375 0.0484375
0 0.98046875 0.5765625 0.0390625 0.0625
0 0.9671875 0.53125 0.065625 0.0546875
0 0.87265625 0.5671875 0.046875 0.04375
0 0.921875 0.56796875 0.0609375 0.0453125
0 0.89453125 0.53828125 0.059375 0.065625
0 0.928125 0.61015625 0.0515625 0.0484375
0 0.97734375 0.646875 0.0140625 0.0390625
0 0.7109375 0.5578125 0.05625 0.040625
0 0.01015625 0.63515625 0.0203125 0.0578125
0 0.00546875 0.653125 0.0109375 0.05625
0 0.01640625 0.65859375 0.0328125 0.0703125
0 0.05546875 0.67265625 0.0484375 0.05
0 0.02578125 0.71015625 0.0515625 0.0546875
0 0.07421875 0.63671875 0.0609375 0.0515625
0 0.04453125 0.5921875 0.0609375 0.0609375
0 0.08828125 0.56015625 0.0546875 0.053125
0 0.15625 0.57265625 0.059375 0.0484375
0 0.175 0.54609375 0.0625 0.0484375
0 0.27734375 0.5640625 0.059375 0.0453125
0 0.33046875 0.56796875 0.05 0.040625
0 0.34609375 0.60859375 0.0625 0.05
0 0.32578125 0.65078125 0.05625 0.046875
0 0.325 0.684375 0.059375 0.0515625
0 0.2359375 0.578125 0.0640625 0.0515625
0 0.22109375 0.6046875 0.0578125 0.04375
0 0.22890625 0.634375 0.0453125 0.0328125
0 0.2609375 0.6609375 0.05625 0.053125
0 0.2828125 0.703125 0.0453125 0.0390625
0 0.225 0.71640625 0.0703125 0.0546875
0 0.1171875 0.71875 0.0640625 0.0515625
0 0.1625 0.7 0.0625 0.053125
0 0.18359375 0.6515625 0.075 0.0640625
0 0.44609375 0.58984375 0.05625 0.059375
0 0.46796875 0.66171875 0.0796875 0.0671875
0 0.5296875 0.625 0.0609375 0.0609375
0 0.55078125 0.58671875 0.05625 0.040625
0 0.60234375 0.56953125 0.04375 0.0390625
0 0.640625 0.6015625 0.053125 0.0546875
0 0.65078125 0.65703125 0.0609375 0.0578125
0 0.59921875 0.67578125 0.059375 0.0484375
0 0.56953125 0.72421875 0.0453125 0.0453125
0 0.5125 0.7125 0.053125 0.0484375
0 0.55 0.68828125 0.0671875 0.078125
0 0.60859375 0.7140625 0.0640625 0.0625
0 0.69296875 0.6984375 0.0515625 0.0453125
0 0.740625 0.69375 0.06875 0.059375
0 0.7046875 0.634375 0.0609375 0.0625
0 0.73046875 0.5953125 0.053125 0.059375
0 0.76953125 0.57578125 0.04375 0.046875
0 0.80703125 0.5984375 0.0359375 0.0390625
0 0.84765625 0.61796875 0.0609375 0.05625
0 0.87890625 0.6859375 0.05625 0.053125
0 0.81875 0.7 0.059375 0.053125
0 0.946875 0.7265625 0.0453125 0.0609375
0 0.91015625 0.78125 0.0609375 0.053125
0 0.878125 0.7328125 0.046875 0.0421875
0 0.8484375 0.76640625 0.0578125 0.05
0 0.78671875 0.7609375 0.0625 0.05
0 0.7375 0.7703125 0.0515625 0.0546875
0 0.67421875 0.75 0.0515625 0.0484375
0 0.75546875 0.8453125 0.06875 0.0625
0 0.78984375 0.87109375 0.046875 0.046875
0 0.76484375 0.89296875 0.05 0.05
0 0.8296875 0.8890625 0.0484375 0.0421875
0 0.86328125 0.81953125 0.05 0.040625
0 0.88203125 0.859375 0.0484375 0.053125
0 0.90390625 0.9015625 0.059375 0.05
0 0.671875 0.82421875 0.071875 0.0609375
0 0.6484375 0.86171875 0.0578125 0.0546875
0 0.5875 0.8078125 0.0484375 0.0515625
0 0.56640625 0.7734375 0.059375 0.053125
0 0.50390625 0.77265625 0.0515625 0.05
0 0.5421875 0.84765625 0.0578125 0.059375
0 0.62109375 0.9328125 0.04375 0.0484375
0 0.684375 0.9359375 0.05625 0.0515625
0 0.71953125 0.9078125 0.053125 0.046875
0 0.44140625 0.753125 0.065625 0.0546875
0 0.365625 0.7515625 0.071875 0.0609375
0 0.39765625 0.8 0.059375 0.0515625
0 0.39453125 0.846875 0.0625 0.0609375
0 0.39296875 0.884375 0.0625 0.053125
0 0.39921875 0.91640625 0.05 0.0484375
0 0.47265625 0.84296875 0.065625 0.065625
0 0.5 0.89296875 0.0625 0.0546875
0 0.571875 0.9203125 0.046875 0.0421875
0 0.26171875 0.784375 0.0484375 0.0421875
0 0.28671875 0.82421875 0.06875 0.0578125
0 0.26484375 0.91328125 0.05 0.05
0 0.30234375 0.934375 0.0515625 0.0375
0 0.31796875 0.86640625 0.059375 0.053125
0 0.2703125 0.8734375 0.05 0.05
0 0.21640625 0.78671875 0.046875 0.0453125
0 0.17421875 0.83671875 0.071875 0.05
0 0.1125 0.796875 0.0484375 0.05
0 0.15 0.7734375 0.0453125 0.0375
0 0.1828125 0.8 0.0546875 0.0546875
0 0.0140625 0.815625 0.028125 0.065625
0 0.00859375 0.7984375 0.0171875 0.05625
0 0.00546875 0.85234375 0.0109375 0.0453125
0 0.01328125 0.8828125 0.0265625 0.040625
0 0.0109375 0.9 0.021875 0.025
0 0.03671875 0.9140625 0.0609375 0.021875
0 0.0234375 0.86953125 0.046875 0.0453125
0 0.07265625 0.8875 0.05625 0.046875
0 0.153125 0.8984375 0.0609375 0.04375
0 0.13046875 0.934375 0.0390625 0.0140625
