0 0.01015625 0.378125 0.0203125 0.065625
0 0.0140625 0.3453125 0.028125 0.0625
0 0.0125 0.3015625 0.025 0.04375
0 0.01484375 0.26640625 0.0296875 0.0578125
0 0.01328125 0.23203125 0.0265625 0.0453125
0 0.0125 0.209375 0.025 0.040625
0 0.02734375 0.18828125 0.0546875 0.0453125
0 0.0359375 0.2296875 0.071875 0.065625
0 0.03203125 0.29765625 0.0640625 0.0828125
0 0.0125 0.39765625 0.025 0.0453125
0 0.01640625 0.4203125 0.0328125 0.065625
0 0.03125 0.37265625 0.0625 0.0703125
0 0.0734375 0.33515625 0.071875 0.0671875
0 0.084375 0.27265625 0.0796875 0.084375
0 0.084375 0.19609375 0.071875 0.08125
0 0.1234375 0.15703125 0.075 0.0703125
0 0.12109375 0.2359375 0.0625 0.0546875
0 0.15078125 0.20234375 0.0609375 0.059375
0 0.1796875 0.16015625 0.06875 0.0671875
0 0.203125 0.11875 0.0640625 0.06875
0 0.19453125 0.2265625 0.0546875 0.05
0 0.1515625 0.26640625 0.046875 0.0515625
0 0.1421875 0.33515625 0.0828125 0.06875
0 0.03515625 0.4359375 0.0625 0.0546875
0 0.015625 0.52265625 0.03125 0.0609375
0 0.025 0.55625 0.05 0.075
0 0.059375 0.5625 0.065625 0.0578125
0 0.05546875 0.52578125 0.0671875 0.0609375
0 0.07578125 0.45859375 0.08125 0.071875
0 0.15 0.44765625 0.05625 0.0515625
0 0.1421875 0.49140625 0.065625 0.0609375
0 0.16171875 0.5390625 0.0609375 0.065625
0 0.1390625 0.57578125 0.0703125 0.0734375
0 0.0921875 0.590625 0.0609375 0.059375
0 0.1 0.64140625 0.0515625 0.05
0 0.05390625 0.6359375 0.0640625 0.059375
0 0.03203125 0.6640625 0.028125 0.034375
0 0.0484375 0.6921875 0.034375 0.0421875
0 0.0109375 0.61640625 0.021875 0.0546875
0 0.0109375 0.575 0.021875 0.059375
0 0.2484375 0.2921875 0.065625 0.059375
0 0.29453125 0.30859375 0.0734375 0.0671875
0 0.22890625 0.42421875 0.075 0.0734375
0 0.184375 0.44375 0.0703125 0.0671875
0 0.19453125 0.49921875 0.0578125 0.0578125
0 0.22578125 0.490625 0.059375 0.0546875
0 0.26953125 0.45390625 0.059375 0.0546875
0 0.265625 0.17421875 0.0546875 0.05625
0 0.296875 0.140625 0.0578125 0.0546875
0 0.265625 0.10390625 0.0921875 0.0921875
0 0.30390625 0.20546875 0.0578125 0.05
0 0.34375 0.18046875 0.046875 0.0421875
0 0.36015625 0.13671875 0.065625 0.0671875
0 0.3875 0.08515625 0.0578125 0.053125
0 0.41328125 0.11875 0.0453125 0.046875
0 0.4359375 0.06171875 0.0671875 0.0703125
0 0.46875 0.08984375 0.05 0.0515625
0 0.4765625 0.0375 0.0671875 0.065625
0 0.5203125 0.01484375 0.0625 0.0296875
0 0.52890625 0.03046875 0.04375 0.0453125
0 0.31796875 0.3890625 0.0625 0.0640625
0 0.33046875 0.26015625 0.0640625 0.0703125
0 0.3640625 0.2984375 0.046875 0.0484375
0 0.4046875 0.38203125 0.071875 0.065625
0 0.36171875 0.35546875 0.0484375 0.0515625
0 0.4140625 0.32890625 0.0640625 0.0609375
0 0.4578125 0.346875 0.053125 0.0546875
0 0.4390625 0.28984375 0.0640625 0.05625
0 0.38515625 0.2640625 0.0546875 0.053125
0 0.37734375 0.23203125 0.0546875 0.059375
0 0.41328125 0.23359375 0.053125 0.0515625
0 0.44296875 0.21484375 0.0515625 0.0546875
0 0.45390625 0.24765625 0.0609375 0.065625
0 0.459375 0.1890625 0.0671875 0.06875
0 0.49765625 0.15 0.078125 0.071875
0 0.51953125 0.18984375 0.065625 0.0640625
0 0.54765625 0.15703125 0.0484375 0.046875
0 0.559375 0.2375 0.0640625 0.0640625
0 0.5890625 0.1984375 0.071875 0.071875
0 0.49296875 0.3078125 0.0578125 0.0546875
0 0.63359375 0.2546875 0.0640625 0.0671875
0 0.6703125 0.240625 0.046875 0.0546875
0 0.57734375 0.3125 0.0609375 0.059375
0 0.51484375 0.31796875 0.05625 0.0546875
0 0.49765625 0.3734375 0.0546875 0.0546875
0 0.56953125 0.3515625 0.065625 0.053125
0 0.5765625 0.1078125 0.0609375 0.0609375
0 0.64765625 0.10390625 0.075 0.06875
0 0.66796875 0.15625 0.0515625 0.0515625
0 0.71328125 0.171875 0.053125 0.0546875
0 0.7609375 0.15234375 0.05 0.0484375
0 0.7171875 0.103125 0.0796875 0.0734375
0 0.69453125 0.04765625 0.0875 0.0796875
0 0.6359375 0.034375 0.0671875 0.0625
0 0.73984375 0.015625 0.0734375 0.03125
0 0.765625 0.02890625 0.0578125 0.053125
0 0.80390625 0.0203125 0.0453125 0.040625
0 0.83203125 0.07265625 0.046875 0.0578125
0 0.79765625 0.10859375 0.0765625 0.0765625
0 0.84375 0.1140625 0.0453125 0.0453125
0 0.60234375 0.0125 0.0546875 0.025
0 0.60703125 0.0125 0.0484375 0.025
0 0.64140625 0.01640625 0.0640625 0.0328125
0 0.678125 0.01640625 0.075 0.0328125
0 0.69296875 0.01484375 0.0640625 0.0296875
0 0.7453125 0.0171875 0.078125 0.034375
0 0.74375 0.01640625 0.046875 0.0328125
0 0.06875 0.7296875 0.0390625 0.05
0 0.0859375 0.73125 0.0734375 0.075
0 0.11171875 0.684375 0.0734375 0.0640625
0 0.10703125 0.8125 0.0375 0.0484375
0 0.1359375 0.83828125 0.065625 0.0671875
0 0.19296875 0.8078125 0.06875 0.065625
0 0.13828125 0.78359375 0.0671875 0.0671875
0 0.2125 0.6921875 0.0796875 0.0875
0 0.28671875 0.7046875 0.06875 0.071875
0 0.215625 0.6109375 0.0546875 0.0578125
0 0.259375 0.57890625 0.0578125 0.05625
0 0.20859375 0.5578125 0.059375 0.0546875
0 0.32109375 0.5140625 0.0640625 0.0546875
0 0.35234375 0.47109375 0.0765625 0.0703125
0 0.4078125 0.44609375 0.05625 0.0484375
0 0.46015625 0.46796875 0.0921875 0.0828125
0 0.565625 0.44921875 0.0703125 0.0765625
0 0.55078125 0.50234375 0.0890625 0.0890625
0 0.50546875 0.534375 0.078125 0.08125
0 0.4578125 0.53671875 0.0828125 0.0890625
0 0.3171875 0.56171875 0.071875 0.0671875
0 0.315625 0.60859375 0.0796875 0.0796875
0 0.28125 0.621875 0.0796875 0.0796875
0 0.34765625 0.67890625 0.084375 0.08125
0 0.39765625 0.65703125 0.0734375 0.0796875
0 0.3921875 0.5765625 0.1109375 0.11875
0 0.496875 0.61796875 0.0765625 0.0734375
0 0.74296875 0.23671875 0.0640625 0.0625
0 0.73671875 0.28515625 0.053125 0.0515625
0 0.7609375 0.3203125 0.0578125 0.0578125
0 0.809375 0.3171875 0.0671875 0.06875
0 0.79375 0.209375 0.0671875 0.06875
0 0.8609375 0.29453125 0.0640625 0.0671875
0 0.85859375 0.23984375 0.0609375 0.0625
0 0.909375 0.221875 0.04375 0.0609375
0 0.8484375 0.175 0.06875 0.0625
0 0.90546875 0.33984375 0.05625 0.0546875
0 0.940625 0.3125 0.05625 0.0546875
0 0.9046875 0.3015625 0.075 0.078125
0 0.96875 0.346875 0.0390625 0.05
0 0.76015625 0.4359375 0.0640625 0.0546875
0 0.1875 0.9703125 0.046875 0.059375
0 0.19140625 0.98203125 0.0390625 0.0359375
0 0.22265625 0.96875 0.0671875 0.0625
0 0.27265625 0.9578125 0.059375 0.0609375
0 0.2640625 0.98984375 0.08125 0.0203125
0 0.265625 0.91484375 0.071875 0.0671875
0 0.2109375 0.896875 0.0734375 0.0734375
0 0.22734375 0.840625 0.0671875 0.065625
0 0.29375 0.8078125 0.06875 0.0625
0 0.29375 0.771875 0.071875 0.0625
0 0.39296875 0.721875 0.06875 0.059375
0 0.440625 0.690625 0.059375 0.0515625
0 0.4796875 0.71484375 0.071875 0.065625
0 0.48984375 0.76484375 0.065625 0.0609375
0 0.51015625 0.79296875 0.06875 0.065625
0 0.365625 0.7609375 0.075 0.065625
0 0.3703125 0.79296875 0.065625 0.05625
0 0.39609375 0.81328125 0.0515625 0.04375
0 0.440625 0.815625 0.06875 0.0671875
0 0.48671875 0.83671875 0.0546875 0.05
0 0.44609375 0.8859375 0.08125 0.071875
0 0.3546875 0.9578125 0.075 0.065625
0 0.38203125 0.9125 0.0734375 0.0671875
0 0.36953125 0.8578125 0.0875 0.0796875
0 0.553125 0.63515625 0.0703125 0.071875
0 0.61875 0.68203125 0.09375 0.0859375
0 0.6484375 0.6109375 0.0734375 0.0734375
0 0.64140625 0.56484375 0.0640625 0.0546875
0 0.67421875 0.51640625 0.0515625 0.0484375
0 0.72734375 0.51953125 0.065625 0.0671875
0 0.77265625 0.56015625 0.075 0.0734375
0 0.74140625 0.609375 0.06875 0.0625
0 0.746875 0.67109375 0.0546875 0.0546875
0 0.690625 0.696875 0.0640625 0.0609375
0 0.70703125 0.6515625 0.0859375 0.0921875
0 0.7734375 0.6359375 0.078125 0.0765625
0 0.8359375 0.56796875 0.0609375 0.0578125
0 0.8734375 0.53359375 0.08125 0.0765625
0 0.80390625 0.50625 0.0734375 0.075
0 0.80078125 0.45546875 0.0671875 0.0703125
0 0.82109375 0.4140625 0.0546875 0.05625
0 0.86953125 0.409375 0.0453125 0.046875
0 0.91640625 0.3984375 0.0734375 0.0703125
0 0.97578125 0.43671875 0.0484375 0.0671875
0 0.94375 0.48828125 0.0703125 0.0671875
0 0.99375 0.47734375 0.0125 0.0515625
0 0.9890625 0.52734375 0.021875 0.0640625
0 0.95625 0.56171875 0.071875 0.065625
0 0.91953125 0.6015625 0.0640625 0.065625
0 0.853125 0.625 0.0625 0.0609375
0 0.97109375 0.65390625 0.0578125 0.0765625
0 0.8984375 0.68984375 0.084375 0.078125
0 0.90234375 0.7375 0.0703125 0.06875
0 0.81484375 0.73046875 0.0609375 0.0625
0 0.77578125 0.7140625 0.0703125 0.0671875
0 0.721875 0.75390625 0.0640625 0.0625
0 0.80234375 0.79375 0.071875 0.071875
0 0.92578125 0.815625 0.0546875 0.0578125
0 0.9734375 0.77734375 0.053125 0.0640625
0 0.98046875 0.73125 0.0390625 0.059375
0 0.6546875 0.778125 0.0765625 0.0703125
0 0.58984375 0.825 0.084375 0.078125
0 0.6484375 0.8453125 0.06875 0.065625
0 0.67578125 0.8890625 0.075 0.0734375
0 0.69765625 0.921875 0.0734375 0.0671875
0 0.7203125 0.9359375 0.0515625 0.040625
0 0.73984375 0.83515625 0.0796875 0.0796875
0 0.7953125 0.86015625 0.075 0.0703125
0 0.875 0.8375 0.0546875 0.0515625
0 0.521875 0.9203125 0.0578125 0.053125
0 0.56875 0.93828125 0.0796875 0.0734375
0 0.62265625 0.9546875 0.0703125 0.0671875
0 0.58515625 0.9796875 0.0609375 0.040625
0 0.484375 0.95234375 0.0578125 0.05625
0 0.4171875 0.9796875 0.053125 0.040625
0 0.46328125 0.975 0.0671875 0.05
