0 0.01484375 0.24921875 0.0296875 0.0484375
0 0.0109375 0.2328125 0.021875 0.046875
0 0.00703125 0.30859375 0.0140625 0.0359375
0 0.0078125 0.33671875 0.015625 0.0359375
0 0.00625 0.371875 0.0125 0.046875
0 0.01328125 0.27265625 0.0265625 0.0453125
0 0.04296875 0.2140625 0.059375 0.0546875
0 0.0671875 0.16953125 0.04375 0.046875
0 0.1078125 0.16484375 0.05625 0.046875
0 0.08828125 0.1203125 0.034375 0.0234375
0 0.13046875 0.1078125 0.0421875 0.028125
0 0.21171875 0.078125 0.04375 0.0265625
0 0.209375 0.09921875 0.0734375 0.053125
0 0.32734375 0.03984375 0.0390625 0.0265625
0 0.32734375 0.04921875 0.0421875 0.04375
0 0.275 0.0703125 0.0375 0.0375
0 0.3 0.04765625 0.0359375 0.0234375
0 0.38359375 0.01875 0.0453125 0.028125
0 0.309375 0.125 0.046875 0.0421875
0 0.26640625 0.128125 0.046875 0.040625
0 0.2609375 0.16875 0.053125 0.0453125
0 0.3140625 0.1640625 0.05625 0.053125
0 0.2828125 0.2125 0.0453125 0.0421875
0 0.2125 0.26328125 0.06875 0.0609375
0 0.2390625 0.29453125 0.05 0.04375
0 0.19609375 0.3 0.0453125 0.0375
0 0.21796875 0.325 0.046875 0.0421875
0 0.17421875 0.39453125 0.0640625 0.0625
0 0.1171875 0.40546875 0.0890625 0.08125
0 0.0796875 0.4765625 0.0546875 0.053125
0 0.12734375 0.5015625 0.053125 0.05625
0 0.0640625 0.55234375 0.0546875 0.0578125
0 0.04765625 0.63515625 0.0609375 0.05
0 0.0796875 0.6203125 0.04375 0.040625
0 0.10625 0.5953125 0.0640625 0.0546875
0 0.1125 0.653125 0.0640625 0.059375
0 0.071875 0.7140625 0.053125 0.0578125
0 0.0609375 0.73515625 0.0328125 0.0578125
0 0.16171875 0.59140625 0.0546875 0.0515625
0 0.2015625 0.565625 0.0484375 0.040625
0 0.20703125 0.51484375 0.053125 0.046875
0 0.27265625 0.45859375 0.065625 0.0578125
0 0.26640625 0.49296875 0.046875 0.04375
0 0.2953125 0.503125 0.0453125 0.0390625
0 0.34296875 0.42578125 0.05 0.04375
0 0.35078125 0.47265625 0.040625 0.0375
0 0.38515625 0.4609375 0.046875 0.04375
0 0.42421875 0.38984375 0.0453125 0.0375
0 0.4234375 0.42109375 0.0359375 0.028125
0 0.41953125 0.44609375 0.0375 0.0359375
0 0.45703125 0.42890625 0.0375 0.0359375
0 0.4796875 0.40234375 0.0484375 0.0484375
0 0.49375 0.37109375 0.0546875 0.0421875
0 0.45390625 0.3375 0.04375 0.040625
0 0.4796875 0.31015625 0.0421875 0.0390625
0 0.4859375 0.26875 0.0453125 0.0390625
0 0.5015625 0.2375 0.0421875 0.0421875
0 0.55546875 0.27421875 0.05 0.046875
0 0.559375 0.2390625 0.046875 0.040625
0 0.6 0.0796875 0.0421875 0.04375
0 0.61953125 0.04140625 0.0453125 0.0390625
0 0.590625 0.04765625 0.0328125 0.0328125
0 0.59296875 0.01328125 0.0390625 0.0265625
0 0.684375 0.01484375 0.065625 0.0296875
0 0.72109375 0.01015625 0.0484375 0.0203125
0 0.7078125 0.00703125 0.04375 0.0140625
0 0.55625 0.0765625 0.0515625 0.0453125
0 0.56484375 0.1171875 0.0375 0.040625
0 0.69453125 0.10703125 0.05 0.053125
0 0.73203125 0.0984375 0.040625 0.040625
0 0.7578125 0.11875 0.0609375 0.0484375
0 0.78828125 0.059375 0.0578125 0.046875
0 0.8515625 0.071875 0.0640625 0.0515625
0 0.84140625 0.01328125 0.0328125 0.0265625
0 0.8734375 0.134375 0.0375 0.0453125
0 0.8390625 0.13828125 0.053125 0.053125
0 0.85390625 0.16796875 0.04375 0.0421875
0 0.85625 0.2078125 0.0421875 0.04375
0 0.87265625 0.1671875 0.0515625 0.0609375
0 0.78984375 0.23515625 0.0484375 0.0359375
0 0.7890625 0.26875 0.0546875 0.0453125
0 0.8328125 0.26953125 0.0515625 0.0453125
0 0.8109375 0.3078125 0.0421875 0.0390625
0 0.73984375 0.3328125 0.059375 0.053125
0 0.7109375 0.37265625 0.0609375 0.0515625
0 0.703125 0.4421875 0.0625 0.0609375
0 0.7734375 0.3875 0.046875 0.0453125
0 0.75546875 0.425 0.046875 0.04375
0 0.72578125 0.4875 0.05 0.04375
0 0.69375 0.521875 0.0515625 0.0609375
0 0.6578125 0.5625 0.05 0.05
0 0.640625 0.6046875 0.0515625 0.0421875
0 0.59296875 0.70234375 0.0453125 0.0375
0 0.5703125 0.73359375 0.0375 0.034375
0 0.5578125 0.7578125 0.040625 0.0375
0 0.54921875 0.79140625 0.03125 0.034375
0 0.58515625 0.775 0.0421875 0.0421875
0 0.61640625 0.740625 0.0453125 0.0484375
0 0.67109375 0.68125 0.0484375 0.0484375
0 0.68984375 0.646875 0.05625 0.046875
0 0.709375 0.60703125 0.046875 0.04375
0 0.72421875 0.5703125 0.0453125 0.0484375
0 0.76328125 0.46015625 0.04375 0.0421875
0 0.796875 0.4796875 0.0546875 0.0484375
0 0.80703125 0.5140625 0.046875 0.04375
0 0.775 0.54140625 0.0546875 0.0484375
0 0.81640625 0.41796875 0.0546875 0.0515625
0 0.8546875 0.39453125 0.059375 0.053125
0 0.9125 0.4078125 0.059375 0.05625
0 0.93984375 0.3703125 0.0453125 0.046875
0 0.9609375 0.33046875 0.028125 0.0375
0 0.64453125 0.17890625 0.040625 0.0375
0 0.4171875 0.50546875 0.04375 0.040625
0 0.4546875 0.50234375 0.0375 0.040625
0 0.440625 0.52265625 0.034375 0.0359375
0 0.3984375 0.56953125 0.0625 0.05625
0 0.45 0.5578125 0.05 0.04375
0 0.42109375 0.59140625 0.0453125 0.0453125
0 0.40234375 0.61953125 0.0546875 0.0453125
0 0.334375 0.65859375 0.0453125 0.0421875
0 0.30703125 0.68125 0.0515625 0.05
0 0.34296875 0.70390625 0.05 0.046875
0 0.378125 0.67734375 0.0578125 0.0546875
0 0.278125 0.73203125 0.04375 0.0359375
0 0.309375 0.753125 0.05 0.04375
0 0.25546875 0.7671875 0.0421875 0.0421875
0 0.29296875 0.78359375 0.0578125 0.0546875
0 0.240625 0.8109375 0.046875 0.0421875
0 0.23828125 0.84140625 0.05625 0.0578125
0 0.19921875 0.921875 0.059375 0.0640625
0 0.25546875 0.90390625 0.046875 0.0421875
0 0.1828125 0.9859375 0.05625 0.028125
0 0.221875 0.96484375 0.05625 0.046875
0 0.3 0.91484375 0.034375 0.0375
0 0.3375 0.90234375 0.0515625 0.0546875
0 0.36953125 0.8921875 0.046875 0.05
0 0.39453125 0.8640625 0.0484375 0.0484375
0 0.4296875 0.828125 0.0484375 0.0515625
0 0.47421875 0.8015625 0.0515625 0.0453125
0 0.50859375 0.80078125 0.05 0.0515625
0 0.29296875 0.98828125 0.0328125 0.0234375
0 0.31015625 0.97109375 0.0390625 0.0328125
0 0.34296875 0.946875 0.0515625 0.040625
0 0.53828125 0.86953125 0.05 0.0546875
0 0.53984375 0.971875 0.040625 0.053125
0 0.496875 0.984375 0.05625 0.03125
0 0.58359375 0.8296875 0.046875 0.05
0 0.57890625 0.88984375 0.0390625 0.0375
0 0.671875 0.95234375 0.046875 0.040625
0 0.72734375 0.90078125 0.046875 0.0453125
0 0.7671875 0.8625 0.0515625 0.0421875
0 0.79375 0.83046875 0.0453125 0.0453125
0 0.828125 0.80078125 0.0453125 0.0421875
0 0.91328125 0.7875 0.05 0.05
0 0.959375 0.734375 0.0515625 0.05
0 0.95 0.66484375 0.0390625 0.0359375
0 0.98203125 0.6109375 0.0359375 0.046875
