0 0.01875 0.065625 0.0328125 0.053125
0 0.025 0.171875 0.02734375 0.05078125
0 0.05078125 0.1890625 0.03125 0.0390625
0 0.0640625 0.1515625 0.03515625 0.0328125
0 0.0953125 0.12578125 0.0390625 0.0375
0 0.0703125 0.1078125 0.03515625 0.0390625
0 0.090625 0.07890625 0.0375 0.0375
0 0.1171875 0.0640625 0.03515625 0.0390625
0 0.08125 0.0390625 0.040625 0.0390625
0 0.13984375 0.140625 0.0375 0.0390625
0 0.08671875 0.171875 0.0375 0.03125
0 0.0984375 0.2046875 0.0453125 0.03515625
0 0.053125 0.2515625 0.046875 0.046875
0 0.0875 0.28515625 0.0390625 0.0390625
0 0.09296875 0.24375 0.0453125 0.0390625
0 0.178125 0.225 0.03515625 0.0390625
0 0.14375 0.2484375 0.040625 0.03125
0 0.1890625 0.2625 0.04296875 0.0375
0 0.1421875 0.28515625 0.03515625 0.03125
0 0.2015625 0.3109375 0.03515625 0.03515625
0 0.16015625 0.2984375 0.03125 0.03125
0 0.19140625 0.340625 0.04296875 0.0375
0 0.140625 0.33125 0.03125 0.040625
0 0.11640625 0.35 0.0328125 0.0390625
0 0.165625 0.37109375 0.0390625 0.0390625
0 0.16328125 0.40546875 0.0484375 0.0375
0 0.23515625 0.41015625 0.0375 0.04296875
0 0.2140625 0.4375 0.040625 0.0390625
0 0.17109375 0.4453125 0.0375 0.03515625
0 0.17890625 0.4890625 0.040625 0.0453125
0 0.25390625 0.47265625 0.046875 0.046875
0 0.28203125 0.484375 0.0296875 0.03125
0 0.2265625 0.5390625 0.04296875 0.05859375
0 0.2078125 0.58671875 0.0375 0.0453125
0 0.23515625 0.6140625 0.0328125 0.0453125
0 0.2734375 0.615625 0.0390625 0.046875
0 0.30078125 0.5484375 0.0390625 0.04296875
0 0.32734375 0.65234375 0.0453125 0.05078125
0 0.30546875 0.7171875 0.040625 0.046875
0 0.28046875 0.7140625 0.0328125 0.0453125
0 0.3359375 0.74296875 0.046875 0.053125
0 0.33203125 0.78515625 0.05859375 0.05078125
0 0.03125 0.33984375 0.03515625 0.0390625
0 0.00859375 0.34765625 0.0171875 0.0234375
0 0.0140625 0.38125 0.02734375 0.05078125
0 0.021875 0.43125 0.03515625 0.0390625
0 0.03828125 0.465625 0.0296875 0.0296875
0 0.0234375 0.496875 0.03515625 0.040625
0 0.06953125 0.4515625 0.0328125 0.03515625
0 0.08515625 0.4859375 0.0453125 0.03125
0 0.128125 0.4828125 0.0328125 0.05078125
0 0.084375 0.51953125 0.06640625 0.04296875
0 0.0859375 0.5515625 0.0390625 0.0328125
0 0.0875 0.5921875 0.05078125 0.04296875
0 0.1015625 0.63125 0.046875 0.04296875
0 0.13984375 0.5796875 0.05625 0.05078125
0 0.15234375 0.6171875 0.046875 0.03515625
0 0.146875 0.653125 0.03515625 0.040625
0 0.190625 0.65234375 0.0328125 0.046875
0 0.16484375 0.70625 0.0484375 0.0484375
0 0.0875 0.6859375 0.04296875 0.0546875
0 0.21875 0.6984375 0.04296875 0.0328125
0 0.1984375 0.728125 0.040625 0.04296875
0 0.153125 0.75078125 0.0375 0.040625
0 0.11796875 0.7609375 0.0375 0.040625
0 0.17109375 0.81171875 0.0484375 0.053125
0 0.21484375 0.85625 0.05078125 0.0484375
0 0.25 0.7953125 0.046875 0.05078125
0 0.13125 0.7921875 0.03515625 0.040625
0 0.24140625 0.896875 0.0453125 0.04296875
0 0.28046875 0.96953125 0.0640625 0.0484375
0 0.18359375 0.896875 0.02734375 0.03515625
0 0.00859375 0.63359375 0.0171875 0.0453125
0 0.0140625 0.81328125 0.0234375 0.0375
0 0.03828125 0.82421875 0.0296875 0.03125
0 0.01484375 0.84765625 0.025 0.03125
0 0.096875 0.81953125 0.0296875 0.0375
0 0.0859375 0.8890625 0.05078125 0.046875
0 0.1375 0.88671875 0.0375 0.046875
0 0.0375 0.88359375 0.046875 0.040625
0 0.0328125 0.9296875 0.046875 0.03515625
0 0.0515625 0.9703125 0.040625 0.046875
0 0.09453125 0.971875 0.0453125 0.0484375
0 0.1375 0.9765625 0.0453125 0.04296875
0 0.153125 0.95 0.0453125 0.0484375
0 0.18671875 0.959375 0.0375 0.03515625
0 0.43671875 0.953125 0.053125 0.046875
0 0.1546875 0.0109375 0.03515625 0.021875
0 0.1828125 0.0296875 0.0375 0.03515625
0 0.16875 0.06875 0.040625 0.04296875
0 0.2140625 0.05546875 0.0453125 0.0375
0 0.2046875 0.09453125 0.04296875 0.0453125
0 0.1796875 0.1203125 0.04296875 0.0484375
0 0.24921875 0.12109375 0.053125 0.05859375
0 0.2359375 0.1734375 0.05078125 0.05859375
0 0.23046875 0.21796875 0.04296875 0.0484375
0 0.28515625 0.3015625 0.0390625 0.05625
0 0.34375 0.35078125 0.0546875 0.0484375
0 0.371875 0.33203125 0.0375 0.04296875
0 0.3265625 0.3984375 0.046875 0.04296875
0 0.3296875 0.44453125 0.04296875 0.05625
0 0.384375 0.428125 0.05859375 0.05859375
0 0.3671875 0.4765625 0.05078125 0.05078125
0 0.38125 0.53984375 0.046875 0.0484375
0 0.4265625 0.5484375 0.0484375 0.0390625
0 0.4390625 0.58515625 0.0390625 0.0453125
0 0.45234375 0.63359375 0.040625 0.040625
0 0.440625 0.66875 0.040625 0.0375
0 0.4765625 0.66796875 0.0390625 0.04296875
0 0.365625 0.5859375 0.046875 0.04296875
0 0.4015625 0.6140625 0.040625 0.05625
0 0.3703125 0.6375 0.0375 0.0453125
0 0.3859375 0.67109375 0.0328125 0.040625
0 0.4125 0.7015625 0.05078125 0.05078125
0 0.4140625 0.746875 0.03125 0.0375
0 0.453125 0.7234375 0.03515625 0.040625
0 0.49296875 0.765625 0.053125 0.05859375
0 0.453125 0.8015625 0.05078125 0.0609375
0 0.471875 0.846875 0.0375 0.0484375
0 0.4984375 0.8203125 0.04296875 0.05078125
0 0.57734375 0.92265625 0.053125 0.040625
0 0.61875 0.915625 0.05078125 0.05859375
0 0.565625 0.98359375 0.0296875 0.0296875
0 0.51953125 0.984375 0.0390625 0.02734375
0 0.6125 0.98046875 0.0375 0.03515625
0 0.753125 0.9578125 0.053125 0.0453125
0 0.7109375 0.9359375 0.03515625 0.046875
0 0.6828125 0.8421875 0.0375 0.04296875
0 0.684375 0.8 0.053125 0.040625
0 0.65703125 0.853125 0.040625 0.0390625
0 0.61875 0.815625 0.03515625 0.0328125
0 0.65625 0.80625 0.03515625 0.02734375
0 0.6328125 0.7796875 0.0390625 0.04296875
0 0.6453125 0.74609375 0.053125 0.0390625
0 0.59765625 0.7734375 0.03125 0.03125
0 0.575 0.725 0.0484375 0.0546875
0 0.61328125 0.709375 0.046875 0.04296875
0 0.64921875 0.69375 0.040625 0.03515625
0 0.60546875 0.65234375 0.0546875 0.05859375
0 0.55 0.67265625 0.0484375 0.0453125
0 0.5015625 0.61328125 0.03125 0.0390625
0 0.5828125 0.59765625 0.053125 0.04296875
0 0.61875 0.5796875 0.0390625 0.0546875
0 0.53203125 0.5953125 0.053125 0.0390625
0 0.5359375 0.56953125 0.040625 0.0453125
0 0.571875 0.54609375 0.046875 0.0375
0 0.59296875 0.51484375 0.040625 0.0328125
0 0.5203125 0.5234375 0.040625 0.03515625
0 0.4796875 0.5046875 0.040625 0.0484375
0 0.5140625 0.47578125 0.046875 0.0453125
0 0.546875 0.453125 0.03515625 0.02734375
0 0.5328125 0.42265625 0.04296875 0.040625
0 0.4890625 0.43359375 0.0453125 0.0546875
0 0.46484375 0.38671875 0.046875 0.046875
0 0.415625 0.29609375 0.04296875 0.0453125
0 0.43046875 0.2625 0.0375 0.040625
0 0.3890625 0.26484375 0.05078125 0.0375
0 0.403125 0.2390625 0.040625 0.025
0 0.44453125 0.234375 0.0484375 0.03515625
0 0.4359375 0.209375 0.03125 0.02734375
0 0.43046875 0.1875 0.0453125 0.04296875
0 0.3734375 0.22265625 0.06640625 0.046875
0 0.39140625 0.1703125 0.0375 0.04296875
0 0.35625 0.16796875 0.0453125 0.0390625
0 0.36328125 0.1265625 0.0390625 0.0390625
0 0.33671875 0.12890625 0.0453125 0.04296875
0 0.41796875 0.1453125 0.03515625 0.0328125
0 0.390625 0.08984375 0.06640625 0.04296875
0 0.4078125 0.040625 0.03125 0.0390625
0 0.3203125 0.05546875 0.04296875 0.0328125
0 0.3 0.0234375 0.0328125 0.03515625
0 0.35078125 0.025 0.0484375 0.04296875
0 0.49921875 0.0359375 0.0453125 0.0328125
0 0.46484375 0.0609375 0.03515625 0.04296875
0 0.4890625 0.08515625 0.0328125 0.0328125
0 0.5296875 0.065625 0.04296875 0.0328125
0 0.51953125 0.1125 0.05078125 0.0375
0 0.48515625 0.1375 0.025 0.0328125
0 0.490625 0.1765625 0.03515625 0.040625
0 0.5265625 0.15625 0.0375 0.046875
0 0.5703125 0.1234375 0.02734375 0.02734375
0 0.59296875 0.1 0.0296875 0.0390625
0 0.5796875 0.1515625 0.02734375 0.0296875
0 0.5765625 0.18671875 0.0390625 0.0296875
0 0.59453125 0.2125 0.0375 0.03125
0 0.6140625 0.175 0.0375 0.0375
0 0.61328125 0.25078125 0.0390625 0.0375
0 0.590625 0.2765625 0.0328125 0.040625
0 0.55390625 0.2296875 0.0375 0.040625
0 0.5171875 0.21796875 0.04296875 0.0453125
0 0.55 0.26953125 0.0484375 0.04296875
0 0.5421875 0.31328125 0.0375 0.0328125
0 0.55546875 0.359375 0.0375 0.0390625
0 0.5875 0.35078125 0.03125 0.0453125
0 0.6703125 0.2828125 0.03515625 0.03125
0 0.6515625 0.3125 0.0328125 0.03515625
0 0.6953125 0.3171875 0.03515625 0.0328125
0 0.684375 0.35546875 0.0375 0.04296875
0 0.628125 0.35 0.0296875 0.03125
0 0.6140625 0.3875 0.0375 0.0328125
0 0.640625 0.4078125 0.03125 0.03125
0 0.690625 0.40234375 0.0375 0.03515625
0 0.67109375 0.471875 0.040625 0.040625
0 0.64375 0.5 0.0484375 0.0390625
0 0.61015625 0.459375 0.0453125 0.0390625
0 0.60078125 0.425 0.0296875 0.0328125
0 0.7390625 0.50625 0.0484375 0.05078125
0 0.7890625 0.496875 0.046875 0.0609375
0 0.79375 0.53984375 0.0375 0.0375
0 0.7484375 0.5515625 0.046875 0.0328125
0 0.7375 0.5984375 0.0328125 0.0453125
0 0.71015625 0.60078125 0.0453125 0.0484375
0 0.7296875 0.6421875 0.040625 0.03515625
0 0.7796875 0.58515625 0.046875 0.040625
0 0.8015625 0.61640625 0.040625 0.0453125
0 0.83203125 0.5953125 0.03515625 0.0390625
0 0.81328125 0.65703125 0.040625 0.0453125
0 0.7671875 0.65546875 0.03515625 0.040625
0 0.74140625 0.68671875 0.0375 0.040625
0 0.778125 0.69140625 0.0296875 0.03125
0 0.75859375 0.7265625 0.0328125 0.0390625
0 0.7265625 0.72265625 0.02734375 0.04296875
0 0.80078125 0.73046875 0.0390625 0.046875
0 0.81953125 0.7828125 0.0453125 0.0390625
0 0.81875 0.82734375 0.046875 0.0453125
0 0.83125 0.871875 0.040625 0.040625
0 0.8890625 0.9140625 0.046875 0.05078125
0 0.878125 0.87578125 0.040625 0.0484375
0 0.8953125 0.821875 0.0328125 0.0390625
0 0.87109375 0.7890625 0.046875 0.046875
0 0.7578125 0.7640625 0.046875 0.02734375
0 0.78125 0.8390625 0.0390625 0.0296875
0 0.7546875 0.871875 0.0296875 0.0328125
0 0.9640625 0.83125 0.025 0.0375
0 0.98359375 0.8171875 0.0296875 0.0375
0 0.9875 0.75625 0.021875 0.03125
0 0.95703125 0.75625 0.03515625 0.03125
0 0.9796875 0.71171875 0.0375 0.0375
0 0.93046875 0.70703125 0.0375 0.03125
0 0.90625 0.67578125 0.0390625 0.046875
0 0.95234375 0.6234375 0.0484375 0.04296875
0 0.94921875 0.6703125 0.05078125 0.03125
0 0.88359375 0.5921875 0.0328125 0.03515625
0 0.98046875 0.5953125 0.03515625 0.0546875
0 0.95703125 0.55390625 0.0390625 0.040625
0 0.9359375 0.525 0.04296875 0.04296875
0 0.88671875 0.52421875 0.046875 0.0328125
0 0.90546875 0.478125 0.040625 0.0390625
0 0.93359375 0.4578125 0.03515625 0.05625
0 0.91328125 0.44453125 0.0453125 0.0328125
0 0.8796875 0.4203125 0.0375 0.04296875
0 0.859375 0.46953125 0.04296875 0.0453125
0 0.7 0.24296875 0.0375 0.0375
0 0.7328125 0.19609375 0.03515625 0.0375
0 0.76171875 0.1796875 0.03515625 0.0390625
0 0.746875 0.23515625 0.0328125 0.0328125
0 0.69375 0.196875 0.03515625 0.04296875
0 0.6953125 0.1640625 0.03515625 0.0390625
0 0.734375 0.1265625 0.04296875 0.0390625
0 0.6953125 0.11328125 0.046875 0.05078125
0 0.64921875 0.10234375 0.0375 0.0484375
0 0.6421875 0.05078125 0.02734375 0.0390625
0 0.66328125 0.02421875 0.0328125 0.0453125
0 0.72578125 0.06328125 0.0328125 0.0328125
0 0.69375 0.0484375 0.0390625 0.03515625
0 0.7421875 0.03203125 0.03515625 0.025
0 0.8328125 0.02265625 0.053125 0.0375
0 0.85234375 0.0484375 0.0484375 0.046875
0 0.89765625 0.0484375 0.0375 0.03515625
0 0.90390625 0.0171875 0.0515625 0.034375
0 0.896875 0.0890625 0.05078125 0.053125
0 0.93671875 0.11875 0.0375 0.0546875
0 0.8984375 0.15546875 0.0625 0.040625
0 0.82890625 0.0984375 0.0375 0.0328125
0 0.85625 0.12578125 0.0375 0.040625
0 0.8515625 0.175 0.03515625 0.0328125
0 0.87421875 0.21484375 0.0328125 0.02734375
0 0.93125 0.19609375 0.0390625 0.0375
