0 0.00625 0.0484375 0.0125 0.053125
0 0.01171875 0.06640625 0.0234375 0.0515625
0 0.00625 0.0265625 0.0125 0.0375
0 0.0078125 0.13671875 0.015625 0.0453125
0 0.00703125 0.1890625 0.0140625 0.046875
0 0.01640625 0.10859375 0.0328125 0.0578125
0 0.05234375 0.1375 0.0515625 0.05625
0 0.01015625 0.18203125 0.0203125 0.0421875
0 0.0234375 0.21640625 0.046875 0.0453125
0 0.0234375 0.253125 0.046875 0.05
0 0.015625 0.29375 0.03125 0.040625
0 0.0671875 0.2921875 0.040625 0.046875
0 0.0828125 0.328125 0.0484375 0.0453125
0 0.12265625 0.36875 0.0515625 0.059375
0 0.134375 0.3234375 0.05 0.0515625
0 0.06484375 0.35625 0.0515625 0.04375
0 0.0421875 0.378125 0.05 0.065625
0 0.08671875 0.39609375 0.0453125 0.040625
0 0.0859375 0.43046875 0.05625 0.046875
0 0.0953125 0.47265625 0.046875 0.046875
0 0.11015625 0.5359375 0.046875 0.05
0 0.13828125 0.471875 0.0546875 0.0515625
0 0.1703125 0.43671875 0.046875 0.05
0 0.2015625 0.51328125 0.0546875 0.05625
0 0.17109375 0.5859375 0.0609375 0.065625
0 0.14375 0.634375 0.0484375 0.040625
0 0.17421875 0.66484375 0.0375 0.0453125
0 0.2078125 0.6703125 0.046875 0.0515625
0 0.24296875 0.60234375 0.0328125 0.053125
0 0.27265625 0.70859375 0.0703125 0.05625
0 0.2234375 0.7875 0.040625 0.0625
0 0.28984375 0.8125 0.059375 0.04375
0 0.28046875 0.86484375 0.0625 0.0546875
0 0.01015625 0.4015625 0.0203125 0.078125
0 0.01015625 0.36171875 0.0203125 0.0578125
0 0.01015625 0.47421875 0.0203125 0.0421875
0 0.01015625 0.503125 0.0203125 0.0375
0 0.00859375 0.53515625 0.0171875 0.053125
0 0.01328125 0.5296875 0.025 0.0515625
0 0.00859375 0.4859375 0.0171875 0.0390625
0 0.01953125 0.56484375 0.0375 0.0421875
0 0.01484375 0.6078125 0.0265625 0.0453125
0 0.01875 0.65 0.034375 0.0578125
0 0.02890625 0.696875 0.0515625 0.071875
0 0.05625 0.63515625 0.0515625 0.05625
0 0.0765625 0.72265625 0.0625 0.059375
0 0.1265625 0.71953125 0.0390625 0.0640625
0 0.096875 0.77109375 0.0609375 0.05625
0 0.0875 0.82421875 0.059375 0.05625
0 0.03984375 0.81953125 0.046875 0.040625
0 0.1046875 0.88984375 0.0671875 0.0625
0 0.14921875 0.953125 0.0625 0.0546875
0 0.18984375 0.98203125 0.0546875 0.0359375
0 0.00859375 0.69921875 0.0125 0.0484375
0 0.01953125 0.91484375 0.025 0.0515625
0 0.015625 0.9359375 0.0171875 0.0484375
0 0.0171875 0.89140625 0.0203125 0.0578125
0 0.02265625 0.97265625 0.0296875 0.0546875
0 0.02578125 0.89765625 0.0375 0.0453125
0 0.06171875 0.97421875 0.0515625 0.0515625
0 0.0203125 0.975 0.025 0.05
0 0.56484375 0.9890625 0.05625 0.0203125
0 0.61171875 0.978125 0.040625 0.040625
0 0.47578125 0.8953125 0.0453125 0.05625
0 0.43671875 0.92734375 0.03125 0.0328125
0 0.42890625 0.8796875 0.0546875 0.0625
0 0.46875 0.840625 0.0765625 0.0734375
0 0.4 0.85 0.05 0.0515625
0 0.37578125 0.81796875 0.05625 0.0609375
0 0.42734375 0.79140625 0.0625 0.059375
0 0.384375 0.76640625 0.059375 0.04375
0 0.44453125 0.73125 0.0453125 0.0453125
0 0.4046875 0.7296875 0.040625 0.0484375
0 0.3546875 0.7359375 0.046875 0.046875
0 0.4203125 0.690625 0.0609375 0.0703125
0 0.40859375 0.64296875 0.0421875 0.0453125
0 0.39609375 0.596875 0.0515625 0.059375
0 0.36484375 0.66171875 0.05625 0.059375
0 0.33203125 0.69140625 0.0609375 0.059375
0 0.3265625 0.63046875 0.078125 0.065625
0 0.34140625 0.59140625 0.0703125 0.0765625
0 0.32734375 0.5171875 0.0671875 0.0703125
0 0.328125 0.46328125 0.05625 0.0546875
0 0.27578125 0.4765625 0.0625 0.065625
0 0.275 0.42890625 0.0625 0.0671875
0 0.2921875 0.3796875 0.071875 0.071875
0 0.2234375 0.30859375 0.05625 0.0609375
0 0.15703125 0.21953125 0.059375 0.0609375
0 0.1703125 0.16796875 0.0703125 0.05625
0 0.1765625 0.11484375 0.071875 0.0734375
0 0.09609375 0.1109375 0.0515625 0.0546875
0 0.13359375 0.08671875 0.0609375 0.0609375
0 0.1484375 0.03828125 0.0609375 0.0609375
0 0.0875 0.053125 0.0671875 0.0625
0 0.10859375 0.02265625 0.0625 0.0328125
0 0.23671875 0.0171875 0.053125 0.025
0 0.2921875 0.0140625 0.040625 0.0203125
0 0.26015625 0.03515625 0.0546875 0.0546875
0 0.35 0.02421875 0.0578125 0.0453125
0 0.353125 0.065625 0.0453125 0.0328125
0 0.3171875 0.0640625 0.0453125 0.046875
0 0.27578125 0.115625 0.05 0.065625
0 0.32734375 0.1140625 0.0625 0.05
0 0.31015625 0.1546875 0.0484375 0.04375
0 0.34921875 0.16171875 0.04375 0.0484375
0 0.3921875 0.13671875 0.071875 0.0625
0 0.390625 0.17109375 0.0453125 0.0328125
0 0.396875 0.20078125 0.0484375 0.040625
0 0.3109375 0.2203125 0.046875 0.0453125
0 0.33984375 0.25859375 0.05625 0.05625
0 0.38203125 0.27421875 0.046875 0.0328125
0 0.371875 0.3109375 0.065625 0.0609375
0 0.43671875 0.40234375 0.0625 0.065625
0 0.45625 0.4578125 0.046875 0.065625
0 0.50546875 0.44375 0.05 0.05625
0 0.5265625 0.47734375 0.040625 0.040625
0 0.4859375 0.5 0.0609375 0.0546875
0 0.4484375 0.5328125 0.0609375 0.0609375
0 0.4984375 0.553125 0.059375 0.059375
0 0.5546875 0.58203125 0.053125 0.04375
0 0.51171875 0.60546875 0.0609375 0.0515625
0 0.50859375 0.6390625 0.040625 0.0359375
0 0.47734375 0.65859375 0.04375 0.046875
0 0.5578125 0.65078125 0.059375 0.05625
0 0.60234375 0.7078125 0.0828125 0.078125
0 0.52734375 0.725 0.0515625 0.0546875
0 0.5609375 0.7921875 0.05 0.0609375
0 0.6109375 0.771875 0.05 0.05625
0 0.6375 0.7484375 0.0625 0.0609375
0 0.64609375 0.81328125 0.0703125 0.0734375
0 0.5859375 0.84375 0.0453125 0.0484375
0 0.62890625 0.8546875 0.0515625 0.0609375
0 0.6984375 0.875 0.0625 0.0546875
0 0.69609375 0.91640625 0.0515625 0.04375
0 0.61796875 0.890625 0.0546875 0.0515625
0 0.76875 0.946875 0.040625 0.053125
0 0.91328125 0.9828125 0.0484375 0.0203125
0 0.85546875 0.95390625 0.05 0.0546875
0 0.9046875 0.94765625 0.0515625 0.046875
0 0.93046875 0.890625 0.0421875 0.0453125
0 0.8921875 0.89921875 0.0359375 0.0375
0 0.9 0.8578125 0.0625 0.0546875
0 0.8546875 0.89453125 0.0625 0.05
0 0.80078125 0.92265625 0.0515625 0.05625
0 0.7953125 0.871875 0.05625 0.0515625
0 0.84453125 0.85078125 0.059375 0.065625
0 0.78046875 0.84921875 0.040625 0.040625
0 0.7390625 0.79453125 0.04375 0.0671875
0 0.81953125 0.790625 0.0453125 0.0578125
0 0.7734375 0.78046875 0.0375 0.0453125
0 0.79921875 0.75 0.0453125 0.046875
0 0.8359375 0.715625 0.0546875 0.059375
0 0.78046875 0.70546875 0.059375 0.071875
0 0.74765625 0.74296875 0.059375 0.065625
0 0.73984375 0.69765625 0.05 0.05
0 0.725 0.65390625 0.0609375 0.0703125
0 0.83359375 0.6703125 0.046875 0.05625
0 0.8609375 0.63984375 0.0625 0.071875
0 0.75703125 0.58828125 0.0515625 0.059375
0 0.7921875 0.63046875 0.0546875 0.065625
0 0.8125 0.58671875 0.065625 0.046875
0 0.81484375 0.5296875 0.0671875 0.071875
0 0.7453125 0.5328125 0.05625 0.065625
0 0.6390625 0.540625 0.0703125 0.065625
0 0.665625 0.5 0.0671875 0.05625
0 0.59296875 0.490625 0.05 0.05625
0 0.58984375 0.4484375 0.0546875 0.046875
0 0.68515625 0.41953125 0.0515625 0.0453125
0 0.68203125 0.37734375 0.0515625 0.05
0 0.6375 0.428125 0.0546875 0.0515625
0 0.61328125 0.4015625 0.0671875 0.04375
0 0.5765625 0.35703125 0.0515625 0.059375
0 0.53515625 0.3734375 0.0546875 0.059375
0 0.640625 0.31328125 0.0625 0.05625
0 0.67109375 0.2859375 0.0546875 0.0515625
0 0.46015625 0.01953125 0.0484375 0.0390625
0 0.42578125 0.03671875 0.040625 0.040625
0 0.4515625 0.06484375 0.0328125 0.0453125
0 0.49453125 0.0453125 0.0453125 0.0421875
0 0.48671875 0.1015625 0.05 0.05
0 0.45078125 0.13125 0.0328125 0.0453125
0 0.4625 0.17578125 0.034375 0.0625
0 0.49453125 0.1515625 0.0515625 0.0515625
0 0.571875 0.0828125 0.0375 0.0453125
0 0.54296875 0.10625 0.0375 0.0375
0 0.5609375 0.13984375 0.046875 0.0390625
0 0.56015625 0.17734375 0.0421875 0.0328125
0 0.5296875 0.2234375 0.046875 0.0515625
0 0.48984375 0.2171875 0.0515625 0.0546875
0 0.52890625 0.28046875 0.040625 0.040625
0 0.52265625 0.31796875 0.046875 0.0359375
0 0.57265625 0.28515625 0.046875 0.05625
0 0.60078125 0.25078125 0.04375 0.0484375
0 0.5859375 0.215625 0.059375 0.0546875
0 0.62421875 0.02421875 0.03125 0.040625
0 0.6484375 0.009375 0.040625 0.01875
0 0.7203125 0.028125 0.040625 0.0375
0 0.7328125 0.00625 0.0375 0.0125
0 0.69140625 0.00703125 0.0359375 0.0140625
0 0.634375 0.0796875 0.0453125 0.0484375
0 0.68203125 0.090625 0.0421875 0.0421875
0 0.73203125 0.10859375 0.0453125 0.0578125
0 0.6875 0.14296875 0.0515625 0.05
0 0.6828125 0.18515625 0.0484375 0.0359375
0 0.728125 0.18671875 0.0421875 0.03125
0 0.75390625 0.22734375 0.0453125 0.0453125
0 0.78671875 0.20546875 0.040625 0.0484375
0 0.7546875 0.17421875 0.0375 0.0453125
0 0.90546875 0.440625 0.05625 0.05625
0 0.88359375 0.48046875 0.0421875 0.0421875
0 0.87265625 0.5078125 0.0328125 0.0328125
0 0.94140625 0.50546875 0.0421875 0.0359375
0 0.9609375 0.478125 0.0375 0.0328125
0 0.9078125 0.56171875 0.0484375 0.0453125
0 0.9546875 0.56171875 0.0546875 0.046875
0 0.98828125 0.58671875 0.0234375 0.0515625
0 0.91640625 0.63046875 0.0546875 0.0546875
0 0.98046875 0.665625 0.0390625 0.046875
0 0.946875 0.6703125 0.0421875 0.0375
0 0.97734375 0.7140625 0.0453125 0.0421875
0 0.9375 0.715625 0.0359375 0.040625
0 0.97265625 0.75390625 0.046875 0.05625
0 0.9515625 0.78984375 0.04375 0.046875
0 0.9875 0.81796875 0.025 0.0484375
0 0.97890625 0.8453125 0.0328125 0.0453125
0 0.99375 0.89453125 0.0125 0.0484375
0 0.8890625 0.2109375 0.0484375 0.0390625
0 0.83046875 0.1859375 0.0328125 0.059375
0 0.88125 0.24921875 0.0328125 0.040625
0 0.92421875 0.25859375 0.0328125 0.0421875
0 0.94453125 0.2265625 0.040625 0.040625
0 0.9828125 0.225 0.025 0.046875
0 0.96328125 0.19140625 0.0484375 0.0359375
0 0.93984375 0.14453125 0.0375 0.040625
0 0.90390625 0.1359375 0.0328125 0.0375
0 0.8703125 0.1640625 0.040625 0.0484375
0 0.86796875 0.10625 0.0328125 0.03125
0 0.8421875 0.07890625 0.0453125 0.0421875
0 0.95390625 0.09765625 0.046875 0.04375
0 0.9109375 0.071875 0.059375 0.0515625
0 0.8640625 0.0265625 0.046875 0.053125
0 0.90390625 0.01953125 0.0375 0.03125
0 0.90859375 0.00625 0.0578125 0.0125
0 0.83125 0.00703125 0.0375 0.0140625
0 0.7953125 0.0078125 0.0375 0.015625
0 0.9765625 0.028125 0.03125 0.05625
0 0.98828125 0.07734375 0.009375 0.053125
