0 0.0078125 0.16796875 0.015625 0.0546875
0 0.01328125 0.17109375 0.0265625 0.0546875
0 0.00546875 0.2890625 0.0109375 0.0375
0 0.01171875 0.2765625 0.0234375 0.040625
0 0.02109375 0.31015625 0.0421875 0.0515625
0 0.021875 0.3484375 0.04375 0.046875
0 0.028125 0.38984375 0.053125 0.0484375
0 0.07265625 0.365625 0.05625 0.046875
0 0.09921875 0.39453125 0.05625 0.04375
0 0.08671875 0.42109375 0.0515625 0.0390625
0 0.06328125 0.45 0.046875 0.0453125
0 0.12890625 0.421875 0.05 0.0421875
0 0.10703125 0.45703125 0.046875 0.05
0 0.12734375 0.49375 0.059375 0.05
0 0.14609375 0.53671875 0.059375 0.05625
0 0.16640625 0.58203125 0.05625 0.05
0 0.184375 0.5140625 0.0578125 0.0484375
0 0.19609375 0.48203125 0.04375 0.0390625
0 0.23828125 0.546875 0.0640625 0.059375
0 0.21953125 0.67109375 0.05 0.0484375
0 0.2890625 0.690625 0.0453125 0.046875
0 0.2546875 0.68125 0.0546875 0.0546875
0 0.23671875 0.61171875 0.0734375 0.0734375
0 0.3015625 0.61875 0.05 0.059375
0 0.34921875 0.70625 0.053125 0.05
0 0.32578125 0.77421875 0.0671875 0.065625
0 0.3875 0.80390625 0.059375 0.05625
0 0.4 0.853125 0.0703125 0.06875
0 0.0078125 0.45234375 0.015625 0.0421875
0 0.00625 0.5 0.0125 0.04375
0 0.00859375 0.5515625 0.0171875 0.03125
0 0.01875 0.584375 0.03125 0.0328125
0 0.02109375 0.61640625 0.0203125 0.03125
0 0.053125 0.59296875 0.059375 0.04375
0 0.08046875 0.6328125 0.0515625 0.046875
0 0.0515625 0.6375 0.0484375 0.0421875
0 0.08359375 0.7015625 0.0609375 0.059375
0 0.13984375 0.6875 0.0703125 0.06875
0 0.12578125 0.73984375 0.0671875 0.0609375
0 0.175 0.7546875 0.0515625 0.05625
0 0.20078125 0.80078125 0.0609375 0.0609375
0 0.1984375 0.85546875 0.065625 0.0578125
0 0.23984375 0.9125 0.0546875 0.053125
0 0.3 0.94375 0.06875 0.0703125
0 0.3328125 0.978125 0.065625 0.04375
0 0.54453125 0.96953125 0.0796875 0.0609375
0 0.10390625 0.94921875 0.0265625 0.05625
0 0.15625 0.92734375 0.05625 0.0546875
0 0.215625 0.984375 0.071875 0.03125
0 0.05546875 0.1109375 0.05 0.0390625
0 0.04296875 0.1421875 0.0546875 0.053125
0 0.08984375 0.12109375 0.0453125 0.0375
0 0.08828125 0.16796875 0.0515625 0.0640625
0 0.0546875 0.190625 0.05 0.053125
0 0.13984375 0.1828125 0.0546875 0.059375
0 0.1375 0.2359375 0.053125 0.059375
0 0.1484375 0.284375 0.0765625 0.071875
0 0.22421875 0.3484375 0.0640625 0.0609375
0 0.29140625 0.396875 0.05625 0.05
0 0.29140625 0.446875 0.065625 0.05625
0 0.30546875 0.4953125 0.0578125 0.059375
0 0.33828125 0.46484375 0.0640625 0.0671875
0 0.359375 0.51953125 0.071875 0.075
0 0.3796875 0.5765625 0.0609375 0.0640625
0 0.3765625 0.6296875 0.0515625 0.0484375
0 0.425 0.64609375 0.0484375 0.04375
0 0.43671875 0.571875 0.065625 0.0671875
0 0.4609375 0.6140625 0.0515625 0.046875
0 0.475 0.6515625 0.059375 0.053125
0 0.50546875 0.6921875 0.0453125 0.04375
0 0.4734375 0.68984375 0.040625 0.0359375
0 0.396875 0.67109375 0.046875 0.053125
0 0.42578125 0.71171875 0.0546875 0.05625
0 0.4609375 0.73359375 0.05625 0.0546875
0 0.50703125 0.74921875 0.059375 0.0609375
0 0.54921875 0.78828125 0.0609375 0.059375
0 0.51953125 0.8234375 0.0640625 0.0671875
0 0.5734375 0.834375 0.0578125 0.059375
0 0.55 0.86953125 0.053125 0.0546875
0 0.678125 0.92578125 0.053125 0.05
0 0.7046875 0.903125 0.053125 0.053125
0 0.746875 0.94453125 0.05 0.028125
0 0.16796875 0.07734375 0.040625 0.0265625
0 0.19921875 0.09375 0.053125 0.05
0 0.21484375 0.06640625 0.05 0.03125
0 0.25546875 0.1078125 0.0546875 0.059375
0 0.29140625 0.1046875 0.0484375 0.0515625
0 0.27421875 0.05703125 0.0484375 0.040625
0 0.2265625 0.16171875 0.05 0.0578125
0 0.25703125 0.15078125 0.05 0.053125
0 0.26328125 0.19765625 0.0453125 0.053125
0 0.30703125 0.1890625 0.05625 0.0625
0 0.33828125 0.18203125 0.0421875 0.0390625
0 0.35234375 0.2203125 0.053125 0.0546875
0 0.27734375 0.25859375 0.046875 0.05
0 0.29921875 0.23359375 0.05 0.05
0 0.309375 0.284375 0.0484375 0.0421875
0 0.3265625 0.26015625 0.0484375 0.040625
0 0.35390625 0.27890625 0.0546875 0.0453125
0 0.35 0.3171875 0.059375 0.05625
0 0.4296875 0.403125 0.05 0.040625
0 0.459375 0.43203125 0.0515625 0.05625
0 0.5 0.421875 0.0390625 0.034375
0 0.525 0.4453125 0.04375 0.0390625
0 0.5015625 0.48046875 0.0609375 0.0609375
0 0.46875 0.50859375 0.0453125 0.0515625
0 0.5125 0.51328125 0.05 0.0484375
0 0.58046875 0.5359375 0.05 0.05625
0 0.54453125 0.56015625 0.0390625 0.034375
0 0.546875 0.59296875 0.05 0.046875
0 0.5375 0.621875 0.0546875 0.0609375
0 0.59453125 0.5875 0.0640625 0.0609375
0 0.646875 0.63046875 0.0875 0.084375
0 0.6046875 0.6625 0.034375 0.034375
0 0.6125 0.7125 0.0609375 0.0625
0 0.6765625 0.68515625 0.05 0.053125
0 0.7109375 0.72109375 0.0546875 0.0515625
0 0.6625 0.77265625 0.040625 0.0421875
0 0.709375 0.7609375 0.0421875 0.0421875
0 0.69609375 0.79921875 0.040625 0.0453125
0 0.73125 0.78828125 0.040625 0.0484375
0 0.76640625 0.76171875 0.05 0.0484375
0 0.76796875 0.8140625 0.046875 0.05
0 0.859375 0.90625 0.0609375 0.05
0 0.84765625 0.80703125 0.0296875 0.0421875
0 0.98515625 0.8375 0.0296875 0.059375
0 0.971875 0.78828125 0.05625 0.0578125
0 0.97734375 0.74375 0.0453125 0.05625
0 0.95 0.75234375 0.05 0.053125
0 0.93125 0.80390625 0.0578125 0.05
0 0.875 0.7828125 0.0453125 0.040625
0 0.9125 0.759375 0.05625 0.0546875
0 0.88984375 0.71796875 0.0625 0.05625
0 0.8453125 0.73984375 0.053125 0.053125
0 0.83046875 0.7125 0.053125 0.046875
0 0.81328125 0.6734375 0.0578125 0.05
0 0.8796875 0.6640625 0.0640625 0.06875
0 0.8390625 0.63359375 0.05625 0.0625
0 0.8015625 0.6453125 0.053125 0.0625
0 0.85703125 0.59765625 0.0625 0.0625
0 0.84453125 0.5484375 0.0671875 0.0625
0 0.81015625 0.59375 0.0609375 0.0609375
0 0.771875 0.59609375 0.06875 0.0625
0 0.75625 0.5546875 0.05 0.05625
0 0.80546875 0.525 0.0640625 0.059375
0 0.76640625 0.4921875 0.0671875 0.0640625
0 0.8109375 0.47890625 0.0640625 0.0625
0 0.79375 0.43203125 0.05625 0.065625
0 0.75234375 0.45234375 0.08125 0.0765625
0 0.63984375 0.47109375 0.053125 0.059375
0 0.6515625 0.4265625 0.0515625 0.0640625
0 0.5828125 0.42578125 0.0609375 0.0828125
0 0.6625 0.3640625 0.0609375 0.0625
0 0.64453125 0.3171875 0.0625 0.0671875
0 0.615625 0.3765625 0.053125 0.0546875
0 0.58515625 0.35859375 0.0703125 0.075
0 0.546875 0.32109375 0.071875 0.0765625
0 0.525 0.3515625 0.059375 0.0578125
0 0.60546875 0.27734375 0.065625 0.0578125
0 0.61953125 0.24375 0.053125 0.0625
0 0.54453125 0.21796875 0.0609375 0.0625
0 0.534375 0.25625 0.0625 0.0609375
0 0.5 0.30546875 0.0625 0.0640625
0 0.48671875 0.2640625 0.053125 0.0546875
0 0.5078125 0.16640625 0.0578125 0.05625
0 0.48671875 0.2203125 0.0546875 0.0609375
0 0.4453125 0.215625 0.059375 0.0609375
0 0.496875 0.12265625 0.071875 0.0703125
0 0.44453125 0.1515625 0.0671875 0.0640625
0 0.41328125 0.10859375 0.0625 0.05625
0 0.4140625 0.0609375 0.06875 0.0640625
0 0.38359375 0.0890625 0.071875 0.06875
0 0.378125 0.03671875 0.078125 0.0578125
0 0.55546875 0.01015625 0.0484375 0.0203125
0 0.534375 0.015625 0.059375 0.03125
0 0.54453125 0.05546875 0.0546875 0.0609375
0 0.59296875 0.06015625 0.0609375 0.0625
0 0.621875 0.015625 0.053125 0.03125
0 0.63984375 0.06171875 0.0625 0.0625
0 0.61015625 0.10078125 0.06875 0.0625
0 0.60703125 0.146875 0.0671875 0.075
0 0.66015625 0.13359375 0.0515625 0.0625
0 0.68125 0.171875 0.053125 0.046875
0 0.865625 0.3234375 0.0625 0.0609375
0 0.86015625 0.371875 0.059375 0.0484375
0 0.92421875 0.38203125 0.0671875 0.071875
0 0.97578125 0.4484375 0.0484375 0.06875
0 0.9421875 0.43828125 0.071875 0.0765625
0 0.8953125 0.43984375 0.0546875 0.0546875
0 0.91328125 0.49609375 0.0703125 0.071875
0 0.97734375 0.5265625 0.0453125 0.071875
0 0.99453125 0.4875 0.0109375 0.0625
0 0.9546875 0.53203125 0.0515625 0.0546875
0 0.98203125 0.56171875 0.0359375 0.0421875
0 0.95 0.57265625 0.05 0.0640625
0 0.9859375 0.603125 0.028125 0.059375
0 0.70859375 0.00546875 0.0390625 0.0109375
0 0.75703125 0.0140625 0.0609375 0.028125
0 0.79453125 0.01484375 0.0640625 0.0296875
0 0.7296875 0.02109375 0.05625 0.0421875
0 0.76171875 0.04375 0.05625 0.0515625
0 0.80078125 0.05625 0.053125 0.053125
0 0.83828125 0.05 0.04375 0.0453125
0 0.784375 0.08671875 0.0515625 0.0546875
0 0.8046875 0.12421875 0.05625 0.0625
0 0.8609375 0.12109375 0.0515625 0.0546875
0 0.9015625 0.11640625 0.046875 0.0578125
0 0.86484375 0.1734375 0.05 0.059375
0 0.959375 0.296875 0.0203125 0.0453125
