0 0.14140625 0.00625 0.0234375 0.0125
0 0.1375 0.01328125 0.03125 0.0265625
0 0.16171875 0.0109375 0.0484375 0.021875
0 0.13125 0.01015625 0.034375 0.0203125
0 0.19140625 0.0203125 0.0546875 0.040625
0 0.16328125 0.0140625 0.0515625 0.028125
0 0.18671875 0.0078125 0.0421875 0.015625
0 0.15390625 0.00546875 0.0390625 0.0109375
0 0.11171875 0.025 0.025 0.040625
0 0.1140625 0.0484375 0.040625 0.04375
0 0.103125 0.06328125 0.0265625 0.0359375
0 0.0953125 0.09765625 0.028125 0.0375
0 0.10859375 0.0890625 0.0515625 0.05625
0 0.134375 0.10859375 0.05625 0.05
0 0.1078125 0.1421875 0.0640625 0.059375
0 0.14765625 0.1640625 0.0671875 0.0734375
0 0.13984375 0.21875 0.0578125 0.065625
0 0.146875 0.278125 0.0484375 0.059375
0 0.0765625 0.35859375 0.0609375 0.0546875
0 0.05234375 0.31640625 0.04375 0.0578125
0 0.1046875 0.32109375 0.0546875 0.05625
0 0.10546875 0.26875 0.06875 0.0703125
0 0.0859375 0.21015625 0.0546875 0.0609375
0 0.0765625 0.17265625 0.03125 0.05
0 0.084375 0.14140625 0.0359375 0.0671875
0 0.06953125 0.18984375 0.025 0.0453125
0 0.06015625 0.23359375 0.025 0.0421875
0 0.05078125 0.2703125 0.0265625 0.04375
0 0.040625 0.31484375 0.0296875 0.0484375
0 0.01484375 0.40703125 0.025 0.046875
0 0.01015625 0.459375 0.0203125 0.053125
0 0.0140625 0.475 0.028125 0.05
0 0.03046875 0.44921875 0.0609375 0.05625
0 0.07265625 0.48359375 0.05625 0.059375
0 0.10546875 0.43046875 0.0578125 0.046875
0 0.04453125 0.61015625 0.0484375 0.0515625
0 0.0828125 0.6171875 0.0421875 0.0390625
0 0.0640625 0.653125 0.053125 0.0484375
0 0.09921875 0.6703125 0.0578125 0.046875
0 0.0953125 0.715625 0.05625 0.04375
0 0.115625 0.759375 0.0640625 0.05
0 0.00859375 0.64453125 0.0171875 0.0609375
0 0.00859375 0.63359375 0.0171875 0.0515625
0 0.00546875 0.67109375 0.0109375 0.0421875
0 0.01328125 0.6953125 0.0265625 0.05
0 0.0109375 0.65078125 0.021875 0.0453125
0 0.01171875 0.73515625 0.0234375 0.0515625
0 0.01484375 0.7375 0.0296875 0.05
0 0.0234375 0.7890625 0.046875 0.0625
0 0.01796875 0.778125 0.0359375 0.05
0 0.01015625 0.8 0.0203125 0.059375
0 0.01171875 0.81953125 0.0234375 0.0453125
0 0.0125 0.81640625 0.025 0.0453125
0 0.03671875 0.86875 0.0734375 0.05625
0 0.0078125 0.81875 0.015625 0.059375
0 0.13359375 0.571875 0.0484375 0.0546875
0 0.16328125 0.59140625 0.0484375 0.0578125
0 0.13671875 0.625 0.0625 0.05625
0 0.18203125 0.62890625 0.078125 0.078125
0 0.2 0.68203125 0.0546875 0.0515625
0 0.13515625 0.68359375 0.053125 0.059375
0 0.16171875 0.7234375 0.0546875 0.0546875
0 0.20625 0.7328125 0.0515625 0.046875
0 0.1875 0.76015625 0.0390625 0.0359375
0 0.21171875 0.79609375 0.053125 0.046875
0 0.21953125 0.8375 0.053125 0.0484375
0 0.21484375 0.86875 0.0578125 0.046875
0 0.17578125 0.8828125 0.0671875 0.0578125
0 0.13984375 0.859375 0.04375 0.0484375
0 0.1140625 0.8578125 0.0609375 0.0546875
0 0.11875 0.81015625 0.0765625 0.0734375
0 0.17890625 0.8234375 0.0734375 0.0625
0 0.20546875 0.10390625 0.0390625 0.0390625
0 0.2453125 0.10703125 0.0625 0.05625
0 0.2578125 0.15234375 0.059375 0.05
0 0.19921875 0.175 0.0578125 0.05625
0 0.18671875 0.215625 0.0484375 0.0515625
0 0.24453125 0.19453125 0.0578125 0.0515625
0 0.25625 0.221875 0.0421875 0.0390625
0 0.2859375 0.22421875 0.0609375 0.0609375
0 0.290625 0.18125 0.0421875 0.05
0 0.21328125 0.2609375 0.075 0.0734375
0 0.25703125 0.26953125 0.0484375 0.0515625
0 0.3 0.27734375 0.0625 0.0609375
0 0.21015625 0.3140625 0.0609375 0.0609375
0 0.26796875 0.31796875 0.0546875 0.0515625
0 0.30703125 0.32890625 0.0421875 0.053125
0 0.26328125 0.3765625 0.0625 0.05625
0 0.23125 0.39765625 0.0453125 0.0546875
0 0.209375 0.39765625 0.0640625 0.0609375
0 0.21953125 0.45546875 0.053125 0.05
0 0.28125 0.40703125 0.0453125 0.040625
0 0.30625 0.43203125 0.05625 0.0515625
0 0.309375 0.4953125 0.0609375 0.05625
0 0.3109375 0.46015625 0.05 0.0484375
0 0.26640625 0.478125 0.065625 0.065625
0 0.22421875 0.51015625 0.0671875 0.0625
0 0.28984375 0.5296875 0.0625 0.05625
0 0.27578125 0.565625 0.0484375 0.0421875
0 0.28203125 0.60078125 0.059375 0.0578125
0 0.22265625 0.60625 0.0609375 0.0640625
0 0.3 0.646875 0.0578125 0.05625
0 0.33046875 0.58046875 0.046875 0.0515625
0 0.315625 0.74375 0.059375 0.05
0 0.29765625 0.76484375 0.0546875 0.0453125
0 0.28046875 0.796875 0.053125 0.0453125
0 0.3 0.846875 0.065625 0.0515625
0 0.33125 0.79609375 0.04375 0.0484375
0 0.375 0.7921875 0.0609375 0.059375
0 0.34921875 0.834375 0.04375 0.0296875
0 0.34375 0.85625 0.05 0.0421875
0 0.34375 0.90546875 0.0546875 0.04375
0 0.32734375 0.93203125 0.05625 0.0515625
0 0.384375 0.9109375 0.05 0.053125
0 0.4125 0.94140625 0.06875 0.05625
0 0.365625 0.95859375 0.0609375 0.05625
0 0.43828125 0.97890625 0.0609375 0.0421875
0 0.28984375 0.9234375 0.0671875 0.0609375
0 0.41015625 0.60234375 0.0609375 0.078125
0 0.4640625 0.60859375 0.0578125 0.0671875
0 0.3921875 0.66953125 0.053125 0.05
0 0.45546875 0.653125 0.05 0.05
0 0.52578125 0.640625 0.046875 0.0609375
0 0.5046875 0.6609375 0.05625 0.0609375
0 0.43203125 0.73203125 0.071875 0.0578125
0 0.47578125 0.7125 0.0703125 0.0625
0 0.44765625 0.68515625 0.05 0.053125
0 0.496875 0.7609375 0.0515625 0.05625
0 0.52890625 0.72578125 0.0359375 0.0390625
0 0.45859375 0.784375 0.065625 0.06875
0 0.48984375 0.82734375 0.065625 0.059375
0 0.49375 0.86328125 0.0546875 0.05625
0 0.53671875 0.8234375 0.05 0.05
0 0.5296875 0.89921875 0.065625 0.059375
0 0.415625 0.52109375 0.053125 0.0453125
0 0.46015625 0.51171875 0.0625 0.0640625
0 0.425 0.48984375 0.06875 0.0625
0 0.49453125 0.5109375 0.05 0.053125
0 0.5125 0.46484375 0.0515625 0.0578125
0 0.46796875 0.440625 0.0515625 0.0546875
0 0.43046875 0.45078125 0.0453125 0.040625
0 0.40390625 0.4390625 0.0609375 0.046875
0 0.384375 0.4671875 0.05 0.046875
0 0.4234375 0.39921875 0.0609375 0.0546875
0 0.48203125 0.39765625 0.075 0.0640625
0 0.3703125 0.390625 0.0796875 0.06875
0 0.39296875 0.34609375 0.0625 0.0515625
0 0.42578125 0.31796875 0.0390625 0.034375
0 0.45234375 0.34140625 0.0453125 0.0390625
0 0.49296875 0.31953125 0.0390625 0.0265625
0 0.48828125 0.34765625 0.0546875 0.0484375
0 0.45546875 0.28984375 0.06875 0.046875
0 0.303125 0.0890625 0.0484375 0.0421875
0 0.328125 0.13125 0.0515625 0.0484375
0 0.35859375 0.09609375 0.0578125 0.046875
0 0.32890625 0.203125 0.0578125 0.0484375
0 0.37578125 0.24765625 0.046875 0.046875
0 0.41015625 0.23828125 0.0546875 0.0484375
0 0.38984375 0.19921875 0.0546875 0.0453125
0 0.4046875 0.159375 0.0515625 0.0484375
0 0.45 0.1796875 0.053125 0.05
0 0.47578125 0.20390625 0.0328125 0.040625
0 0.46796875 0.09375 0.0609375 0.059375
0 0.41015625 0.11484375 0.05 0.0484375
0 0.465625 0.1421875 0.0484375 0.040625
0 0.39375 0.0640625 0.059375 0.05
0 0.415625 0.0296875 0.0546875 0.0546875
0 0.45859375 0.03046875 0.053125 0.0484375
0 0.43671875 0.015625 0.0640625 0.03125
0 0.3828125 0.01171875 0.059375 0.0234375
0 0.33828125 0.053125 0.053125 0.0546875
0 0.30078125 0.0453125 0.0671875 0.0609375
0 0.3296875 0.02265625 0.06875 0.0453125
0 0.2828125 0.0140625 0.0625 0.028125
0 0.265625 0.0140625 0.0625 0.028125
0 0.25625 0.00546875 0.04375 0.0109375
0 0.29296875 0.0078125 0.0484375 0.015625
0 0.3234375 0.00703125 0.0375 0.0140625
0 0.31796875 0.00703125 0.0640625 0.0140625
0 0.2625 0.00625 0.059375 0.0125
0 0.4015625 0.0046875 0.040625 0.009375
0 0.490625 0.00859375 0.05 0.0171875
0 0.4625 0.0046875 0.040625 0.009375
0 0.56640625 0.1328125 0.0703125 0.0609375
0 0.584375 0.184375 0.059375 0.0609375
0 0.63125 0.19609375 0.0546875 0.053125
0 0.63359375 0.2390625 0.0515625 0.05625
0 0.66171875 0.28203125 0.05625 0.059375
0 0.54765625 0.2578125 0.053125 0.059375
0 0.521875 0.28046875 0.053125 0.0546875
0 0.528125 0.32109375 0.046875 0.05625
0 0.56953125 0.3375 0.053125 0.0546875
0 0.5875 0.275 0.0640625 0.0671875
0 0.621875 0.29765625 0.071875 0.0671875
0 0.6296875 0.34609375 0.06875 0.0578125
0 0.55703125 0.371875 0.059375 0.065625
0 0.60703125 0.39296875 0.0578125 0.0578125
0 0.59296875 0.4375 0.0625 0.053125
0 0.5515625 0.0078125 0.046875 0.015625
0 0.65234375 0.60703125 0.0515625 0.0453125
0 0.68359375 0.6390625 0.059375 0.0578125
0 0.63359375 0.6484375 0.046875 0.053125
0 0.6046875 0.66953125 0.0484375 0.053125
0 0.64609375 0.6953125 0.046875 0.05
0 0.6328125 0.725 0.0484375 0.0515625
0 0.71953125 0.70390625 0.0578125 0.0578125
0 0.71640625 0.753125 0.059375 0.0640625
0 0.66484375 0.76484375 0.05625 0.0609375
0 0.6765625 0.8015625 0.059375 0.0578125
0 0.73203125 0.81171875 0.046875 0.0515625
0 0.71484375 0.8515625 0.05 0.05625
0 0.58984375 0.803125 0.053125 0.053125
0 0.61953125 0.8359375 0.0609375 0.0640625
0 0.59765625 0.87890625 0.0625 0.05625
0 0.62421875 0.94453125 0.0640625 0.059375
0 0.60859375 0.97578125 0.0609375 0.0484375
0 0.646875 0.98515625 0.046875 0.0296875
0 0.66640625 0.8546875 0.04375 0.0578125
0 0.7234375 0.8984375 0.0484375 0.0546875
0 0.7578125 0.878125 0.046875 0.05625
0 0.765625 0.9515625 0.040625 0.04375
0 0.78671875 0.90390625 0.040625 0.0453125
0 0.7671875 0.9890625 0.046875 0.021875
0 0.69453125 0.99375 0.0703125 0.0125
0 0.71484375 0.96953125 0.0484375 0.04375
0 0.6703125 0.91171875 0.071875 0.0703125
0 0.865625 0.91484375 0.0453125 0.0515625
0 0.884375 0.8671875 0.0390625 0.04375
0 0.8171875 0.69375 0.078125 0.0703125
0 0.80234375 0.7671875 0.0546875 0.05625
0 0.825 0.80234375 0.05 0.0484375
0 0.8484375 0.76328125 0.0453125 0.0515625
0 0.875 0.7765625 0.0453125 0.0546875
0 0.90546875 0.7609375 0.0375 0.04375
0 0.9078125 0.80625 0.05625 0.05
0 0.82578125 0.85703125 0.0609375 0.0609375
0 0.80546875 0.6078125 0.04375 0.046875
0 0.771875 0.5859375 0.0640625 0.0625
0 0.778125 0.63203125 0.0484375 0.0515625
0 0.809375 0.55390625 0.065625 0.065625
0 0.77578125 0.5078125 0.0625 0.0515625
0 0.69140625 0.5453125 0.0625 0.06875
0 0.72421875 0.48984375 0.05 0.0390625
0 0.728125 0.52578125 0.0734375 0.0625
0 0.67578125 0.4359375 0.0453125 0.0390625
0 0.67734375 0.41328125 0.053125 0.053125
0 0.68125 0.35703125 0.0375 0.046875
0 0.70625 0.3234375 0.046875 0.0515625
0 0.73828125 0.3171875 0.059375 0.0546875
0 0.725 0.3734375 0.05625 0.05
0 0.71171875 0.40859375 0.0421875 0.0421875
0 0.7453125 0.4140625 0.0515625 0.046875
0 0.72109375 0.4515625 0.0546875 0.053125
0 0.76640625 0.4640625 0.059375 0.0640625
0 0.79609375 0.42421875 0.0609375 0.05625
0 0.76796875 0.35546875 0.05625 0.05
0 0.69765625 0.26015625 0.0515625 0.046875
0 0.6765625 0.2265625 0.0359375 0.0375
0 0.65859375 0.178125 0.04375 0.0453125
0 0.6234375 0.13046875 0.0640625 0.06875
0 0.671875 0.13203125 0.0609375 0.071875
0 0.7015625 0.18046875 0.05625 0.059375
0 0.76484375 0.2015625 0.0390625 0.05
0 0.7390625 0.17109375 0.0515625 0.0453125
0 0.7296875 0.12890625 0.05625 0.0609375
0 0.7484375 0.1015625 0.0625 0.0625
0 0.71796875 0.059375 0.059375 0.05
0 0.7515625 0.0578125 0.05 0.03125
0 0.665625 0.07578125 0.0515625 0.05625
0 0.6234375 0.08515625 0.0546875 0.0609375
0 0.6046875 0.040625 0.05 0.0578125
0 0.6359375 0.02890625 0.0609375 0.034375
0 0.590625 0.0171875 0.028125 0.025
