0 0.01328125 0.32734375 0.0265625 0.0546875
0 0.0125 0.38359375 0.025 0.0578125
0 0.0125 0.36015625 0.025 0.0484375
0 0.0109375 0.39609375 0.021875 0.0453125
0 0.01640625 0.38828125 0.0328125 0.0515625
0 0.01328125 0.3984375 0.0265625 0.05
0 0.01328125 0.3046875 0.0265625 0.05625
0 0.01015625 0.29296875 0.0203125 0.0359375
0 0.0109375 0.46640625 0.021875 0.0453125
0 0.01484375 0.46484375 0.0296875 0.0546875
0 0.01015625 0.49765625 0.0203125 0.0421875
0 0.0125 0.51953125 0.025 0.0484375
0 0.0140625 0.4921875 0.028125 0.059375
0 0.02734375 0.48828125 0.0546875 0.0546875
0 0.03203125 0.528125 0.0640625 0.065625
0 0.071875 0.51796875 0.075 0.0765625
0 0.10234375 0.56015625 0.0640625 0.0671875
0 0.14609375 0.59609375 0.0546875 0.0609375
0 0.1515625 0.69765625 0.0640625 0.0609375
0 0.10703125 0.684375 0.0515625 0.0578125
0 0.14609375 0.653125 0.0578125 0.059375
0 0.1125 0.6171875 0.0734375 0.075
0 0.059375 0.58984375 0.0609375 0.0640625
0 0.02265625 0.578125 0.0453125 0.059375
0 0.015625 0.5625 0.03125 0.071875
0 0.01015625 0.60703125 0.0203125 0.0484375
0 0.0234375 0.64140625 0.046875 0.0484375
0 0.03984375 0.675 0.04375 0.046875
0 0.06328125 0.71171875 0.0484375 0.053125
0 0.1046875 0.7921875 0.0421875 0.0484375
0 0.13671875 0.8328125 0.05625 0.059375
0 0.1796875 0.821875 0.05 0.053125
0 0.1796875 0.7890625 0.0640625 0.0625
0 0.23046875 0.78515625 0.0609375 0.0625
0 0.21875 0.72734375 0.059375 0.053125
0 0.29453125 0.88984375 0.053125 0.0546875
0 0.32578125 0.8703125 0.04375 0.0421875
0 0.33671875 0.90625 0.05625 0.0546875
0 0.37265625 0.8953125 0.059375 0.053125
0 0.39921875 0.92890625 0.05625 0.05
0 0.4421875 0.94453125 0.0640625 0.05625
0 0.22734375 0.97734375 0.0609375 0.0453125
0 0.2515625 0.9625 0.0515625 0.05625
0 0.26640625 0.9875 0.0421875 0.025
0 0.30546875 0.98203125 0.0546875 0.0359375
0 0.28828125 0.9515625 0.0484375 0.0484375
0 0.346875 0.98984375 0.0625 0.0203125
0 0.33125 0.80625 0.053125 0.05625
0 0.36328125 0.79921875 0.053125 0.0578125
0 0.36875 0.8390625 0.065625 0.0625
0 0.4015625 0.8125 0.0828125 0.0828125
0 0.4484375 0.8359375 0.05625 0.0546875
0 0.40625 0.88125 0.0578125 0.0625
0 0.45 0.890625 0.059375 0.059375
0 0.4859375 0.8671875 0.053125 0.0515625
0 0.49140625 0.8984375 0.040625 0.0390625
0 0.5328125 0.90625 0.0546875 0.0515625
0 0.5640625 0.93046875 0.05625 0.0546875
0 0.58203125 0.9546875 0.059375 0.053125
0 0.5640625 0.97890625 0.06875 0.0421875
0 0.52421875 0.9859375 0.0484375 0.028125
0 0.50703125 0.99140625 0.0640625 0.0171875
0 0.4765625 0.96875 0.08125 0.0625
0 0.52734375 0.946875 0.075 0.0703125
0 0.07109375 0.43828125 0.0421875 0.0421875
0 0.10078125 0.41484375 0.065625 0.0625
0 0.13984375 0.43671875 0.0609375 0.0578125
0 0.1140625 0.490625 0.0609375 0.059375
0 0.13203125 0.52734375 0.053125 0.0546875
0 0.1578125 0.475 0.059375 0.0578125
0 0.184375 0.4859375 0.04375 0.0421875
0 0.20625 0.46796875 0.0640625 0.0640625
0 0.18125 0.43515625 0.0484375 0.0515625
0 0.18046875 0.53984375 0.0796875 0.0796875
0 0.215625 0.5171875 0.053125 0.0546875
0 0.25078125 0.49453125 0.065625 0.065625
0 0.21328125 0.57890625 0.0640625 0.0640625
0 0.2546875 0.54375 0.05625 0.0546875
0 0.28828125 0.52578125 0.0484375 0.0546875
0 0.290625 0.58671875 0.065625 0.0625
0 0.2828125 0.621875 0.0515625 0.05625
0 0.26796875 0.63671875 0.06875 0.065625
0 0.3125 0.66953125 0.0546875 0.0546875
0 0.32265625 0.5953125 0.0484375 0.0453125
0 0.35703125 0.59609375 0.059375 0.05625
0 0.40078125 0.63671875 0.0640625 0.0625
0 0.378125 0.6125 0.053125 0.0515625
0 0.36015625 0.65390625 0.0703125 0.0703125
0 0.35234375 0.703125 0.06875 0.0671875
0 0.409375 0.67421875 0.065625 0.0609375
0 0.42421875 0.70703125 0.05 0.046875
0 0.4515625 0.7265625 0.0625 0.0625
0 0.41484375 0.76953125 0.065625 0.06875
0 0.49375 0.746875 0.0609375 0.059375
0 0.4703125 0.68203125 0.0515625 0.053125
0 0.56875 0.80234375 0.0609375 0.0578125
0 0.5703125 0.828125 0.05625 0.0515625
0 0.57890625 0.86171875 0.0546875 0.05
0 0.62578125 0.8828125 0.0671875 0.0609375
0 0.61328125 0.828125 0.0484375 0.05
0 0.64140625 0.79765625 0.065625 0.0640625
0 0.65078125 0.8421875 0.0421875 0.0359375
0 0.66171875 0.8609375 0.0515625 0.0484375
0 0.69453125 0.89453125 0.0546875 0.05
0 0.7 0.9234375 0.059375 0.05625
0 0.72578125 0.87109375 0.0546875 0.0546875
0 0.7640625 0.8734375 0.0703125 0.0640625
0 0.74296875 0.91484375 0.0625 0.0578125
0 0.8078125 0.8828125 0.059375 0.0515625
0 0.66875 0.9421875 0.0703125 0.0671875
0 0.53984375 0.64375 0.0703125 0.078125
0 0.58125 0.61171875 0.065625 0.06875
0 0.57265625 0.7015625 0.0546875 0.0546875
0 0.60390625 0.64921875 0.053125 0.053125
0 0.64453125 0.59453125 0.0546875 0.0609375
0 0.64296875 0.62109375 0.0625 0.0640625
0 0.6390625 0.71796875 0.071875 0.065625
0 0.65703125 0.675 0.0734375 0.06875
0 0.61953125 0.67578125 0.0546875 0.0546875
0 0.703125 0.69453125 0.05625 0.059375
0 0.70234375 0.64921875 0.0390625 0.040625
0 0.69375 0.73671875 0.071875 0.0734375
0 0.7421875 0.7453125 0.06875 0.065625
0 0.76796875 0.76640625 0.0578125 0.059375
0 0.771875 0.7109375 0.053125 0.053125
0 0.8171875 0.76796875 0.06875 0.065625
0 0.4890625 0.584375 0.0546875 0.05
0 0.5140625 0.54921875 0.06875 0.06875
0 0.47578125 0.55703125 0.071875 0.06875
0 0.5375 0.52578125 0.0546875 0.0546875
0 0.51953125 0.48203125 0.0578125 0.059375
0 0.471875 0.4953125 0.0546875 0.05625
0 0.453125 0.5265625 0.0484375 0.0453125
0 0.428125 0.5359375 0.0609375 0.0546875
0 0.4328125 0.56875 0.0515625 0.05
0 0.41484375 0.49609375 0.0640625 0.0609375
0 0.453125 0.45625 0.0765625 0.0703125
0 0.3734375 0.52578125 0.08125 0.0765625
0 0.35859375 0.48046875 0.0640625 0.0578125
0 0.36328125 0.4390625 0.040625 0.0375
0 0.396875 0.4375 0.046875 0.04375
0 0.409375 0.39609375 0.0375 0.0328125
0 0.425 0.41796875 0.05625 0.053125
0 0.36484375 0.4 0.0671875 0.05625
0 0.12890625 0.3640625 0.05 0.046875
0 0.1734375 0.3765625 0.0546875 0.053125
0 0.1703125 0.33203125 0.059375 0.053125
0 0.2203125 0.425 0.0578125 0.053125
0 0.28203125 0.42421875 0.0515625 0.0515625
0 0.3 0.3953125 0.05625 0.053125
0 0.2609375 0.3828125 0.05625 0.0515625
0 0.24375 0.3453125 0.0546875 0.053125
0 0.28828125 0.32890625 0.0546875 0.0546875
0 0.321875 0.32890625 0.0375 0.040625
0 0.24296875 0.25859375 0.065625 0.0640625
0 0.21875 0.31171875 0.053125 0.0515625
0 0.27421875 0.29296875 0.0484375 0.0453125
0 0.1734375 0.2875 0.0609375 0.0578125
0 0.1671875 0.24921875 0.059375 0.059375
0 0.19609375 0.221875 0.05625 0.0546875
0 0.1578125 0.2109375 0.0703125 0.0703125
0 0.10625 0.22890625 0.0640625 0.0625
0 0.12890625 0.31640625 0.0578125 0.0578125
0 0.0984375 0.33515625 0.0703125 0.0671875
0 0.0953125 0.29296875 0.0734375 0.075
0 0.0546875 0.3140625 0.065625 0.0625
0 0.02109375 0.290625 0.0421875 0.06875
0 0.01171875 0.25546875 0.0234375 0.0453125
0 0.02109375 0.24765625 0.0421875 0.0578125
0 0.04453125 0.2421875 0.0484375 0.053125
0 0.02734375 0.2140625 0.0546875 0.053125
0 0.01484375 0.23984375 0.0296875 0.0484375
0 0.08828125 0.171875 0.0421875 0.0359375
0 0.18203125 0.153125 0.0625 0.0640625
0 0.14140625 0.14140625 0.0421875 0.0359375
0 0.3375 0.2203125 0.071875 0.0671875
0 0.3828125 0.24375 0.0640625 0.065625
0 0.42265625 0.22109375 0.0578125 0.0578125
0 0.45234375 0.2484375 0.05625 0.059375
0 0.5 0.259375 0.0609375 0.0625
0 0.40703125 0.31796875 0.0578125 0.0625
0 0.40390625 0.35078125 0.0578125 0.0578125
0 0.43515625 0.37421875 0.053125 0.0578125
0 0.47421875 0.3578125 0.0578125 0.0578125
0 0.44453125 0.30390625 0.06875 0.0703125
0 0.4828125 0.29609375 0.075 0.0734375
0 0.5203125 0.325 0.0703125 0.065625
0 0.4875 0.38984375 0.065625 0.06875
0 0.5359375 0.37109375 0.0625 0.0625
0 0.55546875 0.4109375 0.0640625 0.059375
0 0.21640625 0.09921875 0.0484375 0.040625
0 0.7078125 0.48828125 0.053125 0.05
0 0.75 0.48828125 0.0625 0.0625
0 0.72265625 0.528125 0.0515625 0.0546875
0 0.71640625 0.56171875 0.0546875 0.05625
0 0.76171875 0.55078125 0.05 0.0515625
0 0.77265625 0.5796875 0.053125 0.0546875
0 0.8171875 0.50859375 0.0625 0.0625
0 0.84765625 0.54453125 0.065625 0.0671875
0 0.8203125 0.58671875 0.0625 0.0640625
0 0.853125 0.60390625 0.0625 0.0625
0 0.896875 0.5734375 0.0515625 0.053125
0 0.91171875 0.61328125 0.0546875 0.0578125
0 0.7953125 0.6625 0.05625 0.05625
0 0.8359375 0.66484375 0.065625 0.06875
0 0.84921875 0.70859375 0.065625 0.0609375
0 0.91171875 0.7359375 0.0671875 0.065625
0 0.9234375 0.77109375 0.0640625 0.0609375
0 0.9609375 0.75546875 0.0515625 0.053125
0 0.88125 0.646875 0.0515625 0.0578125
0 0.9484375 0.63984375 0.053125 0.05625
0 0.95859375 0.603125 0.053125 0.0578125
0 0.99453125 0.64609375 0.0109375 0.0453125
0 0.9859375 0.60078125 0.028125 0.0484375
0 0.9859375 0.73984375 0.028125 0.0671875
0 0.98203125 0.69296875 0.0359375 0.0484375
0 0.92109375 0.684375 0.0765625 0.0765625
0 0.878125 0.4375 0.08125 0.078125
0 0.915625 0.49765625 0.0578125 0.059375
0 0.9546875 0.50703125 0.053125 0.0515625
0 0.94453125 0.465625 0.05 0.053125
0 0.971875 0.45625 0.0515625 0.05625
0 0.98125 0.4265625 0.0375 0.04375
0 0.9921875 0.45390625 0.015625 0.0546875
0 0.9796875 0.54296875 0.040625 0.0640625
0 0.81328125 0.3859375 0.0484375 0.05
0 0.77578125 0.39453125 0.06875 0.06875
0 0.81015625 0.421875 0.053125 0.0546875
0 0.7796875 0.34765625 0.0703125 0.0703125
0 0.7265625 0.33828125 0.0640625 0.0578125
0 0.69453125 0.41953125 0.06875 0.071875
0 0.6796875 0.36015625 0.05 0.04375
0 0.70625 0.38203125 0.075 0.0703125
0 0.6109375 0.35546875 0.046875 0.04375
0 0.59609375 0.3390625 0.05625 0.05625
0 0.5625 0.29765625 0.04375 0.046875
0 0.5578125 0.2578125 0.0515625 0.053125
0 0.575 0.2328125 0.0609375 0.059375
0 0.60390625 0.2796875 0.0578125 0.0546875
0 0.61796875 0.3125 0.0453125 0.0453125
0 0.64375 0.29453125 0.053125 0.0515625
0 0.653125 0.3359375 0.0578125 0.0578125
0 0.69140625 0.31484375 0.065625 0.0671875
0 0.68515625 0.26796875 0.0640625 0.0625
0 0.621875 0.240625 0.0578125 0.0546875
0 0.5109375 0.22109375 0.053125 0.0515625
0 0.47421875 0.21171875 0.0390625 0.0390625
0 0.4296875 0.190625 0.046875 0.046875
0 0.37421875 0.18203125 0.0703125 0.071875
0 0.40859375 0.15078125 0.06875 0.0734375
0 0.46015625 0.1640625 0.0609375 0.0625
0 0.5171875 0.13671875 0.04375 0.05
0 0.4796875 0.1328125 0.053125 0.05
0 0.4453125 0.11015625 0.0625 0.0640625
0 0.43984375 0.07890625 0.0671875 0.0671875
0 0.3890625 0.065625 0.0671875 0.0671875
0 0.3953125 0.02109375 0.059375 0.0421875
0 0.3671875 0.11640625 0.05625 0.059375
0 0.34453125 0.14921875 0.0609375 0.0640625
0 0.30234375 0.1328125 0.05625 0.059375
0 0.30390625 0.0828125 0.06875 0.0640625
0 0.26328125 0.10234375 0.0375 0.0421875
