0 0.23984375 0.00703125 0.0296875 0.0140625
0 0.23671875 0.00703125 0.0234375 0.0140625
0 0.24609375 0.00625 0.0328125 0.0125
0 0.26953125 0.00859375 0.0484375 0.0171875
0 0.25 0.00859375 0.046875 0.0171875
0 0.259375 0.0125 0.06875 0.025
0 0.2359375 0.01328125 0.040625 0.0265625
0 0.3109375 0.01015625 0.046875 0.0203125
0 0.246875 0.01875 0.071875 0.0375
0 0.28125 0.015625 0.06875 0.03125
0 0.21015625 0.0109375 0.0359375 0.021875
0 0.1875 0.01015625 0.03125 0.0203125
0 0.17578125 0.0234375 0.0453125 0.046875
0 0.159375 0.0515625 0.0453125 0.065625
0 0.13359375 0.10546875 0.034375 0.05
0 0.11328125 0.15703125 0.040625 0.0609375
0 0.08125 0.22109375 0.0296875 0.0515625
0 0.0890625 0.22734375 0.05 0.0671875
0 0.09375 0.284375 0.0734375 0.075
0 0.1265625 0.24296875 0.0890625 0.090625
0 0.14296875 0.18359375 0.0671875 0.0765625
0 0.1375 0.1265625 0.0609375 0.0703125
0 0.15 0.0828125 0.0515625 0.06875
0 0.1734375 0.05234375 0.0609375 0.065625
0 0.19609375 0.02734375 0.0734375 0.0546875
0 0.196875 0.0125 0.0375 0.025
0 0.1859375 0.140625 0.05 0.0578125
0 0.1828125 0.19453125 0.05625 0.0625
0 0.01953125 0.37734375 0.0390625 0.0703125
0 0.0109375 0.56640625 0.021875 0.0671875
0 0.01015625 0.55546875 0.0203125 0.0609375
0 0.0171875 0.5984375 0.034375 0.078125
0 0.0125 0.64609375 0.025 0.0765625
0 0.01875 0.6546875 0.0375 0.075
0 0.0171875 0.6953125 0.034375 0.059375
0 0.00859375 0.71171875 0.0171875 0.0546875
0 0.015625 0.746875 0.03125 0.06875
0 0.01640625 0.7453125 0.0328125 0.06875
0 0.01953125 0.7140625 0.0390625 0.075
0 0.01953125 0.796875 0.0390625 0.0625
0 0.00546875 0.74765625 0.0109375 0.0328125
0 0.015625 0.39609375 0.03125 0.0609375
0 0.034375 0.365625 0.05 0.05
0 0.06640625 0.403125 0.05 0.0578125
0 0.084375 0.35703125 0.053125 0.0578125
0 0.115625 0.35703125 0.0546875 0.0625
0 0.12734375 0.51171875 0.0546875 0.0609375
0 0.0328125 0.534375 0.065625 0.071875
0 0.03515625 0.58671875 0.0703125 0.0796875
0 0.0640625 0.55 0.05625 0.0609375
0 0.115625 0.57109375 0.08125 0.0796875
0 0.1625 0.56953125 0.0703125 0.0765625
0 0.14609375 0.53359375 0.0578125 0.065625
0 0.071875 0.61171875 0.0609375 0.05625
0 0.05703125 0.6546875 0.0734375 0.0734375
0 0.12421875 0.671875 0.0640625 0.0703125
0 0.11796875 0.63125 0.0484375 0.0546875
0 0.15390625 0.621875 0.0625 0.0640625
0 0.171875 0.671875 0.065625 0.08125
0 0.06796875 0.7046875 0.0703125 0.0671875
0 0.08125 0.7453125 0.0796875 0.06875
0 0.0609375 0.79375 0.053125 0.05625
0 0.08515625 0.80859375 0.0640625 0.0703125
0 0.11953125 0.77734375 0.0703125 0.0671875
0 0.109375 0.84609375 0.0703125 0.0734375
0 0.1515625 0.85546875 0.0765625 0.075
0 0.1609375 0.8046875 0.05625 0.0578125
0 0.17578125 0.76484375 0.059375 0.065625
0 0.153125 0.71875 0.0703125 0.0734375
0 0.278125 0.034375 0.075 0.06875
0 0.3203125 0.03828125 0.075 0.071875
0 0.33203125 0.0890625 0.071875 0.0671875
0 0.3578125 0.1203125 0.065625 0.059375
0 0.259375 0.1015625 0.0875 0.08125
0 0.24140625 0.14140625 0.075 0.0703125
0 0.31484375 0.1359375 0.0765625 0.078125
0 0.34296875 0.17890625 0.078125 0.0734375
0 0.26328125 0.18984375 0.078125 0.071875
0 0.2453125 0.24765625 0.090625 0.0875
0 0.30546875 0.21640625 0.0828125 0.0765625
0 0.3453125 0.23046875 0.0640625 0.0640625
0 0.31328125 0.2671875 0.075 0.0734375
0 0.2890625 0.32265625 0.0671875 0.0640625
0 0.21484375 0.3390625 0.0796875 0.075
0 0.2546875 0.34375 0.0765625 0.075
0 0.234375 0.39921875 0.0796875 0.078125
0 0.28828125 0.38125 0.065625 0.0578125
0 0.32578125 0.3890625 0.0734375 0.0640625
0 0.28203125 0.4328125 0.0765625 0.075
0 0.23515625 0.45546875 0.0859375 0.084375
0 0.28984375 0.49296875 0.071875 0.0671875
0 0.3234375 0.45 0.0671875 0.065625
0 0.2171875 0.55859375 0.0875 0.090625
0 0.27265625 0.5625 0.0921875 0.0921875
0 0.3109375 0.5390625 0.0625 0.0578125
0 0.33359375 0.565625 0.059375 0.0515625
0 0.29140625 0.7203125 0.0671875 0.0609375
0 0.26640625 0.74765625 0.06875 0.059375
0 0.23671875 0.7734375 0.0765625 0.065625
0 0.240625 0.83046875 0.06875 0.0578125
0 0.30078125 0.85078125 0.0671875 0.0609375
0 0.33828125 0.78203125 0.071875 0.06875
0 0.2859375 0.7921875 0.0546875 0.05
0 0.26328125 0.91796875 0.065625 0.0609375
0 0.29140625 0.88984375 0.0609375 0.065625
0 0.33046875 0.9125 0.0515625 0.0515625
0 0.36015625 0.90390625 0.0546875 0.05625
0 0.3015625 0.93984375 0.0484375 0.046875
0 0.3609375 0.94765625 0.075 0.065625
0 0.37734375 0.984375 0.0546875 0.03125
0 0.34296875 0.009375 0.0546875 0.01875
0 0.4046875 0.009375 0.06875 0.01875
0 0.378125 0.01015625 0.053125 0.0203125
0 0.4140625 0.009375 0.046875 0.01875
0 0.3515625 0.0109375 0.05625 0.021875
0 0.36796875 0.0125 0.0546875 0.025
0 0.42109375 0.01484375 0.0703125 0.0296875
0 0.4765625 0.01171875 0.0625 0.0234375
0 0.521875 0.009375 0.05 0.01875
0 0.50703125 0.01484375 0.0640625 0.0296875
0 0.48828125 0.021875 0.0640625 0.04375
0 0.43125 0.015625 0.0625 0.03125
0 0.3875 0.01796875 0.071875 0.0359375
0 0.384375 0.0296875 0.0625 0.059375
0 0.40234375 0.071875 0.0734375 0.0625
0 0.43828125 0.03984375 0.0703125 0.0765625
0 0.50234375 0.065625 0.0671875 0.0640625
0 0.55234375 0.0546875 0.075 0.0796875
0 0.52890625 0.14375 0.0671875 0.0765625
0 0.48046875 0.11953125 0.059375 0.046875
0 0.4546875 0.14921875 0.0671875 0.0625
0 0.47109375 0.2015625 0.0578125 0.0578125
0 0.4359375 0.20234375 0.0640625 0.059375
0 0.42734375 0.3 0.059375 0.0609375
0 0.41015625 0.35078125 0.0765625 0.0828125
0 0.4296875 0.4046875 0.0671875 0.071875
0 0.4421875 0.45859375 0.0703125 0.0703125
0 0.42578125 0.503125 0.078125 0.0828125
0 0.48671875 0.50390625 0.071875 0.0671875
0 0.5234375 0.521875 0.0765625 0.0828125
0 0.53671875 0.47578125 0.0734375 0.0765625
0 0.55546875 0.446875 0.0765625 0.075
0 0.50234375 0.428125 0.0671875 0.065625
0 0.46484375 0.3796875 0.06875 0.0640625
0 0.465625 0.4234375 0.0609375 0.0609375
0 0.521875 0.38984375 0.0734375 0.0703125
0 0.53359375 0.34765625 0.0703125 0.06875
0 0.47109375 0.2890625 0.0578125 0.0625
0 0.41328125 0.59609375 0.084375 0.0734375
0 0.38203125 0.66484375 0.0671875 0.0640625
0 0.47109375 0.6140625 0.0875 0.08125
0 0.52890625 0.6515625 0.0578125 0.059375
0 0.45859375 0.665625 0.078125 0.071875
0 0.4578125 0.721875 0.0765625 0.065625
0 0.42109375 0.7328125 0.0765625 0.0734375
0 0.48828125 0.775 0.0890625 0.0796875
0 0.43828125 0.78671875 0.0671875 0.0625
0 0.45703125 0.83828125 0.0703125 0.0609375
0 0.46640625 0.884375 0.084375 0.084375
0 0.4828125 0.921875 0.075 0.071875
0 0.60234375 0.69296875 0.0671875 0.0640625
0 0.64453125 0.68125 0.071875 0.06875
0 0.690625 0.68359375 0.071875 0.0625
0 0.6484375 0.74140625 0.0875 0.0890625
0 0.653125 0.79765625 0.065625 0.0578125
0 0.571875 0.81875 0.075 0.0796875
0 0.60390625 0.87421875 0.0828125 0.078125
0 0.571875 0.90859375 0.078125 0.0796875
0 0.6421875 0.89375 0.0953125 0.0859375
0 0.66171875 0.8390625 0.075 0.0734375
0 0.72890625 0.7546875 0.0640625 0.0640625
0 0.71328125 0.79765625 0.0734375 0.0703125
0 0.725 0.8703125 0.0765625 0.075
0 0.6953125 0.9046875 0.0734375 0.0671875
0 0.6921875 0.95 0.084375 0.0796875
0 0.7453125 0.934375 0.0765625 0.0765625
0 0.6140625 0.953125 0.0703125 0.0671875
0 0.65703125 0.98125 0.0578125 0.0375
0 0.6296875 0.9921875 0.053125 0.015625
0 0.58359375 0.97578125 0.0703125 0.0484375
0 0.73984375 0.990625 0.0640625 0.01875
0 0.82421875 0.98671875 0.0296875 0.0265625
0 0.82421875 0.92734375 0.0609375 0.0609375
0 0.81328125 0.87421875 0.0546875 0.0625
0 0.79765625 0.8265625 0.06875 0.075
0 0.83359375 0.7484375 0.0859375 0.078125
0 0.8640625 0.8421875 0.075 0.0734375
0 0.8625 0.7859375 0.0671875 0.0609375
0 0.8953125 0.83671875 0.0265625 0.046875
0 0.79921875 0.62734375 0.06875 0.0640625
0 0.8203125 0.6734375 0.09375 0.08125
0 0.85078125 0.60546875 0.0765625 0.0765625
0 0.8109375 0.55234375 0.065625 0.0609375
0 0.725 0.58359375 0.0625 0.0640625
0 0.765625 0.5359375 0.0671875 0.0625
0 0.74765625 0.48984375 0.075 0.0703125
0 0.7984375 0.4984375 0.0640625 0.0640625
0 0.78125 0.44375 0.0796875 0.075
0 0.81484375 0.3375 0.0609375 0.053125
0 0.77734375 0.3484375 0.0625 0.0609375
0 0.746875 0.384375 0.0515625 0.0515625
0 0.73203125 0.425 0.0609375 0.0609375
0 0.70546875 0.49453125 0.0828125 0.078125
0 0.83046875 0.3953125 0.0578125 0.065625
0 0.87421875 0.39296875 0.0703125 0.075
0 0.85078125 0.465625 0.0890625 0.0921875
0 0.625 0.44375 0.06875 0.0625
0 0.646875 0.40625 0.0859375 0.075
0 0.6078125 0.36484375 0.0671875 0.0640625
0 0.6234375 0.32890625 0.071875 0.075
0 0.58046875 0.25703125 0.06875 0.0703125
0 0.61796875 0.240625 0.08125 0.0796875
0 0.659375 0.26953125 0.0703125 0.0671875
0 0.68671875 0.30234375 0.0671875 0.065625
0 0.68671875 0.35390625 0.075 0.06875
0 0.734375 0.29921875 0.0734375 0.075
0 0.71640625 0.24921875 0.0765625 0.0671875
0 0.71328125 0.20546875 0.0734375 0.08125
0 0.67109375 0.1765625 0.0828125 0.084375
0 0.64765625 0.1265625 0.0921875 0.0859375
0 0.77890625 0.26953125 0.0625 0.05625
0 0.7609375 0.23359375 0.0625 0.0578125
0 0.75 0.184375 0.075 0.065625
0 0.77421875 0.1359375 0.071875 0.071875
0 0.7265625 0.11796875 0.06875 0.0640625
0 0.7640625 0.08515625 0.059375 0.046875
0 0.72578125 0.06953125 0.053125 0.046875
0 0.70390625 0.059375 0.0640625 0.0484375
0 0.734375 0.06953125 0.0609375 0.04375
0 0.71015625 0.05234375 0.04375 0.0265625
0 0.8078125 0.10234375 0.065625 0.0484375
0 0.8484375 0.11640625 0.059375 0.0421875
0 0.82578125 0.14609375 0.0765625 0.065625
0 0.8375 0.19609375 0.0640625 0.05625
0 0.8546875 0.2359375 0.071875 0.0671875
0 0.85703125 0.2921875 0.06875 0.065625
0 0.57734375 0.0140625 0.0609375 0.028125
0 0.64765625 0.02890625 0.0671875 0.0421875
