0 0.1875 0.00703125 0.0375 0.0140625
0 0.14140625 0.0140625 0.0421875 0.028125
0 0.265625 0.01796875 0.04375 0.0359375
0 0.23203125 0.0234375 0.0390625 0.046875
0 0.2984375 0.01015625 0.034375 0.0203125
0 0.30703125 0.0453125 0.0453125 0.0546875
0 0.28125 0.06796875 0.0484375 0.0578125
0 0.2828125 0.10078125 0.0421875 0.0515625
0 0.3484375 0.09609375 0.0453125 0.0515625
0 0.31015625 0.12734375 0.040625 0.05
0 0.353125 0.13515625 0.0484375 0.05
0 0.31171875 0.1671875 0.0375 0.0359375
0 0.2546875 0.1625 0.04375 0.0625
0 0.20546875 0.25 0.0515625 0.0546875
0 0.14140625 0.26875 0.04375 0.0375
0 0.1171875 0.29453125 0.046875 0.0359375
0 0.07421875 0.28125 0.04375 0.0390625
0 0.053125 0.30703125 0.040625 0.0359375
0 0.0890625 0.3265625 0.046875 0.0421875
0 0.059375 0.35234375 0.046875 0.04375
0 0.04609375 0.39609375 0.046875 0.040625
0 0.10390625 0.41015625 0.053125 0.046875
0 0.0953125 0.440625 0.0515625 0.0453125
0 0.13359375 0.32890625 0.040625 0.0359375
0 0.265625 0.228125 0.046875 0.04375
0 0.30546875 0.221875 0.0484375 0.0421875
0 0.31953125 0.25625 0.0390625 0.0421875
0 0.3234375 0.3328125 0.0375 0.034375
0 0.3 0.36015625 0.046875 0.0421875
0 0.28046875 0.43515625 0.0296875 0.028125
0 0.29609375 0.3890625 0.040625 0.040625
0 0.33984375 0.3828125 0.034375 0.034375
0 0.33984375 0.415625 0.04375 0.046875
0 0.33515625 0.44921875 0.040625 0.05
0 0.29296875 0.4875 0.040625 0.0421875
0 0.353125 0.521875 0.0609375 0.0625
0 0.3203125 0.578125 0.034375 0.0375
0 0.24375 0.49375 0.05 0.05
0 0.18984375 0.55703125 0.0390625 0.034375
0 0.2546875 0.54140625 0.046875 0.04375
0 0.23203125 0.57109375 0.034375 0.0390625
0 0.1859375 0.6109375 0.0421875 0.040625
0 0.025 0.45 0.046875 0.05
0 0.05859375 0.4640625 0.05 0.040625
0 0.0875 0.51015625 0.0640625 0.059375
0 0.0515625 0.5265625 0.0515625 0.05625
0 0.0125 0.52890625 0.025 0.0515625
0 0.1203125 0.578125 0.0359375 0.0453125
0 0.0953125 0.59453125 0.0421875 0.0515625
0 0.13671875 0.62421875 0.040625 0.040625
0 0.10625 0.65625 0.0484375 0.0484375
0 0.08984375 0.684375 0.046875 0.040625
0 0.146875 0.6640625 0.0421875 0.0390625
0 0.14375 0.7046875 0.0390625 0.0359375
0 0.14375 0.740625 0.0484375 0.040625
0 0.1140625 0.7703125 0.040625 0.034375
0 0.09140625 0.78203125 0.0328125 0.034375
0 0.0984375 0.82109375 0.0453125 0.034375
0 0.10625 0.86328125 0.04375 0.0453125
0 0.16015625 0.8140625 0.0375 0.0296875
0 0.14296875 0.83671875 0.04375 0.0390625
0 0.16640625 0.878125 0.0375 0.0359375
0 0.175 0.92578125 0.028125 0.021875
0 0.10546875 0.9078125 0.0421875 0.025
0 0.20703125 0.84453125 0.0453125 0.0515625
0 0.1953125 0.88671875 0.0421875 0.046875
0 0.246875 0.853125 0.0359375 0.0390625
0 0.271875 0.82890625 0.040625 0.0421875
0 0.26171875 0.77578125 0.0515625 0.0546875
0 0.29765625 0.7953125 0.040625 0.040625
0 0.3140625 0.71875 0.0296875 0.0390625
0 0.34453125 0.65703125 0.04375 0.0453125
0 0.42890625 0.03828125 0.0359375 0.0453125
0 0.46875 0.01640625 0.04375 0.0328125
0 0.48125 0.0046875 0.03125 0.009375
0 0.528125 0.0140625 0.040625 0.028125
0 0.48359375 0.0875 0.0390625 0.04375
0 0.54140625 0.10234375 0.059375 0.05625
0 0.54140625 0.1375 0.04375 0.0390625
0 0.52734375 0.184375 0.0484375 0.0421875
0 0.55625 0.1796875 0.04375 0.0390625
0 0.584375 0.1453125 0.046875 0.05
0 0.5046875 0.24921875 0.059375 0.0578125
0 0.440625 0.28828125 0.046875 0.053125
0 0.375 0.35703125 0.046875 0.034375
0 0.3875 0.3921875 0.04375 0.0421875
0 0.18984375 0.2046875 0.03125 0.0328125
0 0.21953125 0.1890625 0.0453125 0.0453125
0 0.47421875 0.31953125 0.0359375 0.0390625
0 0.515625 0.290625 0.0359375 0.040625
0 0.553125 0.26484375 0.04375 0.046875
0 0.56953125 0.22421875 0.040625 0.034375
0 0.56640625 0.32109375 0.0640625 0.0609375
0 0.5203125 0.353125 0.040625 0.0359375
0 0.57421875 0.39296875 0.040625 0.0390625
0 0.55390625 0.4140625 0.05 0.05
0 0.35859375 0.603125 0.04375 0.05
0 0.371875 0.6390625 0.0453125 0.0515625
0 0.38125 0.6796875 0.0421875 0.0390625
0 0.37109375 0.71484375 0.05 0.05
0 0.37578125 0.7484375 0.0421875 0.0484375
0 0.33828125 0.7765625 0.0453125 0.04375
0 0.28984375 0.878125 0.04375 0.0359375
0 0.24609375 0.89375 0.0453125 0.0375
0 0.3546875 0.85 0.0421875 0.0484375
0 0.3828125 0.79296875 0.04375 0.0453125
0 0.4390625 0.83203125 0.05 0.0484375
0 0.4109375 0.6078125 0.05 0.053125
0 0.42109375 0.64453125 0.0453125 0.04375
0 0.45 0.62265625 0.05 0.046875
0 0.503125 0.53828125 0.0484375 0.04375
0 0.50859375 0.57265625 0.04375 0.0453125
0 0.54453125 0.590625 0.0546875 0.0515625
0 0.53046875 0.51015625 0.0578125 0.05625
0 0.57890625 0.54453125 0.05625 0.0421875
0 0.58203125 0.56328125 0.0453125 0.0375
0 0.5859375 0.48046875 0.05 0.05
0 0.571875 0.65 0.04375 0.0359375
0 0.60546875 0.6296875 0.0453125 0.0453125
0 0.34296875 0.93984375 0.0421875 0.0484375
0 0.41015625 0.97734375 0.040625 0.0359375
0 0.40625 0.92421875 0.053125 0.0421875
0 0.4109375 0.90078125 0.05 0.05
0 0.37109375 0.8875 0.0453125 0.04375
0 0.50078125 0.78125 0.0375 0.046875
0 0.53984375 0.80390625 0.0484375 0.0421875
0 0.5625 0.75078125 0.034375 0.0328125
0 0.58125 0.81015625 0.0421875 0.04375
0 0.59609375 0.834375 0.0234375 0.0265625
0 0.60625 0.859375 0.0421875 0.04375
0 0.63125 0.8546875 0.025 0.028125
0 0.63671875 0.82109375 0.0296875 0.0265625
0 0.6328125 0.79453125 0.03125 0.034375
0 0.63046875 0.7515625 0.0375 0.04375
0 0.575 0.71953125 0.03125 0.0390625
0 0.58828125 0.69921875 0.034375 0.0328125
0 0.609375 0.68203125 0.028125 0.0328125
0 0.54140625 0.9890625 0.0578125 0.021875
0 0.58046875 0.96484375 0.046875 0.0421875
0 0.61484375 0.94140625 0.046875 0.04375
0 0.6390625 0.97890625 0.046875 0.0421875
0 0.6421875 0.99375 0.05 0.0125
0 0.69140625 0.909375 0.0375 0.0375
0 0.73828125 0.9 0.0328125 0.0328125
0 0.6765625 0.86875 0.04375 0.0421875
0 0.76640625 0.84296875 0.028125 0.0359375
0 0.73984375 0.8328125 0.034375 0.0390625
0 0.78984375 0.79765625 0.0390625 0.04375
0 0.84375 0.86328125 0.053125 0.053125
0 0.8828125 0.878125 0.05 0.0484375
0 0.87890625 0.8015625 0.05 0.0515625
0 0.83046875 0.79765625 0.04375 0.0453125
0 0.8546875 0.70546875 0.0375 0.0453125
0 0.88203125 0.68515625 0.0390625 0.040625
0 0.92890625 0.67890625 0.0375 0.0484375
0 0.9609375 0.684375 0.021875 0.03125
0 0.85625 0.64609375 0.040625 0.0390625
0 0.828125 0.66640625 0.0375 0.0453125
0 0.70390625 0.659375 0.03125 0.0390625
0 0.6578125 0.66875 0.0453125 0.0484375
0 0.71171875 0.5953125 0.0484375 0.05
0 0.746875 0.5796875 0.05 0.053125
0 0.7984375 0.6125 0.0484375 0.04375
0 0.84375 0.5546875 0.0390625 0.0421875
0 0.78359375 0.55390625 0.04375 0.0453125
0 0.7890625 0.51640625 0.0296875 0.0328125
0 0.80546875 0.48984375 0.028125 0.0328125
0 0.846875 0.4921875 0.0515625 0.0625
0 0.78828125 0.41640625 0.05 0.05625
0 0.82265625 0.365625 0.0390625 0.040625
0 0.83125 0.4109375 0.0375 0.04375
0 0.8125 0.32890625 0.0484375 0.05
0 0.77265625 0.35234375 0.0375 0.0453125
0 0.62421875 0.39296875 0.0515625 0.046875
0 0.6203125 0.4265625 0.0515625 0.05
0 0.67890625 0.34921875 0.040625 0.0359375
0 0.71640625 0.31953125 0.0421875 0.04375
0 0.753125 0.296875 0.046875 0.034375
0 0.7625 0.3296875 0.0390625 0.04375
0 0.76796875 0.25703125 0.040625 0.0609375
0 0.8859375 0.4734375 0.0390625 0.040625
0 0.88359375 0.41875 0.03125 0.0328125
0 0.93515625 0.4484375 0.05 0.040625
0 0.93359375 0.39296875 0.0484375 0.05
0 0.9828125 0.3609375 0.034375 0.04375
0 0.990625 0.40546875 0.01875 0.0421875
0 0.82109375 0.24765625 0.04375 0.0484375
0 0.81875 0.203125 0.0390625 0.0328125
0 0.76875 0.1828125 0.028125 0.0296875
0 0.79609375 0.07109375 0.0421875 0.0328125
0 0.73984375 0.08984375 0.0546875 0.0515625
0 0.68515625 0.115625 0.0484375 0.0484375
0 0.65703125 0.07265625 0.0328125 0.034375
0 0.696875 0.05546875 0.04375 0.0421875
0 0.73828125 0.05625 0.04375 0.03125
0 0.72109375 0.046875 0.0421875 0.0234375
0 0.90546875 0.2171875 0.0484375 0.0421875
0 0.87890625 0.17265625 0.0328125 0.0328125
0 0.90234375 0.1515625 0.034375 0.03125
0 0.92578125 0.12265625 0.0390625 0.04375
0 0.953125 0.10625 0.03125 0.021875
0 0.9640625 0.1640625 0.0484375 0.040625
0 0.95546875 0.1984375 0.0421875 0.0484375
