0 0.121875 0.00546875 0.021875 0.0109375
0 0.1203125 0.0046875 0.01875 0.009375
0 0.1171875 0.00859375 0.01875 0.0171875
0 0.11015625 0.00859375 0.0234375 0.0171875
0 0.18984375 0.00546875 0.0359375 0.0109375
0 0.234375 0.00625 0.05625 0.0125
0 0.1734375 0.00390625 0.04375 0.0078125
0 0.1125 0.0109375 0.03125 0.021875
0 0.13203125 0.0515625 0.065625 0.0484375
0 0.24140625 0.0984375 0.0453125 0.0515625
0 0.19140625 0.11875 0.046875 0.053125
0 0.0828125 0.11484375 0.03125 0.04375
0 0.31484375 0.075 0.059375 0.059375
0 0.3765625 0.1265625 0.0546875 0.05625
0 0.43515625 0.0984375 0.0671875 0.0484375
0 0.5421875 0.125 0.0515625 0.053125
0 0.53828125 0.05234375 0.0796875 0.065625
0 0.60859375 0.04296875 0.0671875 0.0671875
0 0.65703125 0.034375 0.053125 0.0328125
0 0.753125 0.05078125 0.040625 0.021875
0 0.47421875 0.1640625 0.0546875 0.0453125
0 0.428125 0.171875 0.0515625 0.053125
0 0.78125 0.11796875 0.053125 0.05
0 0.728125 0.103125 0.040625 0.04375
0 0.9015625 0.0953125 0.0484375 0.04375
0 0.93984375 0.090625 0.04375 0.0234375
0 0.8234375 0.06640625 0.0484375 0.0265625
0 0.97109375 0.2546875 0.0578125 0.053125
0 0.88828125 0.30625 0.05 0.046875
0 0.98984375 0.31171875 0.0203125 0.0484375
0 0.99453125 0.3578125 0.0109375 0.053125
0 0.9015625 0.38125 0.0515625 0.05625
0 0.8578125 0.3984375 0.046875 0.046875
0 0.7734375 0.4140625 0.059375 0.0453125
0 0.765625 0.45 0.0609375 0.0609375
0 0.7640625 0.32890625 0.05 0.05
0 0.65390625 0.40703125 0.040625 0.03125
0 0.65 0.44296875 0.04375 0.0453125
0 0.6078125 0.45078125 0.046875 0.053125
0 0.6828125 0.371875 0.05625 0.046875
0 0.4953125 0.35859375 0.040625 0.04375
0 0.546875 0.36953125 0.04375 0.0484375
0 0.45078125 0.3546875 0.0546875 0.0484375
0 0.39765625 0.3625 0.0484375 0.04375
0 0.22578125 0.19140625 0.034375 0.0359375
0 0.2015625 0.2734375 0.0484375 0.04375
0 0.02421875 0.38046875 0.0234375 0.0296875
0 0.02421875 0.378125 0.025 0.034375
0 0.03203125 0.3421875 0.025 0.0359375
0 0.0875 0.2921875 0.034375 0.0390625
0 0.0765625 0.32890625 0.0390625 0.046875
0 0.15234375 0.44375 0.0515625 0.04375
0 0.21328125 0.44765625 0.0390625 0.0359375
0 0.24921875 0.440625 0.040625 0.0375
0 0.39921875 0.4296875 0.04375 0.040625
0 0.52109375 0.4921875 0.0484375 0.0328125
0 0.48671875 0.5234375 0.0453125 0.0546875
0 0.3828125 0.60703125 0.0421875 0.0390625
0 0.34765625 0.62578125 0.034375 0.0375
0 0.134375 0.68046875 0.04375 0.0515625
0 0.09296875 0.659375 0.0546875 0.05625
0 0.00859375 0.70546875 0.0171875 0.0359375
0 0.0046875 0.61484375 0.009375 0.0234375
0 0.01171875 0.815625 0.0234375 0.05
0 0.0046875 0.88046875 0.009375 0.0140625
0 0.17578125 0.70078125 0.0484375 0.0421875
0 0.36796875 0.71640625 0.040625 0.04375
0 0.415625 0.69765625 0.04375 0.0359375
0 0.3984375 0.753125 0.0640625 0.0453125
0 0.546875 0.69921875 0.05625 0.046875
0 0.71640625 0.66875 0.0453125 0.040625
0 0.671875 0.659375 0.03125 0.0328125
0 0.76328125 0.66171875 0.04375 0.04375
0 0.8171875 0.66875 0.0515625 0.04375
0 0.86171875 0.70625 0.0453125 0.0515625
0 0.89453125 0.72421875 0.05 0.05
0 0.8875 0.8265625 0.0390625 0.0390625
0 0.8765625 0.86171875 0.040625 0.04375
0 0.8515625 0.89609375 0.046875 0.05
0 0.82265625 0.9125 0.0421875 0.0390625
0 0.79453125 0.9421875 0.05625 0.046875
0 0.74609375 0.8796875 0.0609375 0.05
0 0.78125 0.85390625 0.053125 0.0390625
0 0.54296875 0.78359375 0.0515625 0.04375
0 0.596875 0.75703125 0.0625 0.0578125
0 0.65703125 0.91875 0.0734375 0.0640625
0 0.55703125 0.9234375 0.0703125 0.059375
0 0.2140625 0.9265625 0.05 0.05
0 0.334375 0.3453125 0.0515625 0.0515625
0 0.2984375 0.36875 0.0625 0.0578125
0 0.4375 0.93359375 0.0453125 0.05
0 0.4515625 0.99140625 0.040625 0.0171875
0 0.54140625 0.9703125 0.040625 0.0390625
0 0.50234375 0.96796875 0.0453125 0.0421875
0 0.6203125 0.99453125 0.046875 0.0109375
0 0.6625 0.98828125 0.05 0.0234375
0 0.28828125 0.615625 0.0421875 0.0390625
