0 0.00703125 0.16640625 0.0140625 0.0328125
0 0.01328125 0.14765625 0.0265625 0.0453125
0 0.0125 0.175 0.025 0.040625
0 0.015625 0.20859375 0.03125 0.0640625
0 0.0109375 0.2375 0.021875 0.078125
0 0.01484375 0.26953125 0.0296875 0.0546875
0 0.01484375 0.24140625 0.0296875 0.0546875
0 0.01640625 0.23828125 0.0328125 0.0578125
0 0.009375 0.203125 0.01875 0.03125
0 0.0203125 0.30390625 0.040625 0.0734375
0 0.01328125 0.31640625 0.0265625 0.0515625
0 0.00625 0.42265625 0.0125 0.0484375
0 0.08359375 0.43671875 0.05625 0.0578125
0 0.0546875 0.459375 0.040625 0.04375
0 0.0125 0.4671875 0.025 0.05
0 0.01875 0.50234375 0.0375 0.0484375
0 0.00703125 0.521875 0.0140625 0.04375
0 0.10625 0.47890625 0.05 0.0640625
0 0.0640625 0.48828125 0.03125 0.0390625
0 0.10078125 0.53359375 0.05625 0.0640625
0 0.11796875 0.57734375 0.046875 0.05625
0 0.125 0.61640625 0.0421875 0.053125
0 0.0484375 0.51953125 0.04375 0.046875
0 0.02578125 0.55234375 0.0515625 0.0609375
0 0.0125 0.57109375 0.025 0.0484375
0 0.028125 0.5984375 0.0484375 0.05
0 0.0765625 0.57890625 0.0671875 0.0765625
0 0.07109375 0.6328125 0.0671875 0.0703125
0 0.03828125 0.65078125 0.04375 0.059375
0 0.034375 0.6609375 0.0328125 0.0671875
0 0.0921875 0.68203125 0.0796875 0.0640625
0 0.04375 0.69609375 0.025 0.040625
0 0.06015625 0.71953125 0.0421875 0.05
0 0.059375 0.74375 0.0328125 0.0546875
0 0.0671875 0.7828125 0.0296875 0.065625
0 0.08515625 0.8078125 0.04375 0.05625
0 0.0703125 0.75703125 0.0375 0.0453125
0 0.096875 0.71953125 0.04375 0.0484375
0 0.1328125 0.80546875 0.059375 0.05
0 0.13828125 0.84375 0.06875 0.05625
0 0.15390625 0.87734375 0.0390625 0.0390625
0 0.1875 0.859375 0.059375 0.046875
0 0.1828125 0.8953125 0.0453125 0.0390625
0 0.221875 0.89453125 0.0484375 0.0515625
0 0.1171875 0.9078125 0.05 0.0578125
0 0.11328125 0.9328125 0.040625 0.0828125
0 0.13125 0.96953125 0.040625 0.0421875
0 0.146875 0.990625 0.040625 0.01875
0 0.16796875 0.95 0.0484375 0.0546875
0 0.18203125 0.925 0.0515625 0.046875
0 0.21015625 0.959375 0.046875 0.0453125
0 0.20546875 0.97734375 0.0578125 0.0453125
0 0.1703125 0.98828125 0.04375 0.0234375
0 0.196875 0.9953125 0.04375 0.009375
0 0.2328125 0.99453125 0.05 0.0109375
0 0.13359375 0.99375 0.0265625 0.0125
0 0.08125 0.11171875 0.0578125 0.0375
0 0.03359375 0.1375 0.0640625 0.0578125
0 0.034375 0.1796875 0.0546875 0.053125
0 0.0671875 0.18984375 0.053125 0.0515625
0 0.10625 0.13671875 0.065625 0.0515625
0 0.1109375 0.171875 0.05 0.040625
0 0.0953125 0.2234375 0.0484375 0.04375
0 0.03828125 0.2359375 0.0390625 0.059375
0 0.071875 0.2375 0.046875 0.0453125
0 0.15546875 0.23359375 0.065625 0.059375
0 0.12109375 0.2625 0.0640625 0.0640625
0 0.07734375 0.26015625 0.0484375 0.046875
0 0.07109375 0.29453125 0.0546875 0.05
0 0.103125 0.33828125 0.053125 0.0546875
0 0.14453125 0.303125 0.0703125 0.0578125
0 0.1046875 0.38671875 0.0640625 0.0578125
0 0.14375 0.34453125 0.0390625 0.0359375
0 0.2 0.31484375 0.06875 0.0625
0 0.17265625 0.3609375 0.0546875 0.059375
0 0.2296875 0.35625 0.065625 0.053125
0 0.23359375 0.3921875 0.0625 0.05
0 0.22734375 0.428125 0.059375 0.0640625
0 0.17578125 0.44453125 0.0578125 0.0671875
0 0.14765625 0.47734375 0.0453125 0.053125
0 0.21953125 0.46875 0.0453125 0.046875
0 0.2203125 0.50625 0.0453125 0.05
0 0.175 0.52109375 0.040625 0.0515625
0 0.16328125 0.56953125 0.0484375 0.0515625
0 0.2578125 0.53125 0.0421875 0.05
0 0.29375 0.52890625 0.0484375 0.05
0 0.27890625 0.565625 0.0515625 0.040625
0 0.27421875 0.58828125 0.0453125 0.034375
0 0.21796875 0.56015625 0.0640625 0.0640625
0 0.20859375 0.60546875 0.05625 0.05
0 0.171875 0.66796875 0.0421875 0.034375
0 0.21796875 0.64921875 0.0625 0.05
0 0.171875 0.63671875 0.0390625 0.0375
0 0.27109375 0.653125 0.059375 0.0578125
0 0.22265625 0.68984375 0.05625 0.05625
0 0.18046875 0.70546875 0.05 0.0484375
0 0.19765625 0.74765625 0.053125 0.053125
0 0.25078125 0.73828125 0.053125 0.0578125
0 0.23046875 0.79296875 0.0578125 0.059375
0 0.28515625 0.78515625 0.05 0.05625
0 0.32109375 0.7515625 0.053125 0.0578125
0 0.31875 0.68125 0.0515625 0.053125
0 0.3234375 0.6265625 0.0640625 0.071875
0 0.25546875 0.896875 0.0546875 0.078125
0 0.25390625 0.9625 0.05 0.0625
0 0.30703125 0.9046875 0.0734375 0.0765625
0 0.359375 0.88203125 0.0640625 0.0796875
0 0.30234375 0.965625 0.0703125 0.0609375
0 0.34765625 0.95078125 0.0609375 0.053125
0 0.36015625 0.98515625 0.0515625 0.0296875
0 0.23828125 0.0828125 0.0671875 0.065625
0 0.2640625 0.125 0.059375 0.0578125
0 0.240625 0.1640625 0.05625 0.05
0 0.2453125 0.196875 0.065625 0.059375
0 0.28515625 0.1671875 0.05625 0.05625
0 0.2984375 0.05078125 0.05 0.0359375
0 0.31796875 0.06484375 0.0515625 0.0546875
0 0.30390625 0.12265625 0.0421875 0.05
0 0.34375 0.1296875 0.053125 0.0453125
0 0.3328125 0.165625 0.046875 0.046875
0 0.37265625 0.16328125 0.0609375 0.065625
0 0.34140625 0.225 0.0671875 0.0703125
0 0.3 0.25234375 0.04375 0.0453125
0 0.31015625 0.2859375 0.0546875 0.053125
0 0.3453125 0.28203125 0.05625 0.0640625
0 0.38984375 0.2234375 0.053125 0.053125
0 0.4265625 0.22890625 0.059375 0.0515625
0 0.4734375 0.19140625 0.0578125 0.0484375
0 0.3921875 0.26171875 0.0578125 0.05625
0 0.39140625 0.30625 0.0578125 0.05
0 0.4390625 0.2796875 0.059375 0.0640625
0 0.44609375 0.31328125 0.0421875 0.040625
0 0.46953125 0.34140625 0.053125 0.0453125
0 0.4796875 0.375 0.0515625 0.046875
0 0.465625 0.41328125 0.0625 0.05
0 0.4234375 0.3484375 0.0625 0.059375
0 0.31484375 0.33125 0.04375 0.0484375
0 0.3578125 0.33828125 0.05 0.0421875
0 0.32109375 0.38671875 0.046875 0.0640625
0 0.37890625 0.38046875 0.06875 0.06875
0 0.33984375 0.4421875 0.0578125 0.0640625
0 0.33828125 0.47734375 0.05 0.0484375
0 0.42734375 0.44375 0.0640625 0.0578125
0 0.3765625 0.43125 0.046875 0.0484375
0 0.41875 0.4875 0.0578125 0.0703125
0 0.371875 0.521875 0.065625 0.0703125
0 0.4015625 0.5640625 0.0515625 0.053125
0 0.3765625 0.5890625 0.0484375 0.04375
0 0.42734375 0.70703125 0.0625 0.0609375
0 0.38984375 0.7203125 0.0640625 0.0578125
0 0.4171875 0.753125 0.0609375 0.0453125
0 0.3515625 0.76015625 0.0765625 0.1078125
0 0.38125 0.8140625 0.078125 0.08125
0 0.42734375 0.803125 0.0578125 0.0484375
0 0.48203125 0.825 0.0765625 0.0671875
0 0.50859375 0.84453125 0.05 0.05
0 0.534375 0.82109375 0.046875 0.046875
0 0.43828125 0.84921875 0.0453125 0.0453125
0 0.41171875 0.85234375 0.0390625 0.03125
0 0.403125 0.8859375 0.05625 0.0515625
0 0.43359375 0.92421875 0.053125 0.040625
0 0.4578125 0.94609375 0.040625 0.0359375
0 0.42421875 0.9578125 0.05 0.0453125
0 0.45234375 0.9796875 0.053125 0.040625
0 0.465625 0.99140625 0.06875 0.0171875
0 0.5234375 0.996875 0.046875 0.00625
0 0.52421875 0.953125 0.0515625 0.053125
0 0.4875 0.92421875 0.0546875 0.059375
0 0.471875 0.8796875 0.0453125 0.0453125
0 0.57734375 0.8453125 0.040625 0.0515625
0 0.621875 0.82734375 0.0703125 0.053125
0 0.62421875 0.8671875 0.0484375 0.0421875
0 0.5875 0.88984375 0.059375 0.0609375
0 0.6125 0.93203125 0.0546875 0.05625
0 0.65234375 0.91015625 0.059375 0.065625
0 0.646875 0.95703125 0.053125 0.0515625
0 0.590625 0.96796875 0.065625 0.0625
0 0.44609375 0.5890625 0.06875 0.0734375
0 0.48125 0.66484375 0.059375 0.0578125
0 0.51015625 0.6921875 0.065625 0.0703125
0 0.54453125 0.7515625 0.053125 0.0578125
0 0.540625 0.71796875 0.040625 0.0359375
0 0.56171875 0.6734375 0.0625 0.0546875
0 0.55234375 0.61953125 0.0640625 0.0640625
0 0.5140625 0.63984375 0.0484375 0.0578125
0 0.4890625 0.6171875 0.053125 0.053125
0 0.52578125 0.50546875 0.078125 0.075
0 0.5265625 0.58203125 0.0671875 0.0578125
0 0.490625 0.56875 0.0421875 0.040625
0 0.48515625 0.50703125 0.040625 0.0421875
0 0.7015625 0.4984375 0.0640625 0.059375
0 0.75078125 0.521875 0.046875 0.0515625
0 0.7765625 0.5578125 0.053125 0.0578125
0 0.70078125 0.55 0.0703125 0.06875
0 0.628125 0.59140625 0.046875 0.0484375
0 0.64609375 0.640625 0.0515625 0.053125
0 0.67109375 0.59765625 0.05 0.05625
0 0.69140625 0.6484375 0.05625 0.06875
0 0.64765625 0.6875 0.0515625 0.059375
0 0.671875 0.73671875 0.0609375 0.059375
0 0.7046875 0.7015625 0.059375 0.0609375
0 0.73359375 0.6546875 0.0578125 0.0671875
0 0.73125 0.59765625 0.0546875 0.059375
0 0.77109375 0.63125 0.0578125 0.059375
0 0.809375 0.67109375 0.0578125 0.075
0 0.78046875 0.68828125 0.0515625 0.0546875
0 0.76484375 0.7140625 0.0546875 0.05625
0 0.7375 0.728125 0.053125 0.053125
0 0.71015625 0.75703125 0.0578125 0.0578125
0 0.68125 0.7875 0.0515625 0.059375
0 0.715625 0.815625 0.071875 0.065625
0 0.7625 0.7984375 0.046875 0.0484375
0 0.76640625 0.7640625 0.05 0.05
0 0.82890625 0.784375 0.0703125 0.0671875
0 0.88125 0.80859375 0.0734375 0.084375
0 0.8375 0.8546875 0.06875 0.0734375
0 0.7765625 0.8625 0.046875 0.04375
0 0.7484375 0.87734375 0.05 0.0453125
0 0.82890625 0.9109375 0.0546875 0.040625
0 0.74921875 0.92578125 0.0546875 0.0546875
0 0.7875 0.9171875 0.05 0.0484375
0 0.965625 0.86796875 0.06875 0.0515625
0 0.93828125 0.76875 0.0578125 0.05625
0 0.91015625 0.74609375 0.059375 0.0625
0 0.95703125 0.725 0.06875 0.05625
0 0.865625 0.696875 0.06875 0.0765625
0 0.94921875 0.66953125 0.053125 0.0484375
0 0.915625 0.63671875 0.06875 0.0625
0 0.9265625 0.5875 0.05625 0.065625
0 0.8703125 0.5609375 0.0578125 0.0703125
0 0.82109375 0.53359375 0.059375 0.0578125
0 0.834375 0.57421875 0.065625 0.0609375
0 0.8296875 0.6203125 0.0453125 0.0546875
0 0.8671875 0.615625 0.06875 0.0765625
0 0.8640625 0.42265625 0.0515625 0.059375
0 0.80859375 0.475 0.075 0.0578125
0 0.80078125 0.434375 0.0640625 0.0515625
0 0.78671875 0.39609375 0.0703125 0.0578125
0 0.59921875 0.05625 0.065625 0.0796875
0 0.56171875 0.09609375 0.0734375 0.0625
0 0.52890625 0.13828125 0.06875 0.0625
0 0.571875 0.1359375 0.065625 0.05625
0 0.62265625 0.14296875 0.0703125 0.0609375
0 0.61171875 0.171875 0.059375 0.0609375
0 0.57109375 0.1953125 0.05625 0.0515625
0 0.5390625 0.17421875 0.05625 0.0421875
0 0.55625 0.2265625 0.059375 0.0546875
0 0.5234375 0.2296875 0.0546875 0.05625
0 0.5359375 0.27421875 0.059375 0.0609375
0 0.52578125 0.31015625 0.059375 0.0640625
0 0.54140625 0.36328125 0.0640625 0.0640625
0 0.62265625 0.23515625 0.071875 0.08125
0 0.60625 0.2875 0.0625 0.0578125
0 0.56484375 0.29921875 0.05 0.0421875
0 0.57890625 0.34296875 0.065625 0.0640625
0 0.634375 0.31875 0.0640625 0.05625
0 0.66328125 0.3515625 0.0625 0.0609375
0 0.6703125 0.396875 0.0625 0.065625
0 0.6203125 0.42578125 0.0515625 0.05625
0 0.5921875 0.39296875 0.0671875 0.065625
0 0.59375 0.4609375 0.059375 0.0609375
0 0.621875 0.5046875 0.053125 0.053125
0 0.37421875 0.028125 0.053125 0.0359375
0 0.39453125 0.040625 0.05 0.05
0 0.47890625 0.08203125 0.0640625 0.05625
0 0.459375 0.0453125 0.053125 0.053125
0 0.4953125 0.0203125 0.05 0.040625
0 0.46484375 0.009375 0.0421875 0.01875
0 0.54453125 0.0078125 0.0484375 0.015625
0 0.534375 0.04453125 0.0375 0.0390625
0 0.61015625 0.01171875 0.0421875 0.0234375
0 0.634375 0.00625 0.046875 0.0125
0 0.6484375 0.01171875 0.05625 0.0234375
0 0.64375 0.01875 0.05625 0.0375
0 0.68515625 0.01328125 0.0546875 0.0265625
0 0.68515625 0.03671875 0.06875 0.0734375
0 0.7109375 0.07578125 0.065625 0.0609375
0 0.72890625 0.02109375 0.0546875 0.0421875
0 0.72421875 0.015625 0.0609375 0.03125
0 0.7125 0.00546875 0.040625 0.0109375
0 0.67421875 0.0078125 0.0546875 0.015625
0 0.765625 0.00859375 0.0375 0.0171875
0 0.76484375 0.01015625 0.0421875 0.0203125
0 0.81171875 0.065625 0.05 0.05
0 0.84140625 0.0984375 0.0640625 0.059375
0 0.87578125 0.14375 0.06875 0.0671875
0 0.8328125 0.1484375 0.071875 0.0640625
0 0.7578125 0.10859375 0.0390625 0.0390625
0 0.78515625 0.14921875 0.040625 0.0359375
0 0.703125 0.17890625 0.0765625 0.0953125
0 0.734375 0.19609375 0.046875 0.046875
0 0.775 0.18515625 0.065625 0.0625
0 0.7703125 0.228125 0.065625 0.071875
0 0.703125 0.24140625 0.0578125 0.0578125
0 0.70546875 0.30625 0.0640625 0.08125
0 0.778125 0.2859375 0.06875 0.06875
0 0.83125 0.240625 0.0625 0.0765625
0 0.84765625 0.2921875 0.0625 0.065625
0 0.8515625 0.3375 0.0765625 0.0765625
0 0.83359375 0.375 0.0546875 0.0640625
0 0.80546875 0.31640625 0.046875 0.0515625
0 0.76875 0.33515625 0.0765625 0.0875
0 0.74375 0.38125 0.0453125 0.046875
0 0.71171875 0.365625 0.0546875 0.05625
0 0.7140625 0.40625 0.0546875 0.059375
0 0.75 0.43125 0.05 0.0578125
