0 0.0109375 0.26875 0.021875 0.053125
0 0.00703125 0.3046875 0.0140625 0.040625
0 0.0078125 0.30625 0.015625 0.034375
0 0.01171875 0.28984375 0.0234375 0.0515625
0 0.00546875 0.3359375 0.0109375 0.03125
0 0.01171875 0.253125 0.0234375 0.040625
0 0.05078125 0.2265625 0.0484375 0.0453125
0 0.01875 0.18359375 0.0375 0.0546875
0 0.03203125 0.14609375 0.0390625 0.040625
0 0.09296875 0.26484375 0.053125 0.0453125
0 0.096875 0.240625 0.0453125 0.0484375
0 0.12421875 0.2234375 0.0453125 0.0421875
0 0.15234375 0.2078125 0.0390625 0.0390625
0 0.1375 0.2625 0.0390625 0.040625
0 0.22109375 0.18984375 0.0578125 0.0546875
0 0.00625 0.5046875 0.0125 0.034375
0 0.009375 0.52421875 0.01875 0.0515625
0 0.0078125 0.55078125 0.015625 0.0328125
0 0.01015625 0.51328125 0.0203125 0.0453125
0 0.04765625 0.5015625 0.0453125 0.040625
0 0.09375 0.4921875 0.04375 0.0390625
0 0.16328125 0.44140625 0.040625 0.040625
0 0.17265625 0.49296875 0.05 0.0421875
0 0.0171875 0.5484375 0.034375 0.0375
0 0.0359375 0.61953125 0.0546875 0.0515625
0 0.034375 0.65390625 0.028125 0.0375
0 0.04609375 0.69140625 0.028125 0.0375
0 0.05078125 0.7046875 0.0296875 0.0421875
0 0.0859375 0.59921875 0.0515625 0.0546875
0 0.09921875 0.5640625 0.0515625 0.053125
0 0.15 0.5109375 0.0375 0.0359375
0 0.23125 0.459375 0.0421875 0.0390625
0 0.2578125 0.4359375 0.0515625 0.0546875
0 0.2921875 0.21015625 0.0359375 0.04375
0 0.29140625 0.1640625 0.0546875 0.05
0 0.3671875 0.19765625 0.046875 0.0453125
0 0.40546875 0.1921875 0.0390625 0.0421875
0 0.43984375 0.184375 0.0609375 0.059375
0 0.396875 0.12578125 0.0578125 0.0484375
0 0.43515625 0.1015625 0.0484375 0.0453125
0 0.3296875 0.246875 0.0453125 0.0421875
0 0.3828125 0.23984375 0.040625 0.0328125
0 0.36640625 0.27265625 0.053125 0.0453125
0 0.2890625 0.2875 0.053125 0.053125
0 0.31796875 0.3609375 0.0390625 0.0328125
0 0.31171875 0.44609375 0.0484375 0.0390625
0 0.3703125 0.43203125 0.059375 0.0515625
0 0.0546875 0.73046875 0.0203125 0.03125
0 0.0609375 0.7359375 0.03125 0.0453125
0 0.0703125 0.77109375 0.0265625 0.040625
0 0.203125 0.75078125 0.053125 0.0640625
0 0.2375 0.73828125 0.0390625 0.034375
0 0.24609375 0.77265625 0.0421875 0.04375
0 0.3 0.76484375 0.053125 0.0515625
0 0.340625 0.77734375 0.0453125 0.053125
0 0.378125 0.7828125 0.040625 0.046875
0 0.4078125 0.79375 0.05625 0.0578125
0 0.278125 0.63515625 0.04375 0.0390625
0 0.31015625 0.59453125 0.04375 0.0359375
0 0.17578125 0.8453125 0.0546875 0.05
0 0.19453125 0.80234375 0.046875 0.046875
0 0.1140625 0.90078125 0.0265625 0.034375
0 0.12109375 0.92109375 0.0265625 0.0328125
0 0.1265625 0.94375 0.021875 0.0265625
0 0.13515625 0.97109375 0.0265625 0.0421875
0 0.14765625 0.99296875 0.0265625 0.0140625
0 0.146875 0.99453125 0.025 0.0109375
0 0.31171875 0.978125 0.0390625 0.0390625
0 0.32890625 0.9515625 0.0453125 0.0421875
0 0.3546875 0.9 0.0515625 0.0421875
0 0.38828125 0.85703125 0.0515625 0.0484375
0 0.453125 0.8390625 0.05 0.0546875
0 0.43828125 0.88046875 0.0546875 0.0484375
0 0.396875 0.93125 0.046875 0.040625
0 0.36875 0.9609375 0.05 0.04375
0 0.571875 0.984375 0.040625 0.03125
0 0.55625 0.94765625 0.0296875 0.0359375
0 0.6 0.96015625 0.04375 0.0484375
0 0.665625 0.8921875 0.0390625 0.0390625
0 0.6984375 0.85859375 0.05 0.0484375
0 0.62421875 0.78125 0.028125 0.03125
0 0.534375 0.7296875 0.0359375 0.040625
0 0.56328125 0.696875 0.053125 0.0453125
0 0.55390625 0.5828125 0.0453125 0.0421875
0 0.621875 0.59296875 0.0359375 0.03125
0 0.634375 0.56484375 0.053125 0.046875
0 0.64375 0.51640625 0.0390625 0.040625
0 0.6015625 0.5140625 0.0421875 0.0375
0 0.6296875 0.48125 0.0390625 0.0390625
0 0.5 0.425 0.0484375 0.0375
0 0.56015625 0.42421875 0.0453125 0.046875
0 0.584375 0.390625 0.0546875 0.0484375
0 0.51796875 0.39609375 0.0578125 0.0546875
0 0.7359375 0.2140625 0.046875 0.040625
0 0.7046875 0.2453125 0.0515625 0.040625
0 0.70625 0.34765625 0.046875 0.0390625
0 0.715625 0.04140625 0.05 0.04375
0 0.65546875 0.10859375 0.0421875 0.0390625
0 0.71953125 0.10234375 0.053125 0.046875
0 0.60546875 0.06953125 0.046875 0.0515625
0 0.821875 0.0203125 0.04375 0.040625
0 0.7703125 0.07109375 0.046875 0.040625
0 0.82265625 0.17265625 0.05 0.0484375
0 0.85390625 0.465625 0.0421875 0.0453125
0 0.88515625 0.4859375 0.05625 0.05625
0 0.9625 0.8609375 0.053125 0.040625
0 0.9296875 0.72265625 0.059375 0.059375
0 0.78984375 0.72109375 0.08125 0.065625
0 0.99453125 0.746875 0.0109375 0.05
