0 0.06171875 0.090625 0.05625 0.0375
0 0.03828125 0.1203125 0.0375 0.0296875
0 0.0953125 0.1234375 0.04296875 0.0234375
0 0.14140625 0.109375 0.0453125 0.03515625
0 0.121875 0.146875 0.0296875 0.0234375
0 0.18828125 0.0890625 0.0328125 0.025
0 0.26484375 0.090625 0.0328125 0.0296875
0 0.2484375 0.046875 0.02734375 0.0390625
0 0.2703125 0.021875 0.025 0.02734375
0 0.28828125 0.1328125 0.0375 0.02734375
0 0.29765625 0.1140625 0.0296875 0.0328125
0 0.32421875 0.1078125 0.03125 0.02734375
0 0.35078125 0.10234375 0.025 0.025
0 0.325 0.1421875 0.025 0.02734375
0 0.41015625 0.10546875 0.0390625 0.03515625
0 0.0203125 0.29609375 0.0328125 0.025
0 0.0515625 0.3140625 0.040625 0.0390625
0 0.078125 0.3375 0.03515625 0.0234375
0 0.13984375 0.30625 0.040625 0.03125
0 0.19140625 0.309375 0.03125 0.025
0 0.23046875 0.3140625 0.03125 0.0234375
0 0.2984375 0.290625 0.02734375 0.02734375
0 0.29296875 0.33515625 0.03515625 0.025
0 0.1515625 0.3375 0.0296875 0.0234375
0 0.15 0.4015625 0.0390625 0.0328125
0 0.09765625 0.428125 0.03125 0.02734375
0 0.075 0.4609375 0.0328125 0.02734375
0 0.11640625 0.47265625 0.0328125 0.03125
0 0.19609375 0.39765625 0.0328125 0.0375
0 0.215625 0.3734375 0.0328125 0.03515625
0 0.2703125 0.34375 0.025 0.0234375
0 0.3484375 0.3234375 0.0296875 0.025
0 0.37578125 0.31171875 0.0328125 0.0375
0 0.46171875 0.140625 0.021875 0.03125
0 0.4734375 0.103125 0.0375 0.03125
0 0.525 0.14921875 0.03125 0.0296875
0 0.5578125 0.15546875 0.025 0.0296875
0 0.58671875 0.1578125 0.040625 0.0390625
0 0.5671875 0.10078125 0.040625 0.0296875
0 0.6046875 0.090625 0.0328125 0.0296875
0 0.4828125 0.1796875 0.03125 0.02734375
0 0.5265625 0.1875 0.0296875 0.01953125
0 0.5046875 0.209375 0.0375 0.02734375
0 0.4390625 0.2015625 0.03515625 0.03515625
0 0.44375 0.2671875 0.02734375 0.01953125
0 0.415625 0.334375 0.03515625 0.0234375
0 0.4671875 0.3375 0.04296875 0.03125
0 0.04296875 0.4953125 0.01953125 0.025
0 0.0609375 0.5 0.03125 0.03515625
0 0.1203125 0.53125 0.0296875 0.03125
0 0.25 0.5484375 0.03125 0.046875
0 0.28125 0.54765625 0.02734375 0.021875
0 0.2796875 0.57734375 0.02734375 0.0296875
0 0.32421875 0.58515625 0.03515625 0.0328125
0 0.353125 0.60625 0.02734375 0.0375
0 0.38203125 0.6203125 0.025 0.0328125
0 0.403125 0.63671875 0.0375 0.0390625
0 0.33984375 0.4765625 0.03125 0.0234375
0 0.3765625 0.45234375 0.03125 0.021875
0 0.20390625 0.6171875 0.0375 0.03125
0 0.23046875 0.5875 0.03125 0.03125
0 0.1296875 0.6453125 0.0328125 0.025
0 0.10078125 0.6640625 0.0328125 0.0234375
0 0.09375 0.68359375 0.02734375 0.01953125
0 0.10078125 0.7078125 0.0296875 0.0328125
0 0.01640625 0.7359375 0.0328125 0.0234375
0 0.06640625 0.74140625 0.02734375 0.0296875
0 0.0890625 0.77421875 0.0328125 0.0375
0 0.12578125 0.7890625 0.040625 0.03515625
0 0.17109375 0.82109375 0.0453125 0.025
0 0.1859375 0.7921875 0.04296875 0.0328125
0 0.2359375 0.7953125 0.046875 0.02734375
0 0.278125 0.75859375 0.025 0.025
0 0.2984375 0.7421875 0.03125 0.02734375
0 0.3328125 0.7078125 0.0375 0.025
0 0.37109375 0.68125 0.03515625 0.03125
0 0.428125 0.684375 0.03125 0.0375
0 0.4046875 0.7140625 0.0390625 0.0296875
0 0.35859375 0.74296875 0.0328125 0.025
0 0.328125 0.759375 0.03515625 0.02734375
0 0.278125 0.809375 0.0328125 0.021875
0 0.2609375 0.8171875 0.0328125 0.0328125
0 0.15625 0.875 0.03515625 0.02734375
0 0.0953125 0.89921875 0.04296875 0.021875
0 0.0734375 0.928125 0.0328125 0.02734375
0 0.01484375 0.925 0.025 0.025
0 0.0421875 0.90625 0.040625 0.03125
0 0.30390625 0.9484375 0.0328125 0.0296875
0 0.325 0.92265625 0.0296875 0.0296875
0 0.4203125 0.87890625 0.03515625 0.03125
0 0.484375 0.83671875 0.02734375 0.0296875
0 0.48125 0.79765625 0.0171875 0.025
0 0.5140625 0.81953125 0.02734375 0.0328125
0 0.5828125 0.78203125 0.025 0.025
0 0.61796875 0.7640625 0.0328125 0.03125
0 0.57890625 0.6828125 0.0171875 0.021875
0 0.5203125 0.61796875 0.021875 0.0296875
0 0.5515625 0.6 0.0375 0.02734375
0 0.57421875 0.50625 0.03125 0.02734375
0 0.62578125 0.53125 0.025 0.01953125
0 0.64375 0.5125 0.0375 0.0296875
0 0.66328125 0.4765625 0.025 0.02734375
0 0.6296875 0.4625 0.0296875 0.0234375
0 0.6609375 0.44453125 0.025 0.025
0 0.571875 0.36640625 0.03515625 0.021875
0 0.6203125 0.38125 0.0296875 0.03125
0 0.6484375 0.36015625 0.0390625 0.0296875
0 0.59375 0.34765625 0.0390625 0.03515625
0 0.815625 0.25859375 0.0328125 0.025
0 0.78203125 0.275 0.0375 0.0234375
0 0.75703125 0.3578125 0.0328125 0.0234375
0 0.84375 0.115625 0.03515625 0.02734375
0 0.778125 0.153125 0.0296875 0.025
0 0.83125 0.16484375 0.0375 0.0296875
0 0.74921875 0.109375 0.0296875 0.03515625
0 0.9359375 0.12421875 0.02734375 0.0328125
0 0.8796875 0.153125 0.0328125 0.025
0 0.8953125 0.2484375 0.0328125 0.03125
0 0.84375 0.490625 0.02734375 0.03125
0 0.8640625 0.51484375 0.0375 0.0375
0 0.828125 0.83671875 0.0390625 0.0296875
0 0.71875 0.87578125 0.03515625 0.0328125
0 0.6015625 0.96875 0.046875 0.0390625
0 0.55 0.975 0.040625 0.02734375
0 0.8375 0.71484375 0.0390625 0.0390625
0 0.7265625 0.678125 0.05859375 0.0390625
0 0.9015625 0.7578125 0.0375 0.03125
