0 0.2703125 0.00546875 0.01875 0.0109375
0 0.26875 0.01015625 0.03125 0.0203125
0 0.296875 0.0109375 0.05 0.021875
0 0.26171875 0.00859375 0.0359375 0.0171875
0 0.265625 0.01171875 0.05 0.0234375
0 0.32890625 0.01484375 0.0671875 0.0296875
0 0.28984375 0.01328125 0.0515625 0.0265625
0 0.33046875 0.01328125 0.0546875 0.0265625
0 0.378125 0.01171875 0.05 0.0234375
0 0.3875 0.0125 0.06875 0.025
0 0.44765625 0.0078125 0.0421875 0.015625
0 0.46015625 0.01171875 0.0546875 0.0234375
0 0.496875 0.009375 0.05 0.01875
0 0.525 0.0078125 0.046875 0.015625
0 0.48671875 0.00859375 0.0515625 0.0171875
0 0.54609375 0.01328125 0.0515625 0.0265625
0 0.51171875 0.01171875 0.0515625 0.0234375
0 0.4640625 0.0125 0.05625 0.025
0 0.4953125 0.0234375 0.05625 0.046875
0 0.59921875 0.02578125 0.0609375 0.0515625
0 0.56328125 0.05859375 0.0671875 0.05625
0 0.68203125 0.0640625 0.0640625 0.05625
0 0.63828125 0.09921875 0.0609375 0.053125
0 0.75859375 0.1015625 0.0671875 0.059375
0 0.7015625 0.1296875 0.0484375 0.0484375
0 0.8078125 0.11484375 0.0484375 0.0484375
0 0.85 0.1328125 0.053125 0.0484375
0 0.8796875 0.1375 0.04375 0.0328125
0 0.88359375 0.14296875 0.040625 0.034375
0 0.9140625 0.15234375 0.046875 0.03125
0 0.975 0.184375 0.0359375 0.028125
0 0.9421875 0.16875 0.03125 0.0265625
0 0.93515625 0.16484375 0.040625 0.03125
0 0.9359375 0.20234375 0.05625 0.0515625
0 0.90078125 0.1734375 0.0546875 0.05
0 0.84453125 0.18515625 0.071875 0.059375
0 0.765625 0.178125 0.059375 0.05625
0 0.73515625 0.16796875 0.05 0.0546875
0 0.95078125 0.2625 0.065625 0.0609375
0 0.98359375 0.29609375 0.0328125 0.0578125
0 0.97734375 0.43515625 0.0453125 0.0546875
0 0.94140625 0.3859375 0.0609375 0.0578125
0 0.93046875 0.44140625 0.059375 0.05625
0 0.89453125 0.38671875 0.04375 0.046875
0 0.86640625 0.409375 0.0515625 0.0515625
0 0.85390625 0.4765625 0.053125 0.0609375
0 0.82734375 0.45078125 0.0421875 0.0390625
0 0.7109375 0.4078125 0.05625 0.0546875
0 0.675 0.41953125 0.0546875 0.0546875
0 0.74609375 0.5109375 0.059375 0.0546875
0 0.778125 0.49765625 0.05625 0.05
0 0.95625 0.6625 0.0421875 0.0390625
0 0.9234375 0.6671875 0.0390625 0.0375
0 0.91171875 0.63984375 0.0421875 0.0421875
0 0.96875 0.5828125 0.0625 0.0625
0 0.92890625 0.57109375 0.0453125 0.0453125
0 0.88984375 0.55625 0.046875 0.046875
0 0.878125 0.615625 0.0640625 0.059375
0 0.85703125 0.56875 0.040625 0.034375
0 0.8578125 0.53515625 0.059375 0.05625
0 0.83671875 0.54921875 0.053125 0.053125
0 0.85703125 0.64375 0.04375 0.040625
0 0.88515625 0.6828125 0.0421875 0.0421875
0 0.86875 0.703125 0.04375 0.04375
0 0.8375 0.715625 0.0453125 0.0453125
0 0.8078125 0.7296875 0.0515625 0.0515625
0 0.75390625 0.66640625 0.0609375 0.0609375
0 0.7015625 0.69453125 0.0390625 0.0421875
0 0.70234375 0.7734375 0.0546875 0.0546875
0 0.84296875 0.90859375 0.040625 0.046875
0 0.74453125 0.88515625 0.046875 0.046875
0 0.7296875 0.859375 0.0640625 0.0625
0 0.77578125 0.934375 0.0640625 0.0640625
0 0.69453125 0.81328125 0.05625 0.053125
0 0.65859375 0.81328125 0.0421875 0.0421875
0 0.6296875 0.81796875 0.04375 0.040625
0 0.66796875 0.9171875 0.04375 0.040625
0 0.6359375 0.9140625 0.0390625 0.0421875
0 0.60703125 0.92421875 0.059375 0.0578125
0 0.7015625 0.95546875 0.0484375 0.0453125
0 0.6609375 0.9703125 0.04375 0.046875
0 0.53515625 0.9796875 0.0578125 0.040625
0 0.53125 0.9328125 0.0484375 0.0484375
0 0.49140625 0.94296875 0.0625 0.0546875
0 0.43515625 0.97421875 0.0546875 0.0515625
0 0.34296875 0.921875 0.053125 0.0484375
0 0.38359375 0.98125 0.0515625 0.0375
0 0.3171875 0.9546875 0.0609375 0.0453125
0 0.27421875 0.8953125 0.0453125 0.040625
0 0.31484375 0.88671875 0.059375 0.0515625
0 0.53984375 0.76484375 0.059375 0.0546875
0 0.60078125 0.78515625 0.0546875 0.0546875
0 0.6421875 0.77890625 0.0609375 0.05
0 0.63125 0.734375 0.0421875 0.0421875
0 0.52265625 0.68125 0.0640625 0.05625
0 0.4921875 0.70703125 0.065625 0.0671875
0 0.50390625 0.653125 0.0625 0.0484375
0 0.4609375 0.65859375 0.0453125 0.0484375
0 0.65234375 0.50390625 0.0546875 0.0546875
0 0.68125 0.53359375 0.05 0.053125
0 0.64140625 0.56796875 0.0453125 0.0421875
0 0.6109375 0.57734375 0.0515625 0.0515625
0 0.575 0.5265625 0.0546875 0.05625
0 0.53984375 0.59765625 0.053125 0.053125
0 0.50703125 0.60078125 0.0546875 0.05
0 0.44765625 0.5796875 0.0546875 0.0546875
0 0.45703125 0.615625 0.0484375 0.0484375
0 0.4234375 0.56640625 0.046875 0.0546875
0 0.39140625 0.54453125 0.0625 0.0640625
0 0.35703125 0.503125 0.0421875 0.0453125
0 0.371875 0.615625 0.0671875 0.053125
0 0.6828125 0.3671875 0.059375 0.05625
0 0.63515625 0.384375 0.05 0.046875
0 0.596875 0.375 0.053125 0.0515625
0 0.55703125 0.2828125 0.071875 0.0671875
0 0.54140625 0.34765625 0.059375 0.0578125
0 0.50078125 0.31953125 0.0609375 0.053125
0 0.48125 0.2578125 0.0515625 0.04375
0 0.6140625 0.196875 0.0765625 0.0703125
0 0.54921875 0.2078125 0.0671875 0.059375
0 0.63671875 0.13359375 0.059375 0.0546875
0 0.58203125 0.134375 0.0421875 0.0390625
0 0.5390625 0.15859375 0.0484375 0.0421875
0 0.5046875 0.15546875 0.0546875 0.05625
0 0.478125 0.22265625 0.0421875 0.0390625
0 0.46796875 0.1875 0.0625 0.0640625
0 0.4484375 0.22734375 0.04375 0.04375
0 0.40859375 0.22265625 0.0546875 0.0546875
0 0.40625 0.15859375 0.05625 0.0515625
0 0.37578125 0.21484375 0.065625 0.0625
0 0.34296875 0.2140625 0.05 0.0453125
0 0.309375 0.21015625 0.05 0.046875
0 0.3515625 0.1609375 0.053125 0.0515625
0 0.31796875 0.15 0.0390625 0.0390625
0 0.2890625 0.1015625 0.0515625 0.0484375
0 0.2796875 0.13203125 0.040625 0.040625
0 0.240625 0.0984375 0.05 0.05
0 0.23125 0.13515625 0.0453125 0.0421875
0 0.18984375 0.12265625 0.0671875 0.0609375
0 0.15390625 0.1046875 0.0421875 0.0453125
0 0.1546875 0.08671875 0.0296875 0.0375
0 0.165625 0.06484375 0.0359375 0.0484375
0 0.1953125 0.015625 0.0375 0.03125
0 0.22578125 0.01328125 0.0453125 0.0265625
0 0.2421875 0.0109375 0.05 0.021875
0 0.21640625 0.01015625 0.0359375 0.0203125
0 0.23984375 0.01171875 0.0390625 0.0234375
0 0.134375 0.2 0.053125 0.053125
0 0.275 0.209375 0.05625 0.0578125
0 0.24375 0.21796875 0.053125 0.0515625
0 0.2375 0.16953125 0.0609375 0.05
0 0.19140625 0.2015625 0.0484375 0.0484375
0 0.13125 0.25625 0.0609375 0.0625
0 0.09921875 0.21953125 0.0453125 0.0453125
0 0.075 0.25 0.034375 0.0453125
0 0.0734375 0.2609375 0.0375 0.04375
0 0.05703125 0.29296875 0.034375 0.040625
0 0.14921875 0.3140625 0.0578125 0.0609375
0 0.09140625 0.325 0.0421875 0.0484375
0 0.12265625 0.3609375 0.065625 0.06875
0 0.2390625 0.3703125 0.0515625 0.0484375
0 0.27421875 0.3921875 0.0546875 0.05625
0 0.215625 0.4015625 0.040625 0.0453125
0 0.240625 0.43828125 0.05 0.05625
0 0.290625 0.43671875 0.0515625 0.0515625
0 0.44375 0.34453125 0.0609375 0.0578125
0 0.4015625 0.3609375 0.059375 0.0609375
0 0.35078125 0.3765625 0.0609375 0.0578125
0 0.40078125 0.4125 0.0484375 0.0453125
0 0.36484375 0.42421875 0.0609375 0.059375
0 0.32578125 0.47265625 0.05 0.053125
0 0.2796875 0.471875 0.0484375 0.0484375
0 0.29765625 0.50703125 0.0390625 0.0421875
0 0.32734375 0.5375 0.05 0.0578125
0 0.33515625 0.62109375 0.0546875 0.0546875
0 0.28046875 0.58984375 0.0484375 0.0484375
0 0.23125 0.5921875 0.0515625 0.046875
0 0.2359375 0.6578125 0.059375 0.0578125
0 0.196875 0.6484375 0.0453125 0.0421875
0 0.18359375 0.6140625 0.053125 0.046875
0 0.14921875 0.62890625 0.046875 0.046875
0 0.1703125 0.6625 0.0546875 0.0546875
0 0.18125 0.42109375 0.053125 0.0515625
0 0.14375 0.43984375 0.0578125 0.05
0 0.09140625 0.4125 0.0515625 0.0515625
0 0.09921875 0.46484375 0.053125 0.05
0 0.05703125 0.4296875 0.053125 0.05
0 0.02421875 0.434375 0.0359375 0.0359375
0 0.01484375 0.45625 0.0296875 0.05
0 0.015625 0.4828125 0.03125 0.053125
0 0.00859375 0.45859375 0.0171875 0.0390625
0 0.01171875 0.4984375 0.0234375 0.065625
0 0.00703125 0.478125 0.0140625 0.0375
0 0.009375 0.52890625 0.01875 0.0546875
0 0.00859375 0.5015625 0.0171875 0.040625
0 0.0109375 0.55859375 0.021875 0.0484375
0 0.01328125 0.57109375 0.0265625 0.0515625
0 0.05234375 0.61796875 0.0640625 0.059375
0 0.01953125 0.63515625 0.0390625 0.0453125
0 0.021875 0.6703125 0.04375 0.046875
0 0.1 0.6796875 0.040625 0.0453125
0 0.0859375 0.63046875 0.0484375 0.0484375
0 0.13203125 0.6703125 0.04375 0.046875
0 0.15390625 0.7296875 0.0625 0.0546875
0 0.09765625 0.715625 0.046875 0.046875
0 0.12265625 0.7546875 0.0453125 0.040625
0 0.37578125 0.76640625 0.0578125 0.0578125
0 0.340625 0.77109375 0.0546875 0.05
0 0.45546875 0.76328125 0.0671875 0.059375
0 0.49296875 0.7921875 0.053125 0.05625
0 0.44921875 0.80859375 0.0640625 0.0625
0 0.365625 0.81328125 0.0546875 0.0546875
0 0.31953125 0.7953125 0.053125 0.046875
0 0.32734375 0.83046875 0.0484375 0.0421875
0 0.28984375 0.8203125 0.053125 0.046875
0 0.23203125 0.778125 0.05625 0.046875
0 0.24453125 0.81171875 0.046875 0.0375
0 0.2078125 0.8390625 0.0640625 0.05625
0 0.13984375 0.7984375 0.0671875 0.05625
0 0.0109375 0.634375 0.021875 0.046875
0 0.0109375 0.6390625 0.021875 0.053125
0 0.009375 0.65859375 0.01875 0.0484375
0 0.009375 0.684375 0.01875 0.05
0 0.0078125 0.72578125 0.015625 0.0296875
0 0.009375 0.696875 0.01875 0.046875
0 0.0171875 0.69453125 0.034375 0.0671875
0 0.1296875 0.8421875 0.053125 0.05
0 0.0890625 0.81640625 0.046875 0.046875
0 0.02265625 0.8125 0.0453125 0.0375
