0 0.20703125 0.0125 0.0453125 0.025
0 0.18359375 0.0109375 0.0359375 0.021875
0 0.2359375 0.0171875 0.065625 0.034375
0 0.29140625 0.0171875 0.0703125 0.034375
0 0.26484375 0.05 0.0640625 0.05625
0 0.3453125 0.05234375 0.0703125 0.0546875
0 0.35 0.01484375 0.065625 0.0296875
0 0.43125 0.03671875 0.0703125 0.0640625
0 0.4375 0.0140625 0.05625 0.028125
0 0.46796875 0.009375 0.0421875 0.01875
0 0.45625 0.08359375 0.0421875 0.0375
0 0.48984375 0.08515625 0.0640625 0.0625
0 0.43984375 0.09765625 0.05 0.0453125
0 0.47265625 0.11796875 0.04375 0.0421875
0 0.57734375 0.1109375 0.078125 0.0671875
0 0.5375 0.14453125 0.0625 0.0578125
0 0.65234375 0.146875 0.0546875 0.05625
0 0.62890625 0.18828125 0.0578125 0.05625
0 0.68828125 0.21171875 0.06875 0.0625
0 0.7171875 0.23828125 0.0515625 0.059375
0 0.75703125 0.25546875 0.0671875 0.0765625
0 0.746875 0.1828125 0.0671875 0.06875
0 0.81640625 0.19140625 0.0796875 0.0703125
0 0.89765625 0.1765625 0.05 0.0703125
0 0.971875 0.196875 0.053125 0.0484375
0 0.94609375 0.21015625 0.0421875 0.0421875
0 0.9453125 0.2671875 0.059375 0.0484375
0 0.9640625 0.32734375 0.0703125 0.065625
0 0.990625 0.36015625 0.01875 0.0515625
0 0.98515625 0.5078125 0.0296875 0.059375
0 0.96640625 0.471875 0.05625 0.0484375
0 0.91484375 0.47578125 0.0578125 0.053125
0 0.88125 0.490625 0.0515625 0.053125
0 0.84765625 0.54453125 0.0484375 0.040625
0 0.88203125 0.56796875 0.053125 0.0578125
0 0.7703125 0.60390625 0.0734375 0.0546875
0 0.72890625 0.50078125 0.05625 0.0484375
0 0.69140625 0.51875 0.0453125 0.046875
0 0.6625 0.43828125 0.04375 0.040625
0 0.68203125 0.475 0.0609375 0.05
0 0.6421875 0.48828125 0.0625 0.0546875
0 0.553125 0.38984375 0.06875 0.059375
0 0.5125 0.35078125 0.046875 0.0421875
0 0.4875 0.37890625 0.0515625 0.05
0 0.6828125 0.2703125 0.040625 0.0359375
0 0.653125 0.27265625 0.0421875 0.034375
0 0.63125 0.23046875 0.046875 0.0453125
0 0.596875 0.2875 0.0421875 0.0375
0 0.540625 0.3078125 0.059375 0.0515625
0 0.55625 0.22890625 0.0484375 0.04375
0 0.50625 0.2515625 0.0765625 0.0640625
0 0.46484375 0.32734375 0.05 0.0484375
0 0.434375 0.33125 0.0375 0.0421875
0 0.3953125 0.33359375 0.05 0.0484375
0 0.33046875 0.278125 0.05625 0.0578125
0 0.3578125 0.3296875 0.0609375 0.0546875
0 0.32578125 0.32890625 0.059375 0.0546875
0 0.2953125 0.271875 0.053125 0.053125
0 0.25625 0.24609375 0.040625 0.0375
0 0.234375 0.22421875 0.0453125 0.046875
0 0.20390625 0.2171875 0.05 0.0453125
0 0.20546875 0.259375 0.059375 0.0515625
0 0.1640625 0.2453125 0.0484375 0.04375
0 0.11328125 0.22265625 0.0546875 0.05
0 0.10390625 0.1921875 0.0453125 0.0453125
0 0.10078125 0.17421875 0.0296875 0.0421875
0 0.13203125 0.1078125 0.040625 0.0578125
0 0.2390625 0.32109375 0.0359375 0.040625
0 0.22265625 0.34921875 0.06875 0.0625
0 0.1703125 0.321875 0.0625 0.0546875
0 0.10859375 0.33828125 0.06875 0.0625
0 0.10859375 0.38203125 0.0703125 0.065625
0 0.0609375 0.3625 0.0515625 0.05
0 0.02578125 0.38203125 0.0453125 0.053125
0 0.10703125 0.43984375 0.05625 0.0546875
0 0.07421875 0.45234375 0.0546875 0.05625
0 0.121875 0.5015625 0.0625 0.0625
0 0.215625 0.5296875 0.0546875 0.05625
0 0.25625 0.5359375 0.0625 0.0625
0 0.26875 0.5609375 0.053125 0.0484375
0 0.17421875 0.5625 0.0671875 0.0578125
0 0.3546875 0.49921875 0.071875 0.0625
0 0.40625 0.48359375 0.06875 0.0625
0 0.48515625 0.50390625 0.06875 0.0671875
0 0.39609375 0.52890625 0.059375 0.0546875
0 0.28203125 0.60546875 0.053125 0.0515625
0 0.309375 0.63984375 0.05625 0.0484375
0 0.33125 0.61484375 0.06875 0.0671875
0 0.33125 0.6671875 0.04375 0.0390625
0 0.34453125 0.69296875 0.04375 0.040625
0 0.403125 0.675 0.0515625 0.0515625
0 0.4375 0.6859375 0.053125 0.0515625
0 0.46640625 0.7078125 0.046875 0.0421875
0 0.5875 0.625 0.059375 0.059375
0 0.65703125 0.671875 0.0484375 0.05625
0 0.71171875 0.640625 0.0578125 0.059375
0 0.56171875 0.71171875 0.0390625 0.0390625
0 0.52890625 0.7234375 0.0578125 0.053125
0 0.1203125 0.584375 0.046875 0.040625
0 0.0921875 0.59765625 0.084375 0.0765625
0 0.0453125 0.578125 0.0546875 0.046875
0 0.015625 0.58828125 0.03125 0.0390625
0 0.01484375 0.61171875 0.0296875 0.0453125
0 0.0125 0.63828125 0.025 0.0453125
0 0.00546875 0.62890625 0.0109375 0.0296875
0 0.00546875 0.6546875 0.0109375 0.028125
0 0.01015625 0.66015625 0.0203125 0.0421875
0 0.00703125 0.6703125 0.0140625 0.034375
0 0.01328125 0.70703125 0.0265625 0.0578125
0 0.0140625 0.73203125 0.028125 0.0578125
0 0.04765625 0.775 0.05625 0.0515625
0 0.0921875 0.7875 0.0546875 0.046875
0 0.0234375 0.79453125 0.046875 0.0484375
0 0.01171875 0.81484375 0.0234375 0.0390625
0 0.1171875 0.871875 0.046875 0.0359375
0 0.26484375 0.9390625 0.0359375 0.021875
0 0.30390625 0.95625 0.034375 0.0203125
0 0.153125 0.775 0.0421875 0.0375
0 0.178125 0.765625 0.04375 0.0453125
0 0.20234375 0.80234375 0.0578125 0.053125
0 0.2484375 0.796875 0.0609375 0.053125
0 0.23828125 0.74921875 0.0640625 0.059375
0 0.28828125 0.72890625 0.0578125 0.059375
0 0.31484375 0.7828125 0.053125 0.0484375
0 0.346875 0.75546875 0.053125 0.0515625
0 0.35859375 0.90859375 0.0453125 0.0453125
0 0.39453125 0.90390625 0.0453125 0.0453125
0 0.48203125 0.89140625 0.0609375 0.05625
0 0.3390625 0.953125 0.0453125 0.040625
0 0.3796875 0.95390625 0.04375 0.0421875
0 0.5234375 0.9375 0.0578125 0.05625
0 0.4765625 0.94453125 0.0546875 0.05625
0 0.51796875 0.77109375 0.0484375 0.046875
0 0.5140625 0.8390625 0.0453125 0.04375
0 0.56640625 0.890625 0.0546875 0.05
0 0.6328125 0.9125 0.053125 0.053125
0 0.59296875 0.83125 0.0421875 0.0375
0 0.66328125 0.8625 0.046875 0.040625
0 0.86640625 0.62109375 0.05625 0.0515625
0 0.8921875 0.65625 0.05 0.0515625
0 0.96328125 0.65625 0.0328125 0.0359375
0 0.940625 0.72734375 0.0234375 0.0328125
0 0.9265625 0.70625 0.0453125 0.040625
0 0.903125 0.75078125 0.0546875 0.0625
0 0.9234375 0.75859375 0.0328125 0.04375
0 0.90625 0.7984375 0.0375 0.0515625
0 0.8828125 0.81015625 0.0515625 0.053125
0 0.8484375 0.828125 0.0546875 0.059375
0 0.73125 0.80546875 0.0390625 0.0484375
0 0.75 0.8765625 0.0578125 0.05
0 0.69375 0.903125 0.05625 0.0484375
0 0.7015625 0.94296875 0.0578125 0.05625
0 0.778125 0.96328125 0.059375 0.059375
0 0.79296875 0.9890625 0.0578125 0.021875
