0 0.0453125 0.0796875 0.04296875 0.03515625
0 0.034375 0.121875 0.040625 0.0328125
0 0.0984375 0.12578125 0.0453125 0.0375
0 0.1421875 0.11015625 0.05078125 0.0328125
0 0.1359375 0.153125 0.0453125 0.0328125
0 0.2 0.1296875 0.053125 0.0296875
0 0.18671875 0.08671875 0.0453125 0.0375
0 0.2625 0.08984375 0.0484375 0.0390625
0 0.25078125 0.04765625 0.0375 0.0375
0 0.26875 0.0171875 0.0296875 0.02734375
0 0.29765625 0.11875 0.0296875 0.0234375
0 0.32421875 0.109375 0.04296875 0.0390625
0 0.2890625 0.134375 0.03515625 0.02734375
0 0.32109375 0.140625 0.0296875 0.02734375
0 0.4015625 0.1015625 0.05625 0.0390625
0 0.38125 0.140625 0.04296875 0.03515625
0 0.47265625 0.10625 0.03515625 0.0375
0 0.4671875 0.146875 0.0390625 0.03515625
0 0.521875 0.146875 0.046875 0.0390625
0 0.553125 0.15703125 0.03125 0.040625
0 0.58984375 0.1578125 0.0390625 0.0546875
0 0.55859375 0.1046875 0.04296875 0.0453125
0 0.61640625 0.0890625 0.05625 0.040625
0 0.67578125 0.05078125 0.0234375 0.0546875
0 0.74140625 0.04375 0.0375 0.0296875
0 0.725 0.0625 0.02734375 0.02734375
0 0.7421875 0.1078125 0.04296875 0.02734375
0 0.7765625 0.14921875 0.0484375 0.040625
0 0.825 0.159375 0.0453125 0.0296875
0 0.83671875 0.115625 0.0453125 0.0390625
0 0.87578125 0.1203125 0.0375 0.0296875
0 0.88125 0.15 0.0390625 0.02734375
0 0.8796875 0.18125 0.0375 0.03125
0 0.9375 0.13671875 0.04296875 0.04296875
0 0.971875 0.171875 0.0328125 0.03515625
0 0.91015625 0.19921875 0.0390625 0.0390625
0 0.91796875 0.23359375 0.0390625 0.021875
0 0.90234375 0.253125 0.05078125 0.0375
0 0.86875 0.2796875 0.0546875 0.03515625
0 0.82421875 0.2625 0.0390625 0.0296875
0 0.78515625 0.28203125 0.0390625 0.0328125
0 0.7625 0.3046875 0.0328125 0.03515625
0 0.75390625 0.3578125 0.03515625 0.0234375
0 0.78828125 0.365625 0.0328125 0.0390625
0 0.71171875 0.4296875 0.05625 0.02734375
0 0.6453125 0.3609375 0.040625 0.02734375
0 0.621875 0.38671875 0.0296875 0.03125
0 0.5734375 0.3328125 0.0296875 0.025
0 0.60078125 0.35546875 0.0453125 0.02734375
0 0.5734375 0.37890625 0.0453125 0.03125
0 0.471875 0.3296875 0.0484375 0.03515625
0 0.4265625 0.31171875 0.0328125 0.025
0 0.415625 0.3421875 0.03515625 0.03125
0 0.5359375 0.19453125 0.0296875 0.021875
0 0.5140625 0.2046875 0.03125 0.01953125
0 0.4828125 0.17890625 0.03125 0.0296875
0 0.4734375 0.234375 0.0296875 0.0234375
0 0.4359375 0.26875 0.04296875 0.0296875
0 0.42265625 0.2015625 0.0328125 0.02734375
0 0.390625 0.23515625 0.0546875 0.0375
0 0.38203125 0.30859375 0.0328125 0.03125
0 0.359375 0.32109375 0.0234375 0.0296875
0 0.32890625 0.3359375 0.0328125 0.03125
0 0.259375 0.3125 0.03515625 0.0390625
0 0.2984375 0.34453125 0.04296875 0.0328125
0 0.27265625 0.3546875 0.040625 0.0328125
0 0.23046875 0.31875 0.03515625 0.03515625
0 0.19140625 0.3109375 0.02734375 0.0234375
0 0.1671875 0.30078125 0.0296875 0.03125
0 0.140625 0.3046875 0.03515625 0.02734375
0 0.15546875 0.3375 0.040625 0.03125
0 0.11796875 0.33984375 0.0328125 0.02734375
0 0.07109375 0.3375 0.0375 0.03125
0 0.05 0.3171875 0.0375 0.0296875
0 0.01484375 0.30390625 0.0296875 0.0328125
0 0.01953125 0.24140625 0.0390625 0.0453125
0 0.20234375 0.37578125 0.021875 0.0296875
0 0.1984375 0.403125 0.0484375 0.0375
0 0.14765625 0.3984375 0.0453125 0.03125
0 0.1046875 0.43046875 0.0484375 0.0375
0 0.11796875 0.465625 0.0484375 0.040625
0 0.07421875 0.46484375 0.03515625 0.03125
0 0.04375 0.49140625 0.0453125 0.0375
0 0.1359375 0.51171875 0.0375 0.03515625
0 0.11328125 0.53203125 0.03515625 0.0375
0 0.1671875 0.55546875 0.040625 0.040625
0 0.25 0.54765625 0.03515625 0.0375
0 0.284375 0.53984375 0.040625 0.040625
0 0.3015625 0.55546875 0.0375 0.0296875
0 0.22734375 0.58671875 0.0484375 0.0328125
0 0.35 0.4796875 0.05078125 0.0375
0 0.3859375 0.45 0.0484375 0.0375
0 0.45390625 0.44140625 0.0453125 0.04296875
0 0.39140625 0.4890625 0.040625 0.0328125
0 0.3265625 0.58671875 0.03515625 0.0328125
0 0.359375 0.6046875 0.0390625 0.0296875
0 0.36796875 0.578125 0.0453125 0.04296875
0 0.384375 0.61875 0.03125 0.0234375
0 0.403125 0.6359375 0.0296875 0.025
0 0.44453125 0.60234375 0.0328125 0.0328125
0 0.475 0.60078125 0.03515625 0.0328125
0 0.5046875 0.60859375 0.0328125 0.025
0 0.57421875 0.50390625 0.0390625 0.0390625
0 0.64375 0.51953125 0.0296875 0.0390625
0 0.6765625 0.4765625 0.0375 0.0390625
0 0.58125 0.58125 0.025 0.025
0 0.55859375 0.60078125 0.0390625 0.0328125
0 0.1921875 0.62109375 0.0328125 0.0234375
0 0.1734375 0.640625 0.05859375 0.046875
0 0.13125 0.640625 0.0390625 0.02734375
0 0.10546875 0.66015625 0.03125 0.0234375
0 0.10234375 0.68359375 0.0453125 0.0234375
0 0.103125 0.70703125 0.03515625 0.02734375
0 0.01875 0.721875 0.0296875 0.021875
0 0.0125 0.7453125 0.025 0.021875
0 0.071875 0.740625 0.02734375 0.02734375
0 0.04375 0.75859375 0.025 0.025
0 0.090625 0.775 0.0328125 0.0390625
0 0.1265625 0.7828125 0.03515625 0.0390625
0 0.1953125 0.7953125 0.0390625 0.03125
0 0.234375 0.790625 0.0390625 0.02734375
0 0.17890625 0.8203125 0.040625 0.02734375
0 0.1546875 0.85 0.03515625 0.0234375
0 0.15234375 0.87421875 0.046875 0.025
0 0.1 0.91015625 0.0390625 0.03515625
0 0.07421875 0.9296875 0.0390625 0.03515625
0 0.0375 0.90625 0.0390625 0.02734375
0 0.0171875 0.9265625 0.03125 0.0296875
0 0.28125 0.85625 0.03515625 0.0328125
0 0.30390625 0.88203125 0.0296875 0.0328125
0 0.303125 0.95234375 0.03125 0.025
0 0.32421875 0.925 0.03515625 0.025
0 0.34453125 0.95390625 0.0375 0.025
0 0.40234375 0.91328125 0.04296875 0.0328125
0 0.41875 0.8671875 0.0296875 0.03125
0 0.45625 0.865625 0.0296875 0.0234375
0 0.5484375 0.97734375 0.0390625 0.0328125
0 0.58671875 0.9859375 0.0453125 0.0234375
0 0.49921875 0.93359375 0.0328125 0.02734375
0 0.6765625 0.9671875 0.040625 0.03515625
0 0.278125 0.76171875 0.0296875 0.0234375
0 0.2953125 0.74609375 0.02734375 0.03125
0 0.3265625 0.76640625 0.0390625 0.0328125
0 0.3609375 0.7484375 0.04296875 0.03125
0 0.3375 0.7140625 0.04296875 0.0375
0 0.3703125 0.68125 0.0375 0.0390625
0 0.409375 0.715625 0.0375 0.0296875
0 0.42578125 0.684375 0.03515625 0.0328125
0 0.48359375 0.8015625 0.0296875 0.0296875
0 0.5109375 0.7859375 0.0296875 0.0296875
0 0.575 0.7484375 0.040625 0.03515625
0 0.4828125 0.84296875 0.03125 0.025
0 0.51484375 0.8296875 0.0296875 0.02734375
0 0.6234375 0.771875 0.0390625 0.03515625
0 0.5875 0.7921875 0.03515625 0.0375
0 0.565625 0.64140625 0.0328125 0.0296875
0 0.584375 0.696875 0.03125 0.02734375
0 0.64140625 0.7203125 0.0375 0.03125
0 0.7015625 0.7171875 0.03515625 0.03515625
0 0.64375 0.665625 0.0296875 0.0234375
0 0.71015625 0.66796875 0.0328125 0.0234375
0 0.79296875 0.4125 0.0390625 0.03125
0 0.82421875 0.43125 0.03125 0.03515625
0 0.88203125 0.409375 0.021875 0.025
0 0.9890625 0.4140625 0.0171875 0.03125
0 0.9828125 0.4390625 0.0234375 0.02734375
0 0.96015625 0.4609375 0.021875 0.03125
0 0.89453125 0.4734375 0.02734375 0.025
0 0.8671875 0.46015625 0.03125 0.025
0 0.86328125 0.503125 0.03125 0.0453125
0 0.8890625 0.503125 0.03125 0.0328125
0 0.890625 0.5390625 0.0390625 0.0390625
0 0.86640625 0.55625 0.0328125 0.03515625
0 0.84453125 0.58125 0.0328125 0.040625
0 0.7453125 0.6015625 0.021875 0.03515625
0 0.78203125 0.6515625 0.040625 0.0296875
0 0.74609375 0.690625 0.0390625 0.0296875
0 0.765625 0.71875 0.0390625 0.03515625
0 0.83203125 0.7109375 0.0390625 0.0390625
0 0.8578125 0.7390625 0.0390625 0.0328125
0 0.9515625 0.71796875 0.03515625 0.0453125
0 0.9828125 0.7171875 0.02734375 0.03125
0 0.83125 0.84375 0.0453125 0.046875
0 0.80859375 0.79375 0.0390625 0.0375
0 0.84375 0.8125 0.04296875 0.0390625
0 0.72734375 0.9015625 0.0375 0.025
0 0.94140625 0.975 0.0390625 0.03515625
0 0.94921875 0.94453125 0.0390625 0.0375
0 0.9859375 0.9046875 0.0234375 0.02734375
0 0.98046875 0.934375 0.03515625 0.0296875
