0 0.0203125 0.171875 0.0375 0.04296875
0 0.0828125 0.0796875 0.0453125 0.0390625
0 0.071875 0.1203125 0.046875 0.0328125
0 0.096875 0.15234375 0.0453125 0.02734375
0 0.11640625 0.1234375 0.0375 0.02734375
0 0.1203125 0.05859375 0.0453125 0.03515625
0 0.15234375 0.065625 0.0390625 0.0296875
0 0.14765625 0.03203125 0.025 0.040625
0 0.16796875 0.01875 0.03515625 0.025
0 0.246875 0.0359375 0.0375 0.0328125
0 0.2859375 0.03125 0.0375 0.03125
0 0.24296875 0.10078125 0.053125 0.040625
0 0.1734375 0.12109375 0.05859375 0.046875
0 0.334375 0.0734375 0.03125 0.0296875
0 0.371875 0.075 0.040625 0.0296875
0 0.375 0.0328125 0.05078125 0.03515625
0 0.4484375 0.0328125 0.0375 0.02734375
0 0.4796875 0.028125 0.040625 0.040625
0 0.475 0.06328125 0.03125 0.0296875
0 0.41796875 0.06953125 0.02734375 0.025
0 0.3953125 0.11796875 0.040625 0.025
0 0.384375 0.15 0.0390625 0.03515625
0 0.4453125 0.1296875 0.04296875 0.0375
0 0.42890625 0.1625 0.040625 0.03515625
0 0.3984375 0.203125 0.046875 0.04296875
0 0.32734375 0.2578125 0.0453125 0.0390625
0 0.30859375 0.2171875 0.0546875 0.03125
0 0.2859375 0.246875 0.0484375 0.0375
0 0.2953125 0.278125 0.04296875 0.0328125
0 0.2234375 0.27265625 0.0375 0.0296875
0 0.22578125 0.321875 0.0328125 0.03125
0 0.1796875 0.303125 0.05859375 0.04296875
0 0.115625 0.3703125 0.0390625 0.0296875
0 0.07890625 0.4453125 0.0328125 0.02734375
0 0.1609375 0.409375 0.0328125 0.0375
0 0.14765625 0.45703125 0.0328125 0.01953125
0 0.19140625 0.45234375 0.04296875 0.0296875
0 0.22734375 0.4390625 0.040625 0.03125
0 0.29765625 0.41796875 0.0328125 0.02734375
0 0.371875 0.40234375 0.040625 0.0390625
0 0.409375 0.41328125 0.040625 0.0328125
0 0.3953125 0.4484375 0.0296875 0.0375
0 0.36796875 0.45 0.0328125 0.0328125
0 0.3125 0.465625 0.0390625 0.0296875
0 0.203125 0.49375 0.03515625 0.03125
0 0.1625 0.5109375 0.046875 0.0296875
0 0.09453125 0.5453125 0.0453125 0.03125
0 0.03984375 0.58203125 0.0328125 0.0390625
0 0.01875 0.6 0.0375 0.046875
0 0.05390625 0.49296875 0.053125 0.0328125
0 0.29765625 0.61640625 0.0328125 0.025
0 0.26953125 0.63359375 0.03515625 0.0296875
0 0.2921875 0.6609375 0.0296875 0.0328125
0 0.33203125 0.6375 0.05078125 0.0484375
0 0.37109375 0.60546875 0.03515625 0.0234375
0 0.4 0.5859375 0.03515625 0.02734375
0 0.37109375 0.55390625 0.05078125 0.0328125
0 0.428125 0.52421875 0.03125 0.025
0 0.4140625 0.5046875 0.04296875 0.0296875
0 0.4546875 0.5109375 0.02734375 0.0296875
0 0.478125 0.4484375 0.0390625 0.0328125
0 0.45234375 0.42890625 0.0375 0.0375
0 0.45703125 0.3984375 0.03125 0.02734375
0 0.4984375 0.4265625 0.03125 0.0375
0 0.52421875 0.40703125 0.0375 0.0328125
0 0.4984375 0.3609375 0.03515625 0.03515625
0 0.53046875 0.340625 0.0375 0.0375
0 0.58515625 0.371875 0.0453125 0.040625
0 0.60625 0.33671875 0.0296875 0.0328125
0 0.62890625 0.3078125 0.0390625 0.0296875
0 0.57734375 0.28984375 0.0375 0.025
0 0.5515625 0.30390625 0.0296875 0.0375
0 0.6171875 0.25 0.02734375 0.03125
0 0.646875 0.24921875 0.02734375 0.0296875
0 0.6421875 0.1828125 0.02734375 0.0328125
0 0.665625 0.15546875 0.02734375 0.0328125
0 0.7140625 0.178125 0.025 0.04296875
0 0.7453125 0.14140625 0.0296875 0.0296875
0 0.7265625 0.1 0.02734375 0.02734375
0 0.8296875 0.0921875 0.05078125 0.046875
0 0.82109375 0.03046875 0.0453125 0.0484375
0 0.859375 0.0328125 0.0390625 0.0390625
0 0.73359375 0.22578125 0.0375 0.025
0 0.728125 0.29765625 0.05078125 0.053125
0 0.6875 0.3078125 0.04296875 0.053125
0 0.86796875 0.265625 0.0453125 0.02734375
0 0.8703125 0.21015625 0.0328125 0.0375
0 0.959375 0.16796875 0.03515625 0.02734375
0 0.94140625 0.25078125 0.04296875 0.0375
0 0.9859375 0.2203125 0.0234375 0.03515625
0 0.88359375 0.3015625 0.0296875 0.040625
0 0.8234375 0.38125 0.0453125 0.05078125
0 0.7515625 0.44140625 0.0390625 0.03515625
0 0.71953125 0.475 0.0484375 0.046875
0 0.678125 0.5296875 0.0390625 0.0625
0 0.73828125 0.53984375 0.04296875 0.0328125
0 0.76953125 0.5078125 0.03515625 0.04296875
0 0.8265625 0.4484375 0.0390625 0.0375
0 0.8546875 0.421875 0.025 0.03515625
0 0.90546875 0.3703125 0.025 0.0296875
0 0.9265625 0.34453125 0.025 0.0375
0 0.934375 0.309375 0.0296875 0.0453125
0 0.790625 0.5390625 0.04296875 0.04296875
0 0.93125 0.54296875 0.0390625 0.03515625
0 0.97265625 0.503125 0.03125 0.0328125
0 0.9390625 0.5140625 0.03515625 0.03515625
0 0.89453125 0.56875 0.046875 0.03515625
0 0.84765625 0.534375 0.0390625 0.0453125
0 0.7625 0.5828125 0.040625 0.0296875
0 0.7625 0.628125 0.0453125 0.040625
0 0.73046875 0.64765625 0.046875 0.040625
0 0.6890625 0.609375 0.04296875 0.04296875
0 0.68671875 0.66875 0.05625 0.0453125
0 0.6546875 0.69453125 0.046875 0.0484375
0 0.62109375 0.70703125 0.046875 0.03515625
0 0.6015625 0.73828125 0.046875 0.03515625
0 0.6578125 0.5875 0.03125 0.03515625
0 0.61328125 0.62578125 0.04296875 0.040625
0 0.57734375 0.65 0.0328125 0.03515625
0 0.5109375 0.7234375 0.0375 0.0375
0 0.5328125 0.77734375 0.04296875 0.046875
0 0.48828125 0.8 0.03515625 0.0484375
0 0.4859375 0.74921875 0.03125 0.0328125
0 0.4578125 0.76640625 0.0296875 0.0296875
0 0.4484375 0.7953125 0.040625 0.0390625
0 0.40625 0.7984375 0.04296875 0.0390625
0 0.3765625 0.77421875 0.0546875 0.040625
0 0.328125 0.8390625 0.046875 0.0296875
0 0.328125 0.784375 0.04296875 0.0328125
0 0.28515625 0.81953125 0.02734375 0.0375
0 0.2578125 0.825 0.02734375 0.0296875
0 0.21875 0.82890625 0.03515625 0.0328125
0 0.18359375 0.8390625 0.02734375 0.0296875
0 0.2203125 0.88203125 0.04296875 0.0296875
0 0.1859375 0.8890625 0.03515625 0.0234375
0 0.15546875 0.90546875 0.0375 0.025
0 0.1359375 0.8875 0.0328125 0.0296875
0 0.14375 0.8671875 0.0453125 0.02734375
0 0.246875 0.68671875 0.0328125 0.0296875
0 0.1921875 0.68828125 0.0296875 0.0375
0 0.1625 0.7171875 0.03125 0.02734375
0 0.146875 0.74375 0.0390625 0.04296875
0 0.1703125 0.78046875 0.03515625 0.0375
0 0.1546875 0.81875 0.0390625 0.0390625
0 0.1046875 0.77421875 0.0328125 0.040625
0 0.08984375 0.809375 0.03515625 0.0296875
0 0.0921875 0.859375 0.03125 0.02734375
0 0.05625 0.86640625 0.046875 0.0328125
0 0.07890625 0.93671875 0.0453125 0.0375
0 0.04609375 0.96953125 0.053125 0.040625
0 0.01875 0.92578125 0.0375 0.046875
0 0.409375 0.865625 0.0484375 0.04296875
0 0.4671875 0.85078125 0.0390625 0.0328125
0 0.4625 0.8734375 0.02734375 0.01953125
0 0.453125 0.9 0.02734375 0.01953125
0 0.43359375 0.9359375 0.0390625 0.02734375
0 0.421875 0.9734375 0.03515625 0.0375
0 0.38203125 0.96015625 0.025 0.0375
0 0.3453125 0.95703125 0.0390625 0.03515625
0 0.3171875 0.98125 0.040625 0.0328125
0 0.50859375 0.97734375 0.040625 0.0328125
0 0.6875 0.9703125 0.046875 0.0390625
0 0.76953125 0.9046875 0.01953125 0.03125
0 0.82734375 0.8765625 0.0328125 0.03515625
0 0.91796875 0.8265625 0.03125 0.046875
0 0.93671875 0.7140625 0.0296875 0.025
0 0.9515625 0.6921875 0.0234375 0.0453125
0 0.984375 0.5921875 0.02734375 0.046875
0 0.89140625 0.771875 0.0296875 0.0234375
0 0.84375 0.8078125 0.0390625 0.040625
0 0.80390625 0.84296875 0.021875 0.0296875
0 0.7828125 0.8546875 0.02734375 0.025
0 0.98359375 0.73828125 0.0296875 0.03125
0 0.9890625 0.70625 0.0171875 0.025
