0 0.01171875 0.06953125 0.01953125 0.0375
0 0.02421875 0.09375 0.0171875 0.02734375
0 0.05859375 0.02421875 0.01953125 0.0171875
0 0.08984375 0.0203125 0.01953125 0.021875
0 0.1328125 0.11015625 0.02734375 0.0296875
0 0.1578125 0.13125 0.02734375 0.0234375
0 0.1703125 0.159375 0.01953125 0.025
0 0.196875 0.171875 0.0234375 0.015625
0 0.178125 0.08671875 0.0234375 0.021875
0 0.175 0.0578125 0.025 0.021875
0 0.18359375 0.1125 0.0234375 0.0171875
0 0.2125 0.2 0.01953125 0.0296875
0 0.21875 0.2328125 0.0234375 0.02734375
0 0.22578125 0.26171875 0.0296875 0.02734375
0 0.2421875 0.31953125 0.02734375 0.025
0 0.19921875 0.33203125 0.0234375 0.03125
0 0.24921875 0.4109375 0.0296875 0.0375
0 0.2671875 0.39140625 0.03125 0.0328125
0 0.17109375 0.321875 0.0328125 0.03515625
0 0.14375 0.33515625 0.0296875 0.0328125
0 0.0921875 0.3671875 0.0234375 0.02734375
0 0.03515625 0.39765625 0.02734375 0.0296875
0 0.10078125 0.428125 0.040625 0.03515625
0 0.0546875 0.42890625 0.03515625 0.0328125
0 0.04609375 0.4671875 0.0296875 0.03125
0 0.084375 0.5296875 0.03125 0.03125
0 0.05 0.5578125 0.0328125 0.0375
0 0.0265625 0.5109375 0.025 0.0296875
0 0.10234375 0.57421875 0.0296875 0.03125
0 0.0671875 0.61875 0.0375 0.0390625
0 0.1234375 0.68046875 0.04296875 0.0375
0 0.14921875 0.65 0.0328125 0.03125
0 0.02421875 0.63203125 0.0296875 0.0296875
0 0.2578125 0.5078125 0.02734375 0.0390625
0 0.3125 0.4953125 0.03515625 0.0328125
0 0.3015625 0.45234375 0.0375 0.0375
0 0.340625 0.55078125 0.040625 0.04296875
0 0.2984375 0.56953125 0.02734375 0.0375
0 0.3265625 0.6109375 0.03515625 0.03515625
0 0.36640625 0.615625 0.0328125 0.0390625
0 0.35859375 0.67578125 0.0296875 0.0234375
0 0.38984375 0.6546875 0.0328125 0.03515625
0 0.4109375 0.6203125 0.0375 0.0328125
0 0.45234375 0.6234375 0.0296875 0.02734375
0 0.428125 0.65 0.0390625 0.03515625
0 0.23515625 0.55625 0.040625 0.0390625
0 0.25390625 0.58984375 0.03125 0.03125
0 0.24375 0.621875 0.02734375 0.0375
0 0.228125 0.6453125 0.02734375 0.025
0 0.20625 0.6140625 0.0328125 0.0296875
0 0.19453125 0.646875 0.0375 0.0234375
0 0.2171875 0.6734375 0.0390625 0.02734375
0 0.1578125 0.6921875 0.03515625 0.0484375
0 0.13984375 0.734375 0.0296875 0.0390625
0 0.1375 0.765625 0.025 0.02734375
0 0.13984375 0.79375 0.0296875 0.0296875
0 0.178125 0.73125 0.03125 0.0296875
0 0.18359375 0.77265625 0.03125 0.0328125
0 0.1921875 0.7953125 0.0296875 0.03125
0 0.1765625 0.828125 0.0375 0.03515625
0 0.15234375 0.84453125 0.03125 0.0375
0 0.11328125 0.85546875 0.02734375 0.03125
0 0.22265625 0.8796875 0.03125 0.0328125
0 0.1765625 0.88671875 0.0328125 0.03125
0 0.18671875 0.9234375 0.0453125 0.03515625
0 0.2015625 0.9671875 0.03515625 0.03515625
0 0.134375 0.959375 0.03125 0.0390625
0 0.11015625 0.8953125 0.0375 0.0296875
0 0.24375 0.93046875 0.03515625 0.0328125
0 0.2765625 0.8796875 0.0375 0.0328125
0 0.321875 0.8796875 0.0234375 0.025
0 0.33671875 0.8515625 0.0328125 0.04296875
0 0.35 0.815625 0.01953125 0.025
0 0.384375 0.7921875 0.03125 0.0328125
0 0.3984375 0.72265625 0.02734375 0.0234375
0 0.35625 0.73359375 0.0296875 0.0328125
0 0.415625 0.8453125 0.03515625 0.03125
0 0.4375 0.87578125 0.02734375 0.0328125
0 0.44375 0.825 0.0234375 0.0296875
0 0.47265625 0.8671875 0.01953125 0.01953125
0 0.48125 0.90625 0.025 0.03125
0 0.42578125 0.9359375 0.04296875 0.0390625
0 0.43671875 0.96796875 0.0328125 0.0328125
0 0.490625 0.81640625 0.01953125 0.0234375
0 0.5375 0.80859375 0.03515625 0.03125
0 0.5078125 0.84453125 0.03125 0.025
0 0.5328125 0.75703125 0.0234375 0.0296875
0 0.57734375 0.76640625 0.0328125 0.0328125
0 0.5578125 0.73828125 0.0328125 0.0234375
0 0.6109375 0.7640625 0.03515625 0.03515625
0 0.63671875 0.71484375 0.03125 0.03515625
0 0.66015625 0.74921875 0.02734375 0.0375
0 0.68046875 0.78828125 0.0296875 0.0296875
0 0.62109375 0.9484375 0.02734375 0.0296875
0 0.65 0.9046875 0.0234375 0.02734375
0 0.675 0.8796875 0.025 0.025
0 0.69609375 0.90234375 0.0296875 0.01953125
0 0.715625 0.9453125 0.0296875 0.02734375
0 0.69375 0.83203125 0.01953125 0.02734375
0 0.58125 0.71015625 0.0296875 0.025
0 0.5796875 0.68359375 0.03125 0.02734375
0 0.590625 0.65546875 0.0296875 0.0328125
0 0.6046875 0.63359375 0.0296875 0.0296875
0 0.5875 0.5953125 0.03515625 0.03125
0 0.6578125 0.6265625 0.02734375 0.03515625
0 0.6875 0.59765625 0.0390625 0.03515625
0 0.65625 0.56953125 0.03515625 0.0328125
0 0.5578125 0.53046875 0.0375 0.040625
0 0.525 0.56875 0.03515625 0.0390625
0 0.49375 0.5640625 0.03125 0.0390625
0 0.503125 0.50390625 0.0328125 0.03125
0 0.503125 0.46875 0.025 0.03515625
0 0.553125 0.45703125 0.03515625 0.02734375
0 0.53828125 0.4328125 0.0453125 0.0328125
0 0.49140625 0.4125 0.021875 0.0234375
0 0.5046875 0.3859375 0.0328125 0.0328125
0 0.4828125 0.31640625 0.0390625 0.03125
0 0.44921875 0.3484375 0.0234375 0.0328125
0 0.353125 0.409375 0.0390625 0.0296875
0 0.3171875 0.4015625 0.0375 0.0328125
0 0.41015625 0.3421875 0.046875 0.04296875
0 0.41328125 0.26640625 0.0375 0.0328125
0 0.378125 0.296875 0.0375 0.02734375
0 0.3171875 0.1375 0.0375 0.040625
0 0.24921875 0.1921875 0.040625 0.0296875
0 0.24375 0.153125 0.04296875 0.0296875
0 0.3046875 0.10078125 0.0390625 0.0296875
0 0.328125 0.0640625 0.03515625 0.03125
0 0.328125 0.009375 0.025 0.01875
0 0.38359375 0.0125 0.0296875 0.021875
0 0.39453125 0.05625 0.03125 0.01953125
0 0.38203125 0.0421875 0.0375 0.025
0 0.36875 0.1296875 0.046875 0.0484375
0 0.41875 0.12421875 0.0375 0.040625
0 0.43125 0.16015625 0.0390625 0.03515625
0 0.4234375 0.20703125 0.03125 0.03515625
0 0.45390625 0.196875 0.0328125 0.0390625
0 0.4625 0.1578125 0.03515625 0.0390625
0 0.46953125 0.2734375 0.0328125 0.03515625
0 0.4671875 0.2234375 0.04296875 0.040625
0 0.51953125 0.1671875 0.0390625 0.0375
0 0.49296875 0.1234375 0.0328125 0.03515625
0 0.5171875 0.1046875 0.0234375 0.0375
0 0.55 0.1140625 0.025 0.025
0 0.52265625 0.06953125 0.0296875 0.0328125
0 0.5921875 0.065625 0.03125 0.0328125
0 0.54609375 0.04375 0.040625 0.0375
0 0.5859375 0.03515625 0.02734375 0.02734375
0 0.56640625 0.0171875 0.05078125 0.02734375
0 0.6203125 0.0984375 0.0296875 0.0375
0 0.56953125 0.36875 0.0328125 0.03125
0 0.5578125 0.4 0.021875 0.03125
0 0.59453125 0.31640625 0.0171875 0.03515625
0 0.64765625 0.3125 0.025 0.03515625
0 0.621875 0.28828125 0.025 0.0296875
0 0.6875 0.53046875 0.02734375 0.0328125
0 0.7046875 0.5015625 0.02734375 0.0234375
0 0.72734375 0.5359375 0.0296875 0.0375
0 0.721875 0.4828125 0.0296875 0.03125
0 0.7609375 0.528125 0.0375 0.040625
0 0.8 0.4796875 0.0328125 0.025
0 0.8078125 0.5015625 0.0328125 0.03125
0 0.83203125 0.55078125 0.03515625 0.03515625
0 0.8109375 0.57421875 0.0390625 0.046875
0 0.765625 0.5359375 0.03515625 0.0375
0 0.73515625 0.4234375 0.025 0.02734375
0 0.75078125 0.4046875 0.025 0.03125
0 0.784375 0.41484375 0.0296875 0.0328125
0 0.7640625 0.38203125 0.01953125 0.025
0 0.6515625 0.25625 0.021875 0.01953125
0 0.6546875 0.209375 0.01953125 0.0234375
0 0.7109375 0.1921875 0.02734375 0.0171875
0 0.7140625 0.35546875 0.025 0.02734375
0 0.73828125 0.3078125 0.03125 0.0296875
0 0.70625 0.26875 0.0375 0.0296875
0 0.6765625 0.30546875 0.021875 0.0171875
0 0.79765625 0.3390625 0.025 0.0296875
0 0.8359375 0.29609375 0.02734375 0.0375
0 0.8578125 0.353125 0.03125 0.02734375
0 0.83515625 0.603125 0.025 0.02734375
0 0.82109375 0.63984375 0.025 0.0171875
0 0.81328125 0.671875 0.021875 0.02734375
0 0.7921875 0.70390625 0.0171875 0.025
0 0.76484375 0.6875 0.0296875 0.0234375
0 0.6859375 0.15234375 0.01953125 0.02734375
0 0.66328125 0.1328125 0.021875 0.0234375
0 0.640625 0.1484375 0.0234375 0.01953125
0 0.71875 0.1421875 0.0234375 0.0234375
0 0.734375 0.109375 0.0234375 0.01953125
0 0.640625 0.0328125 0.0234375 0.02734375
0 0.75 0.08984375 0.015625 0.01953125
0 0.7625 0.071875 0.021875 0.01953125
0 0.77421875 0.05546875 0.021875 0.0296875
0 0.78828125 0.034375 0.021875 0.0171875
0 0.8140625 0.08515625 0.0234375 0.0296875
0 0.8875 0.0421875 0.0296875 0.021875
0 0.90234375 0.06328125 0.03125 0.0328125
0 0.77265625 0.13671875 0.0328125 0.0390625
0 0.9484375 0.18671875 0.021875 0.021875
0 0.94921875 0.21015625 0.02734375 0.025
0 0.90546875 0.1984375 0.0328125 0.0328125
0 0.9171875 0.16875 0.0296875 0.0375
0 0.96171875 0.1203125 0.0296875 0.0375
0 0.9046875 0.225 0.03125 0.0234375
0 0.88671875 0.28046875 0.02734375 0.0296875
0 0.87578125 0.25703125 0.025 0.021875
0 0.9671875 0.26171875 0.0234375 0.02734375
0 0.93828125 0.29375 0.025 0.0328125
0 0.9484375 0.2734375 0.0328125 0.0390625
0 0.9796875 0.36328125 0.0296875 0.03125
0 0.9859375 0.4 0.01953125 0.0234375
0 0.978125 0.425 0.03515625 0.0296875
0 0.97265625 0.4578125 0.03515625 0.025
0 0.95234375 0.48125 0.025 0.0296875
0 0.92578125 0.478125 0.01953125 0.01953125
0 0.9734375 0.521875 0.0296875 0.02734375
0 0.9328125 0.5703125 0.0296875 0.02734375
0 0.8921875 0.5640625 0.03125 0.02734375
0 0.86015625 0.5796875 0.021875 0.015625
0 0.88125 0.6421875 0.0234375 0.02734375
0 0.87890625 0.61015625 0.03125 0.0328125
0 0.8328125 0.690625 0.0296875 0.025
0 0.88359375 0.6875 0.0296875 0.03125
0 0.7890625 0.75390625 0.02734375 0.03515625
0 0.76484375 0.740625 0.025 0.02734375
0 0.7453125 0.75078125 0.0171875 0.025
0 0.71484375 0.79296875 0.0234375 0.03125
0 0.73828125 0.82890625 0.02734375 0.0296875
0 0.8609375 0.7609375 0.0234375 0.0296875
0 0.91328125 0.7609375 0.025 0.0296875
0 0.8828125 0.78828125 0.01953125 0.025
0 0.859375 0.7890625 0.01953125 0.02734375
0 0.809375 0.940625 0.0375 0.0375
0 0.85 0.8953125 0.03125 0.0296875
0 0.871875 0.9296875 0.0296875 0.0234375
0 0.89921875 0.9296875 0.0375 0.03515625
0 0.925 0.95703125 0.0296875 0.03125
0 0.9453125 0.91328125 0.02734375 0.0296875
0 0.9546875 0.940625 0.03125 0.025
0 0.91015625 0.853125 0.0234375 0.03515625
0 0.89453125 0.83515625 0.03125 0.0328125
0 0.940625 0.85546875 0.0296875 0.03515625
0 0.9171875 0.80546875 0.0296875 0.0296875
0 0.940625 0.82109375 0.025 0.025
0 0.95625 0.7578125 0.0296875 0.02734375
