0 0.0484375 0.01875 0.02734375 0.021875
0 0.075 0.0140625 0.0296875 0.02734375
0 0.22265625 0.01640625 0.03125 0.0328125
0 0.19453125 0.0234375 0.0375 0.03515625
0 0.18359375 0.09296875 0.03125 0.0375
0 0.153125 0.140625 0.0296875 0.03125
0 0.178125 0.13125 0.03515625 0.03125
0 0.1734375 0.1765625 0.0234375 0.0375
0 0.19609375 0.1515625 0.025 0.0328125
0 0.1265625 0.228125 0.03515625 0.02734375
0 0.11015625 0.24921875 0.0296875 0.025
0 0.09296875 0.2375 0.0375 0.0328125
0 0.1015625 0.29765625 0.02734375 0.0375
0 0.06953125 0.3046875 0.0375 0.0234375
0 0.0359375 0.28828125 0.0375 0.025
0 0.01484375 0.25390625 0.0296875 0.02734375
0 0.07890625 0.3421875 0.0375 0.05078125
0 0.10234375 0.36640625 0.0328125 0.0375
0 0.0578125 0.37890625 0.0328125 0.02734375
0 0.0328125 0.42109375 0.03125 0.0328125
0 0.06328125 0.42578125 0.0328125 0.0390625
0 0.078125 0.4546875 0.04296875 0.046875
0 0.03046875 0.49609375 0.0328125 0.03125
0 0.1515625 0.38359375 0.0296875 0.0296875
0 0.1796875 0.3765625 0.046875 0.0390625
0 0.2125 0.3953125 0.0390625 0.0375
0 0.15703125 0.4203125 0.05625 0.0390625
0 0.26875 0.33125 0.0296875 0.0375
0 0.3078125 0.3125 0.0484375 0.0390625
0 0.3515625 0.28125 0.03125 0.03125
0 0.3828125 0.246875 0.04296875 0.0375
0 0.33515625 0.3765625 0.0296875 0.046875
0 0.321875 0.4484375 0.03515625 0.053125
0 0.35546875 0.434375 0.03515625 0.040625
0 0.29765625 0.540625 0.0296875 0.03125
0 0.26875 0.55859375 0.025 0.03125
0 0.30859375 0.50625 0.046875 0.0390625
0 0.4390625 0.45625 0.03515625 0.0328125
0 0.41015625 0.47578125 0.03515625 0.0296875
0 0.44453125 0.490625 0.0328125 0.03125
0 0.4 0.51875 0.0390625 0.0375
0 0.35234375 0.5078125 0.0375 0.02734375
0 0.3390625 0.54375 0.0375 0.0328125
0 0.1484375 0.6171875 0.04296875 0.03515625
0 0.07109375 0.66484375 0.0328125 0.0328125
0 0.03828125 0.68359375 0.0328125 0.03125
0 0.0265625 0.721875 0.0296875 0.0296875
0 0.06875 0.70703125 0.02734375 0.03125
0 0.1 0.69140625 0.03515625 0.03515625
0 0.190625 0.640625 0.040625 0.03515625
0 0.2234375 0.67578125 0.040625 0.03515625
0 0.2609375 0.6828125 0.0296875 0.0484375
0 0.25625 0.73828125 0.03515625 0.04296875
0 0.2890625 0.675 0.02734375 0.0375
0 0.215625 0.775 0.0453125 0.05859375
0 0.1953125 0.8328125 0.04296875 0.0453125
0 0.21015625 0.8625 0.040625 0.0375
0 0.2375 0.834375 0.040625 0.05859375
0 0.134375 0.8828125 0.0390625 0.03125
0 0.153125 0.92890625 0.0328125 0.040625
0 0.0703125 0.925 0.05859375 0.0328125
0 0.0515625 0.96171875 0.0328125 0.0328125
0 0.0796875 0.9515625 0.0390625 0.03515625
0 0.015625 0.946875 0.03125 0.046875
0 0.140625 0.97734375 0.0390625 0.0375
0 0.1109375 0.975 0.03515625 0.0390625
0 0.35859375 0.7328125 0.040625 0.03515625
0 0.4015625 0.7125 0.0328125 0.03125
0 0.2828125 0.81328125 0.04296875 0.0375
0 0.365625 0.76484375 0.03125 0.0296875
0 0.3328125 0.7859375 0.0328125 0.0296875
0 0.29375 0.765625 0.0296875 0.03515625
0 0.5015625 0.6640625 0.05078125 0.04296875
0 0.240625 0.14765625 0.02734375 0.0296875
0 0.23359375 0.12578125 0.040625 0.0296875
0 0.309375 0.1109375 0.0296875 0.02734375
0 0.27421875 0.13984375 0.0375 0.0296875
0 0.29765625 0.07421875 0.0296875 0.0234375
0 0.334375 0.0546875 0.04296875 0.03515625
0 0.39375 0.10546875 0.0640625 0.03125
0 0.48828125 0.0265625 0.0390625 0.0296875
0 0.48125 0.09296875 0.0296875 0.0296875
0 0.39765625 0.2875 0.0453125 0.03125
0 0.46015625 0.2125 0.0375 0.03515625
0 0.47265625 0.18046875 0.03515625 0.0328125
