0 0.05859375 0.021875 0.02734375 0.01953125
0 0.009375 0.065625 0.01875 0.028125
0 0.0296875 0.09765625 0.0234375 0.03125
0 0.140625 0.10859375 0.02734375 0.0328125
0 0.1734375 0.0875 0.03125 0.0234375
0 0.17265625 0.0625 0.0328125 0.02734375
0 0.175 0.18671875 0.0296875 0.0296875
0 0.20625 0.165625 0.0375 0.03125
0 0.15234375 0.1375 0.03515625 0.025
0 0.1625 0.2375 0.03515625 0.0328125
0 0.228125 0.23359375 0.03125 0.0375
0 0.21015625 0.20234375 0.0296875 0.025
0 0.140625 0.28125 0.02734375 0.01953125
0 0.115625 0.29296875 0.03125 0.03515625
0 0.0859375 0.3734375 0.03515625 0.0390625
0 0.09765625 0.4328125 0.0390625 0.0328125
0 0.14765625 0.334375 0.0375 0.0234375
0 0.19453125 0.32109375 0.0328125 0.0328125
0 0.23046875 0.2875 0.03125 0.02734375
0 0.2453125 0.321875 0.0375 0.0390625
0 0.24375 0.415625 0.03125 0.03515625
0 0.2734375 0.3859375 0.0390625 0.0296875
0 0.0421875 0.3921875 0.0296875 0.03125
0 0.015625 0.425 0.0234375 0.025
0 0.05546875 0.4328125 0.0328125 0.025
0 0.0375 0.4640625 0.03125 0.0328125
0 0.03046875 0.50625 0.0328125 0.03515625
0 0.053125 0.55625 0.03125 0.02734375
0 0.0828125 0.5 0.025 0.0234375
0 0.0859375 0.53125 0.02734375 0.0234375
0 0.10859375 0.571875 0.0296875 0.04296875
0 0.09765625 0.596875 0.03515625 0.0328125
0 0.02265625 0.6390625 0.0328125 0.02734375
0 0.03984375 0.6125 0.0328125 0.0375
0 0.0140625 0.6890625 0.0234375 0.03125
0 0.2546875 0.44453125 0.025 0.025
0 0.2453125 0.48828125 0.021875 0.0234375
0 0.2515625 0.50703125 0.03125 0.025
0 0.3140625 0.48828125 0.03515625 0.02734375
0 0.31328125 0.4578125 0.0375 0.0296875
0 0.2890625 0.428125 0.02734375 0.01953125
0 0.2375 0.546875 0.0328125 0.0390625
0 0.209375 0.6140625 0.0234375 0.025
0 0.19453125 0.64140625 0.0296875 0.0296875
0 0.2140625 0.6703125 0.0375 0.03515625
0 0.228125 0.6421875 0.0390625 0.02734375
0 0.24375 0.6203125 0.03125 0.0296875
0 0.253125 0.5875 0.0296875 0.0234375
0 0.29609375 0.565625 0.0296875 0.025
0 0.3296875 0.528125 0.01953125 0.0171875
0 0.340625 0.5546875 0.040625 0.01953125
0 0.36796875 0.6171875 0.0328125 0.03515625
0 0.36015625 0.6703125 0.0375 0.03515625
0 0.384375 0.65 0.0390625 0.03125
0 0.14453125 0.6578125 0.03515625 0.02734375
0 0.1203125 0.6859375 0.0296875 0.03515625
0 0.13984375 0.7203125 0.021875 0.0234375
0 0.178125 0.7328125 0.03125 0.03125
0 0.184375 0.7703125 0.0328125 0.025
0 0.1359375 0.790625 0.021875 0.0234375
0 0.1734375 0.825 0.0234375 0.0296875
0 0.14765625 0.85 0.0328125 0.03125
0 0.20234375 0.79609375 0.025 0.0296875
0 0.1140625 0.85546875 0.0328125 0.02734375
0 0.103125 0.88984375 0.03125 0.0296875
0 0.17265625 0.88671875 0.0328125 0.03125
0 0.1859375 0.9203125 0.03125 0.02734375
0 0.2296875 0.8703125 0.0453125 0.0453125
0 0.24296875 0.91875 0.021875 0.025
0 0.20390625 0.9578125 0.0375 0.021875
0 0.2015625 0.9828125 0.03125 0.015625
0 0.2796875 0.96796875 0.03515625 0.025
0 0.2671875 0.9875 0.0390625 0.021875
0 0.27421875 0.87578125 0.025 0.0296875
0 0.3296875 0.8796875 0.03515625 0.025
0 0.3359375 0.85 0.03125 0.02734375
0 0.31875 0.8015625 0.02734375 0.0296875
0 0.3375 0.78515625 0.0234375 0.0234375
0 0.35 0.809375 0.0234375 0.021875
0 0.38359375 0.7921875 0.0296875 0.0296875
0 0.428125 0.78046875 0.02734375 0.0296875
0 0.4171875 0.753125 0.0296875 0.0375
0 0.40234375 0.7171875 0.02734375 0.03125
0 0.43359375 0.87421875 0.02734375 0.025
0 0.4203125 0.8578125 0.03515625 0.02734375
0 0.4484375 0.821875 0.040625 0.03515625
0 0.428125 0.9328125 0.0390625 0.0296875
0 0.4109375 0.98359375 0.0328125 0.0296875
0 0.490625 0.87578125 0.0234375 0.0296875
0 0.48359375 0.9015625 0.0296875 0.021875
0 0.4921875 0.815625 0.02734375 0.0296875
0 0.5140625 0.846875 0.02734375 0.025
0 0.5453125 0.8015625 0.02734375 0.025
0 0.5484375 0.734375 0.0234375 0.03125
0 0.571875 0.76640625 0.02734375 0.0296875
0 0.4515625 0.6234375 0.03515625 0.03125
0 0.428125 0.65 0.02734375 0.0234375
0 0.365625 0.32421875 0.03515625 0.03125
0 0.4078125 0.3421875 0.03125 0.02734375
0 0.359375 0.41328125 0.03125 0.0296875
0 0.3453125 0.434375 0.03125 0.0296875
0 0.31171875 0.40625 0.0296875 0.03125
0 0.40546875 0.26953125 0.0296875 0.046875
0 0.4671875 0.275 0.02734375 0.0234375
0 0.440625 0.19140625 0.0328125 0.02734375
0 0.43046875 0.1578125 0.025 0.02734375
0 0.41484375 0.12421875 0.0296875 0.0453125
0 0.359375 0.12109375 0.03125 0.03515625
0 0.32109375 0.13984375 0.0296875 0.0453125
0 0.30546875 0.096875 0.025 0.0296875
0 0.31875 0.0609375 0.02734375 0.01953125
0 0.3875 0.04765625 0.0328125 0.0296875
0 0.3828125 0.0125 0.03515625 0.021875
0 0.32109375 0.00703125 0.021875 0.0140625
0 0.471875 0.228125 0.0296875 0.03125
0 0.48046875 0.3125 0.0234375 0.03515625
0 0.5109375 0.3828125 0.0296875 0.02734375
0 0.4921875 0.40546875 0.03515625 0.0296875
0 0.5328125 0.4265625 0.03125 0.0296875
0 0.553125 0.45234375 0.03515625 0.0328125
0 0.5 0.46796875 0.0390625 0.0296875
0 0.49296875 0.49609375 0.0296875 0.03125
0 0.5578125 0.525 0.0375 0.03125
0 0.590625 0.5953125 0.0296875 0.03515625
0 0.5625 0.6265625 0.0234375 0.02734375
0 0.646875 0.7 0.03515625 0.0296875
0 0.65546875 0.73125 0.025 0.021875
0 0.66796875 0.76171875 0.02734375 0.02734375
0 0.60546875 0.759375 0.02734375 0.03125
0 0.57421875 0.703125 0.02734375 0.0234375
0 0.5828125 0.68359375 0.021875 0.015625
0 0.62890625 0.7828125 0.03125 0.0234375
0 0.696875 0.834375 0.03515625 0.02734375
0 0.6640625 0.8328125 0.0234375 0.0296875
0 0.6453125 0.90546875 0.0328125 0.0296875
0 0.68125 0.87890625 0.03125 0.0234375
0 0.69921875 0.90703125 0.03515625 0.0296875
0 0.61640625 0.9421875 0.0296875 0.0296875
0 0.7171875 0.9703125 0.02734375 0.03125
0 0.68125 0.9875 0.0234375 0.021875
0 0.4890625 0.1140625 0.025 0.0296875
0 0.515625 0.1015625 0.0234375 0.02734375
0 0.55 0.10625 0.0296875 0.025
0 0.5234375 0.16328125 0.02734375 0.0328125
0 0.51875 0.05625 0.025 0.03125
0 0.540625 0.034375 0.02734375 0.0296875
0 0.58203125 0.03125 0.03125 0.0234375
0 0.5921875 0.06171875 0.03515625 0.0296875
0 0.640625 0.0296875 0.03125 0.03515625
0 0.6421875 0.1484375 0.02734375 0.02734375
0 0.66484375 0.128125 0.0328125 0.0375
0 0.621875 0.0953125 0.0328125 0.03125
0 0.65625 0.20234375 0.03515625 0.0375
0 0.6234375 0.27265625 0.0390625 0.0375
0 0.59296875 0.3234375 0.0328125 0.0453125
0 0.5671875 0.36875 0.0375 0.03125
0 0.59453125 0.41875 0.025 0.0296875
0 0.46953125 0.53046875 0.0328125 0.025
0 0.49140625 0.5671875 0.0296875 0.0296875
0 0.64453125 0.30546875 0.03125 0.021875
0 0.6515625 0.25078125 0.0296875 0.025
0 0.67265625 0.2984375 0.0328125 0.03515625
0 0.7140625 0.2625 0.0328125 0.0296875
0 0.7125 0.1890625 0.02734375 0.03125
0 0.7140625 0.35859375 0.0328125 0.0328125
0 0.7328125 0.3 0.0234375 0.0296875
0 0.653125 0.559375 0.040625 0.0328125
0 0.64921875 0.621875 0.0328125 0.0328125
0 0.6890625 0.596875 0.03125 0.0328125
0 0.7328125 0.5359375 0.02734375 0.0296875
0 0.7078125 0.5015625 0.025 0.0390625
0 0.7203125 0.4765625 0.03125 0.03515625
0 0.72734375 0.44453125 0.025 0.025
0 0.73359375 0.4234375 0.025 0.02734375
0 0.7578125 0.5265625 0.02734375 0.0296875
0 0.80546875 0.578125 0.0296875 0.02734375
0 0.83125 0.54765625 0.0328125 0.025
0 0.8 0.4734375 0.0296875 0.025
0 0.77734375 0.4078125 0.02734375 0.02734375
0 0.74921875 0.3984375 0.021875 0.02734375
0 0.7546875 0.7390625 0.0375 0.0328125
0 0.71015625 0.7828125 0.025 0.0234375
0 0.765625 0.81875 0.03515625 0.02734375
0 0.7375 0.83125 0.0296875 0.025
0 0.790625 0.746875 0.03515625 0.0375
0 0.7921875 0.690625 0.025 0.0328125
0 0.8171875 0.6421875 0.0296875 0.03125
0 0.87890625 0.6453125 0.03515625 0.0375
0 0.87421875 0.6015625 0.025 0.03515625
0 0.85625 0.5734375 0.025 0.0328125
0 0.834375 0.596875 0.02734375 0.0328125
0 0.88984375 0.565625 0.0375 0.0375
0 0.9375 0.565625 0.0234375 0.025
0 0.946875 0.475 0.02734375 0.03515625
0 0.878125 0.6859375 0.0296875 0.02734375
0 0.859375 0.759375 0.0234375 0.02734375
0 0.8640625 0.78515625 0.0328125 0.03125
0 0.909375 0.7578125 0.025 0.02734375
0 0.803125 0.94453125 0.03515625 0.025
0 0.8734375 0.8625 0.0234375 0.025
0 0.9125 0.853125 0.02734375 0.02734375
0 0.92265625 0.8046875 0.025 0.03125
0 0.93671875 0.8453125 0.025 0.0234375
0 0.9515625 0.91484375 0.03515625 0.0328125
0 0.9578125 0.94140625 0.0296875 0.03125
0 0.925 0.95390625 0.025 0.0328125
0 0.8984375 0.92890625 0.0234375 0.025
0 0.871875 0.92578125 0.0296875 0.03125
0 0.9890625 0.77421875 0.0171875 0.0328125
0 0.95625 0.75625 0.025 0.03125
0 0.96796875 0.4546875 0.021875 0.03125
0 0.97265625 0.425 0.02734375 0.025
0 0.97578125 0.36640625 0.0296875 0.0375
0 0.96875 0.259375 0.0234375 0.0234375
0 0.9546875 0.190625 0.02734375 0.0296875
0 0.8984375 0.1984375 0.0234375 0.021875
0 0.89453125 0.2375 0.02734375 0.025
0 0.7953125 0.3375 0.02734375 0.02734375
0 0.834375 0.29375 0.03125 0.0328125
0 0.86015625 0.35546875 0.0375 0.02734375
0 0.721875 0.1328125 0.021875 0.02734375
0 0.78828125 0.128125 0.0296875 0.021875
0 0.775 0.1625 0.02734375 0.02734375
0 0.78984375 0.0375 0.0171875 0.02734375
0 0.8203125 0.084375 0.0234375 0.02734375
0 0.846875 0.08984375 0.0296875 0.0390625
0 0.88359375 0.14921875 0.0296875 0.0328125
