0 0.039062 0.018555 0.050781 0.025391
0 0.147461 0.024414 0.037109 0.021484
0 0.123047 0.043945 0.039062 0.037109
0 0.163086 0.064453 0.044922 0.039062
0 0.143555 0.093750 0.033203 0.031250
0 0.162109 0.128906 0.039062 0.035156
0 0.117188 0.141602 0.027344 0.033203
0 0.088867 0.139648 0.033203 0.037109
0 0.013672 0.091797 0.023438 0.039062
0 0.017578 0.168945 0.031250 0.033203
0 0.029297 0.195312 0.039062 0.027344
0 0.225586 0.150391 0.041016 0.027344
0 0.289062 0.140625 0.039062 0.027344
0 0.343750 0.147461 0.035156 0.033203
0 0.284180 0.167969 0.041016 0.023438
0 0.376953 0.170898 0.039062 0.041016
0 0.404297 0.151367 0.035156 0.029297
0 0.348633 0.192383 0.033203 0.029297
0 0.319336 0.183594 0.037109 0.023438
0 0.330078 0.213867 0.035156 0.029297
0 0.473633 0.015625 0.029297 0.027344
0 0.490234 0.044922 0.023438 0.035156
0 0.453125 0.074219 0.023438 0.031250
0 0.476562 0.059570 0.031250 0.033203
0 0.517578 0.095703 0.031250 0.031250
0 0.524414 0.131836 0.033203 0.029297
0 0.567383 0.089844 0.033203 0.039062
0 0.553711 0.134766 0.025391 0.035156
0 0.586914 0.150391 0.029297 0.042969
0 0.613281 0.161133 0.031250 0.037109
0 0.644531 0.144531 0.027344 0.027344
0 0.591797 0.096680 0.027344 0.033203
0 0.615234 0.096680 0.031250 0.029297
0 0.663086 0.099609 0.033203 0.039062
0 0.807617 0.034180 0.025391 0.044922
0 0.847656 0.052734 0.042969 0.035156
0 0.710938 0.101562 0.031250 0.039062
0 0.742188 0.085938 0.031250 0.031250
0 0.815430 0.099609 0.041016 0.042969
0 0.879883 0.083008 0.037109 0.033203
0 0.959961 0.080078 0.041016 0.035156
0 0.985352 0.086914 0.029297 0.048828
0 0.942383 0.125000 0.048828 0.035156
0 0.880859 0.124023 0.062500 0.037109
0 0.782227 0.129883 0.037109 0.041016
0 0.747070 0.145508 0.037109 0.044922
0 0.660156 0.178711 0.027344 0.025391
0 0.602539 0.219727 0.029297 0.025391
0 0.630859 0.241211 0.027344 0.041016
0 0.978516 0.221680 0.027344 0.029297
0 0.974609 0.252930 0.035156 0.025391
0 0.861328 0.291016 0.050781 0.031250
0 0.925781 0.285156 0.035156 0.031250
0 0.875977 0.315430 0.025391 0.021484
0 0.856445 0.336914 0.025391 0.029297
0 0.942383 0.328125 0.029297 0.031250
0 0.909180 0.341797 0.033203 0.031250
0 0.884766 0.359375 0.031250 0.035156
0 0.791016 0.299805 0.031250 0.029297
0 0.743164 0.308594 0.037109 0.027344
0 0.767578 0.349609 0.027344 0.031250
0 0.840820 0.369141 0.037109 0.031250
0 0.776367 0.412109 0.041016 0.023438
0 0.763672 0.427734 0.023438 0.027344
0 0.731445 0.403320 0.033203 0.033203
0 0.291992 0.221680 0.029297 0.025391
0 0.423828 0.282227 0.042969 0.044922
0 0.382812 0.285156 0.031250 0.035156
0 0.451172 0.324219 0.039062 0.035156
0 0.427734 0.348633 0.031250 0.029297
0 0.404297 0.376953 0.042969 0.042969
0 0.165039 0.342773 0.048828 0.041016
0 0.131836 0.352539 0.041016 0.037109
0 0.083984 0.325195 0.058594 0.048828
0 0.105469 0.394531 0.046875 0.035156
0 0.082031 0.435547 0.039062 0.031250
0 0.057617 0.447266 0.037109 0.046875
0 0.018555 0.487305 0.033203 0.048828
0 0.114258 0.456055 0.033203 0.037109
0 0.136719 0.473633 0.039062 0.037109
0 0.149414 0.443359 0.037109 0.039062
0 0.219727 0.435547 0.041016 0.042969
0 0.183594 0.464844 0.039062 0.031250
0 0.277344 0.443359 0.035156 0.035156
0 0.315430 0.448242 0.041016 0.044922
0 0.349609 0.431641 0.031250 0.031250
0 0.446289 0.441406 0.044922 0.042969
0 0.466797 0.480469 0.046875 0.035156
0 0.506836 0.444336 0.048828 0.037109
0 0.536133 0.490234 0.044922 0.035156
0 0.554688 0.450195 0.042969 0.037109
0 0.579102 0.476562 0.037109 0.042969
0 0.621094 0.476562 0.042969 0.035156
0 0.653320 0.458984 0.044922 0.039062
0 0.583984 0.514648 0.042969 0.037109
0 0.541016 0.563477 0.046875 0.033203
0 0.506836 0.590820 0.029297 0.029297
0 0.594727 0.568359 0.044922 0.042969
0 0.686523 0.507812 0.041016 0.039062
0 0.727539 0.478516 0.029297 0.042969
0 0.766602 0.476562 0.029297 0.031250
0 0.797852 0.483398 0.029297 0.033203
0 0.830078 0.485352 0.031250 0.044922
0 0.872070 0.481445 0.033203 0.041016
0 0.920898 0.493164 0.044922 0.041016
0 0.880859 0.533203 0.031250 0.035156
0 0.857422 0.526367 0.035156 0.037109
0 0.820312 0.518555 0.031250 0.041016
0 0.793945 0.514648 0.033203 0.041016
0 0.762695 0.505859 0.025391 0.031250
0 0.969727 0.514648 0.041016 0.044922
0 0.979492 0.566406 0.041016 0.046875
0 0.936523 0.602539 0.048828 0.048828
0 0.910156 0.553711 0.042969 0.037109
0 0.887695 0.580078 0.029297 0.039062
0 0.904297 0.625977 0.039062 0.041016
0 0.866211 0.646484 0.048828 0.042969
0 0.827148 0.636719 0.033203 0.035156
0 0.925781 0.719727 0.046875 0.052734
0 0.881836 0.716797 0.041016 0.046875
0 0.827148 0.704102 0.048828 0.041016
0 0.821289 0.674805 0.041016 0.037109
0 0.783203 0.668945 0.039062 0.041016
0 0.753906 0.676758 0.031250 0.037109
0 0.747070 0.706055 0.037109 0.033203
0 0.763672 0.738281 0.042969 0.035156
0 0.964844 0.766602 0.027344 0.033203
0 0.932617 0.764648 0.037109 0.041016
0 0.890625 0.796875 0.023438 0.027344
0 0.937500 0.809570 0.031250 0.029297
0 0.843750 0.890625 0.039062 0.039062
0 0.809570 0.863281 0.044922 0.039062
0 0.875000 0.957031 0.035156 0.027344
0 0.848633 0.943359 0.033203 0.031250
0 0.819336 0.945312 0.029297 0.035156
0 0.735352 0.928711 0.044922 0.037109
0 0.680664 0.954102 0.037109 0.021484
0 0.686523 0.913086 0.037109 0.025391
0 0.643555 0.919922 0.029297 0.035156
0 0.663086 0.889648 0.029297 0.037109
0 0.621094 0.829102 0.031250 0.033203
0 0.690430 0.770508 0.037109 0.029297
0 0.428711 0.809570 0.037109 0.029297
0 0.464844 0.829102 0.046875 0.025391
0 0.438477 0.842773 0.029297 0.025391
0 0.416992 0.842773 0.033203 0.037109
0 0.389648 0.857422 0.037109 0.042969
0 0.343750 0.872070 0.035156 0.025391
0 0.328125 0.888672 0.035156 0.031250
0 0.382812 0.891602 0.039062 0.021484
0 0.353516 0.917969 0.035156 0.035156
0 0.331055 0.935547 0.037109 0.027344
0 0.291992 0.939453 0.029297 0.027344
0 0.306641 0.977539 0.046875 0.029297
0 0.262695 0.923828 0.029297 0.027344
0 0.711914 0.665039 0.033203 0.033203
0 0.668945 0.659180 0.037109 0.025391
0 0.642578 0.680664 0.031250 0.033203
0 0.634766 0.712891 0.031250 0.039062
0 0.607422 0.693359 0.035156 0.042969
0 0.532227 0.632812 0.033203 0.031250
0 0.531250 0.676758 0.039062 0.041016
0 0.482422 0.623047 0.035156 0.031250
0 0.498047 0.658203 0.039062 0.039062
0 0.466797 0.669922 0.031250 0.039062
0 0.435547 0.673828 0.031250 0.039062
0 0.424805 0.626953 0.033203 0.031250
0 0.413086 0.651367 0.033203 0.029297
0 0.394531 0.687500 0.035156 0.039062
0 0.357422 0.658203 0.027344 0.027344
0 0.330078 0.679688 0.035156 0.031250
0 0.309570 0.707031 0.033203 0.035156
0 0.344727 0.737305 0.037109 0.037109
0 0.324219 0.802734 0.035156 0.031250
0 0.354492 0.789062 0.033203 0.035156
0 0.279297 0.749023 0.031250 0.029297
0 0.303711 0.762695 0.029297 0.025391
0 0.289062 0.785156 0.031250 0.027344
0 0.224609 0.741211 0.039062 0.029297
0 0.213867 0.804688 0.033203 0.035156
0 0.197266 0.780273 0.042969 0.025391
0 0.153320 0.795898 0.029297 0.025391
0 0.177734 0.823242 0.035156 0.033203
0 0.130859 0.806641 0.031250 0.027344
0 0.097656 0.841797 0.031250 0.023438
0 0.081055 0.854492 0.025391 0.021484
0 0.102539 0.873047 0.029297 0.023438
0 0.047852 0.895508 0.033203 0.029297
0 0.099609 0.938477 0.039062 0.041016
0 0.157227 0.981445 0.037109 0.037109
0 0.186523 0.990234 0.037109 0.019531
0 0.135742 0.732422 0.025391 0.023438
0 0.116211 0.713867 0.037109 0.029297
0 0.047852 0.712891 0.041016 0.031250
0 0.016602 0.728516 0.029297 0.035156
0 0.325195 0.625000 0.021484 0.027344
0 0.281250 0.625000 0.035156 0.027344
0 0.247070 0.618164 0.025391 0.029297
0 0.225586 0.609375 0.029297 0.039062
0 0.213867 0.529297 0.025391 0.035156
0 0.186523 0.535156 0.029297 0.039062
0 0.128906 0.595703 0.035156 0.035156
0 0.060547 0.575195 0.035156 0.029297
0 0.029297 0.577148 0.039062 0.029297
0 0.043945 0.600586 0.029297 0.029297
0 0.074219 0.630859 0.031250 0.019531
0 0.078125 0.652344 0.031250 0.027344
0 0.058594 0.653320 0.031250 0.033203
0 0.018555 0.661133 0.029297 0.033203
0 0.429688 0.983398 0.027344 0.029297
0 0.524414 0.902344 0.033203 0.035156
