0 0.024414 0.011719 0.021484 0.019531
0 0.047852 0.017578 0.025391 0.023438
0 0.102539 0.008789 0.029297 0.013672
0 0.118164 0.041016 0.029297 0.035156
0 0.145508 0.024414 0.033203 0.037109
0 0.227539 0.014648 0.041016 0.025391
0 0.160156 0.061523 0.042969 0.033203
0 0.144531 0.092773 0.035156 0.029297
0 0.013672 0.169922 0.023438 0.039062
0 0.025391 0.202148 0.031250 0.033203
0 0.044922 0.150391 0.039062 0.031250
0 0.085938 0.137695 0.031250 0.033203
0 0.120117 0.134766 0.025391 0.031250
0 0.471680 0.015625 0.033203 0.023438
0 0.493164 0.045898 0.029297 0.033203
0 0.456055 0.047852 0.025391 0.029297
0 0.470703 0.071289 0.023438 0.025391
0 0.450195 0.077148 0.029297 0.029297
0 0.337891 0.143555 0.035156 0.041016
0 0.375000 0.167969 0.039062 0.042969
0 0.314453 0.182617 0.035156 0.033203
0 0.347656 0.195312 0.039062 0.035156
0 0.327148 0.214844 0.029297 0.031250
0 0.292969 0.224609 0.031250 0.031250
0 0.291016 0.159180 0.031250 0.029297
0 0.289062 0.143555 0.031250 0.025391
0 0.103516 0.324219 0.039062 0.035156
0 0.067383 0.327148 0.029297 0.029297
0 0.154297 0.339844 0.039062 0.031250
0 0.102539 0.392578 0.029297 0.035156
0 0.117188 0.362305 0.039062 0.041016
0 0.053711 0.444336 0.025391 0.041016
0 0.021484 0.478516 0.035156 0.031250
0 0.084961 0.434570 0.033203 0.041016
0 0.116211 0.452148 0.029297 0.037109
0 0.145508 0.446289 0.033203 0.033203
0 0.208984 0.436523 0.035156 0.033203
0 0.181641 0.461914 0.039062 0.033203
0 0.295898 0.291992 0.021484 0.033203
0 0.315430 0.289062 0.033203 0.031250
0 0.428711 0.295898 0.029297 0.033203
0 0.382812 0.294922 0.042969 0.039062
0 0.284180 0.446289 0.037109 0.041016
0 0.314453 0.446289 0.035156 0.044922
0 0.340820 0.428711 0.029297 0.033203
0 0.368164 0.429688 0.029297 0.035156
0 0.405273 0.388672 0.037109 0.035156
0 0.444336 0.332031 0.029297 0.035156
0 0.425781 0.352539 0.027344 0.029297
0 0.442383 0.438477 0.037109 0.033203
0 0.469727 0.476562 0.033203 0.035156
0 0.489258 0.450195 0.033203 0.037109
0 0.543945 0.452148 0.029297 0.033203
0 0.527344 0.490234 0.031250 0.035156
0 0.576172 0.461914 0.027344 0.025391
0 0.566406 0.491211 0.027344 0.021484
0 0.418945 0.115234 0.029297 0.023438
0 0.519531 0.130859 0.023438 0.031250
0 0.514648 0.098633 0.025391 0.033203
0 0.553711 0.132812 0.029297 0.027344
0 0.584961 0.153320 0.029297 0.033203
0 0.610352 0.156250 0.029297 0.031250
0 0.637695 0.139648 0.025391 0.033203
0 0.665039 0.125977 0.033203 0.029297
0 0.666992 0.101562 0.037109 0.031250
0 0.623047 0.097656 0.031250 0.031250
0 0.588867 0.096680 0.025391 0.025391
0 0.564453 0.097656 0.031250 0.027344
0 0.712891 0.105469 0.031250 0.035156
0 0.737305 0.090820 0.029297 0.033203
0 0.807617 0.037109 0.029297 0.042969
0 0.849609 0.053711 0.031250 0.037109
0 0.866211 0.085938 0.025391 0.027344
0 0.892578 0.096680 0.035156 0.025391
0 0.857422 0.116211 0.027344 0.025391
0 0.884766 0.122070 0.031250 0.029297
0 0.977539 0.086914 0.041016 0.029297
0 0.940430 0.119141 0.033203 0.035156
0 0.796875 0.086914 0.027344 0.029297
0 0.817383 0.105469 0.025391 0.027344
0 0.777344 0.129883 0.027344 0.033203
0 0.747070 0.139648 0.044922 0.044922
0 0.643555 0.182617 0.033203 0.029297
0 0.612305 0.215820 0.037109 0.029297
0 0.635742 0.250977 0.029297 0.033203
0 0.638672 0.232422 0.027344 0.027344
0 0.990234 0.249023 0.019531 0.029297
0 0.927734 0.290039 0.027344 0.025391
0 0.983398 0.291992 0.033203 0.029297
0 0.964844 0.323242 0.035156 0.033203
0 0.936523 0.330078 0.029297 0.031250
0 0.914062 0.343750 0.031250 0.035156
0 0.878906 0.314453 0.027344 0.023438
0 0.888672 0.342773 0.027344 0.029297
0 0.862305 0.338867 0.025391 0.029297
0 0.781250 0.303711 0.039062 0.029297
0 0.640625 0.286133 0.031250 0.029297
0 0.799805 0.348633 0.025391 0.041016
0 0.824219 0.347656 0.035156 0.031250
0 0.835938 0.375977 0.031250 0.029297
0 0.763672 0.353516 0.027344 0.031250
0 0.738281 0.402344 0.031250 0.035156
0 0.777344 0.421875 0.039062 0.042969
0 0.730469 0.431641 0.042969 0.035156
0 0.723633 0.462891 0.037109 0.031250
0 0.712891 0.490234 0.031250 0.023438
0 0.684570 0.508789 0.048828 0.041016
0 0.620117 0.475586 0.037109 0.025391
0 0.653320 0.463867 0.033203 0.025391
0 0.582031 0.517578 0.039062 0.039062
0 0.535156 0.563477 0.042969 0.029297
0 0.506836 0.591797 0.041016 0.027344
0 0.600586 0.558594 0.041016 0.031250
0 0.567383 0.582031 0.041016 0.031250
0 0.760742 0.475586 0.029297 0.029297
0 0.796875 0.477539 0.027344 0.033203
0 0.830078 0.483398 0.031250 0.029297
0 0.763672 0.506836 0.035156 0.029297
0 0.789062 0.509766 0.027344 0.035156
0 0.820312 0.513672 0.027344 0.031250
0 0.856445 0.529297 0.029297 0.031250
0 0.920898 0.496094 0.041016 0.042969
0 0.962891 0.518555 0.039062 0.041016
0 0.982422 0.559570 0.035156 0.041016
0 0.986328 0.506836 0.027344 0.033203
0 0.940430 0.595703 0.048828 0.039062
0 0.908203 0.559570 0.031250 0.033203
0 0.887695 0.532227 0.029297 0.029297
0 0.887695 0.583008 0.033203 0.033203
0 0.908203 0.616211 0.031250 0.029297
0 0.885742 0.633789 0.033203 0.033203
0 0.863281 0.650391 0.031250 0.031250
0 0.833984 0.637695 0.035156 0.041016
0 0.786133 0.677734 0.029297 0.031250
0 0.834961 0.696289 0.037109 0.037109
0 0.813477 0.669922 0.025391 0.031250
0 0.924805 0.712891 0.033203 0.039062
0 0.875977 0.709961 0.029297 0.029297
0 0.991211 0.775391 0.017578 0.039062
0 0.961914 0.770508 0.029297 0.029297
0 0.930664 0.763672 0.037109 0.031250
0 0.917969 0.789062 0.039062 0.027344
0 0.886719 0.798828 0.023438 0.035156
0 0.925781 0.829102 0.031250 0.033203
0 0.944336 0.806641 0.029297 0.035156
0 0.811523 0.875977 0.029297 0.033203
0 0.840820 0.888672 0.037109 0.031250
0 0.752930 0.741211 0.044922 0.029297
0 0.755859 0.713867 0.023438 0.025391
0 0.753906 0.679688 0.027344 0.031250
0 0.737305 0.706055 0.029297 0.025391
0 0.709961 0.666016 0.033203 0.027344
0 0.663086 0.657227 0.037109 0.025391
0 0.643555 0.682617 0.033203 0.029297
0 0.634766 0.712891 0.031250 0.027344
0 0.600586 0.692383 0.048828 0.044922
0 0.530273 0.630859 0.037109 0.031250
0 0.526367 0.678711 0.033203 0.029297
0 0.483398 0.620117 0.029297 0.029297
0 0.497070 0.658203 0.029297 0.042969
0 0.470703 0.669922 0.035156 0.039062
0 0.423828 0.626953 0.042969 0.035156
0 0.411133 0.658203 0.029297 0.031250
0 0.436523 0.675781 0.037109 0.031250
0 0.201172 0.510742 0.035156 0.025391
0 0.210938 0.544922 0.031250 0.031250
0 0.357422 0.624023 0.031250 0.025391
0 0.331055 0.622070 0.048828 0.048828
0 0.283203 0.616211 0.035156 0.037109
0 0.226562 0.608398 0.035156 0.025391
0 0.038086 0.596680 0.033203 0.029297
0 0.112305 0.714844 0.037109 0.023438
0 0.133789 0.735352 0.037109 0.029297
0 0.064453 0.642578 0.046875 0.031250
0 0.033203 0.717773 0.035156 0.029297
0 0.017578 0.735352 0.031250 0.025391
0 0.363281 0.660156 0.039062 0.046875
0 0.397461 0.694336 0.041016 0.044922
0 0.331055 0.676758 0.029297 0.025391
0 0.305664 0.705078 0.037109 0.031250
0 0.354492 0.736328 0.041016 0.035156
0 0.275391 0.745117 0.031250 0.021484
0 0.303711 0.763672 0.029297 0.023438
0 0.282227 0.785156 0.029297 0.023438
0 0.228516 0.741211 0.035156 0.033203
0 0.186523 0.771484 0.033203 0.027344
0 0.216797 0.800781 0.035156 0.031250
0 0.175781 0.824219 0.035156 0.027344
0 0.158203 0.797852 0.031250 0.029297
0 0.132812 0.807617 0.031250 0.029297
0 0.103516 0.844727 0.031250 0.029297
0 0.075195 0.861328 0.025391 0.023438
0 0.097656 0.874023 0.027344 0.025391
0 0.046875 0.890625 0.031250 0.027344
0 0.080078 0.905273 0.023438 0.033203
0 0.873047 0.959961 0.035156 0.037109
0 0.849609 0.942383 0.027344 0.029297
0 0.842773 0.973633 0.025391 0.025391
0 0.816406 0.953125 0.019531 0.031250
0 0.775391 0.916992 0.035156 0.029297
0 0.728516 0.924805 0.042969 0.037109
0 0.678711 0.947266 0.025391 0.023438
0 0.660156 0.967773 0.039062 0.029297
0 0.631836 0.823242 0.029297 0.037109
0 0.689453 0.759766 0.027344 0.031250
0 0.455078 0.828125 0.031250 0.023438
0 0.422852 0.815430 0.037109 0.033203
0 0.439453 0.848633 0.027344 0.029297
0 0.416992 0.847656 0.025391 0.031250
0 0.393555 0.854492 0.025391 0.037109
0 0.343750 0.788086 0.027344 0.033203
0 0.319336 0.801758 0.021484 0.029297
0 0.339844 0.822266 0.031250 0.031250
0 0.323242 0.888672 0.037109 0.031250
0 0.352539 0.915039 0.025391 0.029297
0 0.327148 0.940430 0.029297 0.033203
0 0.301758 0.972656 0.029297 0.031250
0 0.292969 0.940430 0.031250 0.025391
0 0.258789 0.928711 0.025391 0.021484
0 0.099609 0.930664 0.035156 0.025391
0 0.217773 0.977539 0.033203 0.029297
0 0.516602 0.894531 0.029297 0.035156
0 0.427734 0.988281 0.035156 0.023438
