0 0.022461 0.018555 0.025391 0.029297
0 0.015625 0.181641 0.023438 0.039062
0 0.041992 0.205078 0.037109 0.050781
0 0.012695 0.277344 0.021484 0.039062
0 0.087891 0.157227 0.039062 0.041016
0 0.118164 0.118164 0.048828 0.048828
0 0.175781 0.125000 0.046875 0.050781
0 0.171875 0.063477 0.042969 0.041016
0 0.209961 0.109375 0.029297 0.039062
0 0.239258 0.095703 0.041016 0.042969
0 0.336914 0.049805 0.048828 0.048828
0 0.349609 0.023438 0.042969 0.035156
0 0.201172 0.056641 0.035156 0.031250
0 0.389648 0.092773 0.044922 0.041016
0 0.353516 0.132812 0.039062 0.039062
0 0.521484 0.081055 0.042969 0.041016
0 0.527344 0.047852 0.035156 0.033203
0 0.550781 0.027344 0.042969 0.046875
0 0.118164 0.236328 0.044922 0.050781
0 0.140625 0.291992 0.050781 0.044922
0 0.181641 0.308594 0.046875 0.050781
0 0.216797 0.280273 0.050781 0.048828
0 0.267578 0.274414 0.042969 0.044922
0 0.333008 0.317383 0.048828 0.048828
0 0.287109 0.312500 0.039062 0.039062
0 0.302734 0.347656 0.039062 0.046875
0 0.343750 0.362305 0.042969 0.044922
0 0.025391 0.581055 0.046875 0.041016
0 0.055664 0.543945 0.064453 0.052734
0 0.164062 0.532227 0.050781 0.048828
0 0.133789 0.568359 0.044922 0.039062
0 0.340820 0.494141 0.044922 0.050781
0 0.270508 0.581055 0.052734 0.037109
0 0.315430 0.547852 0.041016 0.041016
0 0.272461 0.536133 0.044922 0.048828
0 0.410156 0.384766 0.039062 0.035156
0 0.435547 0.334961 0.039062 0.033203
0 0.532227 0.304688 0.048828 0.042969
0 0.611328 0.249023 0.042969 0.052734
0 0.570312 0.250977 0.035156 0.029297
0 0.502930 0.347656 0.052734 0.039062
0 0.515625 0.392578 0.050781 0.042969
0 0.553711 0.383789 0.041016 0.037109
0 0.593750 0.360352 0.027344 0.033203
0 0.614258 0.341797 0.044922 0.039062
0 0.650391 0.228516 0.042969 0.054688
0 0.692383 0.254883 0.044922 0.048828
0 0.646484 0.265625 0.046875 0.039062
0 0.750000 0.157227 0.031250 0.037109
0 0.783203 0.189453 0.042969 0.039062
0 0.791992 0.134766 0.041016 0.035156
0 0.807617 0.107422 0.044922 0.039062
0 0.905273 0.089844 0.048828 0.039062
0 0.859375 0.226562 0.027344 0.031250
0 0.828125 0.231445 0.035156 0.033203
0 0.798828 0.233398 0.035156 0.033203
0 0.767578 0.245117 0.042969 0.041016
0 0.748047 0.282227 0.046875 0.044922
0 0.791016 0.302734 0.039062 0.031250
0 0.771484 0.325195 0.031250 0.037109
0 0.803711 0.328125 0.037109 0.035156
0 0.846680 0.326172 0.037109 0.039062
0 0.866211 0.293945 0.048828 0.041016
0 0.840820 0.258789 0.048828 0.044922
0 0.950195 0.258789 0.029297 0.037109
0 0.983398 0.269531 0.033203 0.031250
0 0.980469 0.301758 0.035156 0.033203
0 0.945312 0.309570 0.042969 0.048828
0 0.309570 0.469727 0.033203 0.037109
0 0.100586 0.755859 0.037109 0.035156
0 0.054688 0.780273 0.050781 0.044922
0 0.029297 0.988281 0.039062 0.023438
0 0.051758 0.964844 0.044922 0.042969
0 0.095703 0.943359 0.050781 0.042969
0 0.132812 0.975586 0.046875 0.041016
0 0.140625 0.931641 0.042969 0.042969
0 0.224609 0.852539 0.035156 0.037109
0 0.260742 0.841797 0.041016 0.046875
0 0.249023 0.883789 0.037109 0.037109
0 0.255859 0.913086 0.050781 0.037109
0 0.290039 0.888672 0.037109 0.050781
0 0.325195 0.793945 0.041016 0.037109
0 0.332031 0.882812 0.035156 0.054688
0 0.371094 0.881836 0.039062 0.041016
0 0.376953 0.837891 0.050781 0.046875
0 0.413086 0.821289 0.033203 0.044922
0 0.452148 0.798828 0.044922 0.042969
0 0.458984 0.758789 0.031250 0.029297
0 0.358398 0.777344 0.037109 0.031250
0 0.422852 0.739258 0.033203 0.037109
0 0.490234 0.735352 0.035156 0.044922
0 0.529297 0.751953 0.039062 0.042969
0 0.562500 0.686523 0.039062 0.041016
0 0.599609 0.690430 0.039062 0.048828
0 0.575195 0.641602 0.033203 0.033203
0 0.638672 0.687500 0.046875 0.050781
0 0.671875 0.669922 0.035156 0.031250
0 0.652344 0.633789 0.046875 0.041016
0 0.629883 0.609375 0.037109 0.035156
0 0.709961 0.598633 0.072266 0.052734
0 0.691406 0.555664 0.050781 0.037109
0 0.749023 0.536133 0.052734 0.044922
0 0.788086 0.578125 0.044922 0.039062
0 0.794922 0.518555 0.042969 0.037109
0 0.824219 0.547852 0.039062 0.041016
0 0.817383 0.597656 0.037109 0.031250
0 0.880859 0.562500 0.035156 0.042969
0 0.915039 0.564453 0.033203 0.050781
0 0.954102 0.518555 0.048828 0.048828
0 0.963867 0.552734 0.044922 0.039062
0 0.877930 0.512695 0.025391 0.029297
0 0.909180 0.503906 0.029297 0.035156
0 0.945312 0.484375 0.035156 0.031250
0 0.972656 0.466797 0.027344 0.027344
0 0.605469 0.762695 0.039062 0.037109
0 0.625000 0.795898 0.039062 0.033203
0 0.640625 0.818359 0.027344 0.031250
0 0.669922 0.842773 0.039062 0.037109
0 0.671875 0.796875 0.046875 0.050781
0 0.724609 0.796875 0.054688 0.050781
0 0.761719 0.780273 0.031250 0.037109
0 0.740234 0.761719 0.035156 0.042969
0 0.713867 0.715820 0.041016 0.041016
0 0.791992 0.776367 0.037109 0.060547
0 0.839844 0.790039 0.039062 0.056641
0 0.885742 0.809570 0.041016 0.048828
0 0.966797 0.847656 0.046875 0.046875
0 0.886719 0.950195 0.042969 0.041016
0 0.901367 0.987305 0.041016 0.025391
0 0.868164 0.979492 0.048828 0.041016
0 0.823242 0.982422 0.052734 0.035156
0 0.775391 0.991211 0.062500 0.017578
0 0.720703 0.980469 0.050781 0.039062
0 0.783203 0.951172 0.046875 0.039062
