0 0.011719 0.181641 0.019531 0.050781
0 0.013672 0.282227 0.023438 0.037109
0 0.049805 0.216797 0.033203 0.039062
0 0.087891 0.155273 0.042969 0.033203
0 0.123047 0.118164 0.046875 0.044922
0 0.166992 0.061523 0.041016 0.044922
0 0.206055 0.056641 0.041016 0.042969
0 0.171875 0.124023 0.039062 0.041016
0 0.241211 0.096680 0.037109 0.037109
0 0.327148 0.047852 0.041016 0.041016
0 0.023438 0.019531 0.039062 0.031250
0 0.383789 0.023438 0.052734 0.031250
0 0.386719 0.094727 0.039062 0.044922
0 0.352539 0.135742 0.044922 0.033203
0 0.304688 0.124023 0.042969 0.037109
0 0.515625 0.076172 0.042969 0.042969
0 0.525391 0.044922 0.042969 0.039062
0 0.559570 0.025391 0.041016 0.031250
0 0.115234 0.237305 0.050781 0.044922
0 0.069336 0.298828 0.037109 0.039062
0 0.138672 0.289062 0.042969 0.042969
0 0.187500 0.309570 0.042969 0.044922
0 0.222656 0.277344 0.046875 0.039062
0 0.274414 0.274414 0.041016 0.033203
0 0.333984 0.308594 0.042969 0.042969
0 0.343750 0.363281 0.054688 0.042969
0 0.292969 0.312500 0.046875 0.039062
0 0.306641 0.341797 0.039062 0.042969
0 0.021484 0.578125 0.035156 0.046875
0 0.048828 0.546875 0.031250 0.050781
0 0.134766 0.559570 0.042969 0.052734
0 0.168945 0.536133 0.044922 0.048828
0 0.213867 0.603516 0.048828 0.035156
0 0.269531 0.580078 0.042969 0.042969
0 0.321289 0.543945 0.048828 0.041016
0 0.350586 0.496094 0.056641 0.054688
0 0.409180 0.384766 0.052734 0.042969
0 0.305664 0.470703 0.056641 0.046875
0 0.436523 0.349609 0.044922 0.054688
0 0.504883 0.346680 0.060547 0.041016
0 0.511719 0.385742 0.054688 0.037109
0 0.538086 0.310547 0.048828 0.035156
0 0.495117 0.291992 0.033203 0.029297
0 0.565430 0.284180 0.044922 0.037109
0 0.571289 0.255859 0.033203 0.027344
0 0.606445 0.246094 0.041016 0.035156
0 0.653320 0.229492 0.048828 0.044922
0 0.691406 0.254883 0.046875 0.041016
0 0.651367 0.260742 0.048828 0.041016
0 0.557617 0.385742 0.041016 0.037109
0 0.598633 0.363281 0.048828 0.039062
0 0.608398 0.330078 0.044922 0.031250
0 0.767578 0.185547 0.027344 0.027344
0 0.746094 0.162109 0.031250 0.039062
0 0.800781 0.103516 0.039062 0.031250
0 0.797852 0.136719 0.033203 0.031250
0 0.895508 0.083008 0.037109 0.037109
0 0.768555 0.241211 0.029297 0.033203
0 0.793945 0.232422 0.025391 0.031250
0 0.821289 0.225586 0.029297 0.033203
0 0.851562 0.222656 0.027344 0.031250
0 0.947266 0.251953 0.027344 0.035156
0 0.979492 0.269531 0.037109 0.039062
0 0.977539 0.300781 0.029297 0.035156
0 0.956055 0.311523 0.033203 0.044922
0 0.847656 0.260742 0.046875 0.041016
0 0.868164 0.292969 0.052734 0.039062
0 0.851562 0.333008 0.035156 0.041016
0 0.811523 0.329102 0.033203 0.029297
0 0.791992 0.301758 0.048828 0.033203
0 0.776367 0.333984 0.041016 0.039062
0 0.751953 0.275391 0.042969 0.039062
0 0.968750 0.464844 0.023438 0.031250
0 0.947266 0.480469 0.031250 0.031250
0 0.915039 0.497070 0.044922 0.041016
0 0.878906 0.510742 0.031250 0.037109
0 0.953125 0.520508 0.046875 0.037109
0 0.966797 0.560547 0.050781 0.039062
0 0.918945 0.564453 0.029297 0.035156
0 0.881836 0.561523 0.029297 0.041016
0 0.950195 0.586914 0.037109 0.033203
0 0.797852 0.514648 0.044922 0.041016
0 0.833008 0.544922 0.041016 0.042969
0 0.793945 0.582031 0.044922 0.039062
0 0.750977 0.530273 0.048828 0.048828
0 0.709961 0.532227 0.033203 0.029297
0 0.686523 0.553711 0.037109 0.033203
0 0.711914 0.589844 0.056641 0.042969
0 0.711914 0.657227 0.060547 0.037109
0 0.668945 0.667969 0.037109 0.035156
0 0.654297 0.635742 0.042969 0.033203
0 0.630859 0.588867 0.035156 0.029297
0 0.606445 0.610352 0.033203 0.029297
0 0.582031 0.643555 0.046875 0.037109
0 0.564453 0.689453 0.042969 0.050781
0 0.601562 0.692383 0.031250 0.048828
0 0.636719 0.681641 0.042969 0.042969
0 0.930664 0.791992 0.037109 0.037109
0 0.880859 0.808594 0.042969 0.050781
0 0.834961 0.791992 0.037109 0.044922
0 0.797852 0.771484 0.041016 0.046875
0 0.759766 0.786133 0.035156 0.041016
0 0.743164 0.761719 0.041016 0.039062
0 0.719727 0.734375 0.048828 0.039062
0 0.724609 0.797852 0.035156 0.041016
0 0.683594 0.798828 0.046875 0.046875
0 0.670898 0.847656 0.037109 0.031250
0 0.646484 0.822266 0.039062 0.042969
0 0.622070 0.793945 0.033203 0.037109
0 0.604492 0.758789 0.041016 0.037109
0 0.562500 0.788086 0.031250 0.033203
0 0.560547 0.848633 0.035156 0.029297
0 0.524414 0.746094 0.037109 0.042969
0 0.488281 0.734375 0.039062 0.039062
0 0.459961 0.754883 0.044922 0.041016
0 0.449219 0.792969 0.050781 0.046875
0 0.416992 0.820312 0.041016 0.039062
0 0.381836 0.834961 0.037109 0.037109
0 0.375977 0.879883 0.048828 0.037109
0 0.334961 0.877930 0.037109 0.048828
0 0.294922 0.886719 0.039062 0.046875
0 0.320312 0.789062 0.046875 0.046875
0 0.356445 0.778320 0.041016 0.041016
0 0.270508 0.801758 0.033203 0.041016
0 0.258789 0.842773 0.041016 0.041016
0 0.248047 0.881836 0.039062 0.037109
0 0.249023 0.915039 0.041016 0.029297
0 0.224609 0.843750 0.031250 0.039062
0 0.218750 0.885742 0.035156 0.029297
0 0.128906 0.777344 0.046875 0.042969
0 0.098633 0.750000 0.037109 0.035156
0 0.036133 0.988281 0.044922 0.023438
0 0.051758 0.958008 0.044922 0.044922
0 0.095703 0.938477 0.035156 0.041016
0 0.130859 0.980469 0.042969 0.039062
0 0.139648 0.927734 0.037109 0.031250
