0 0.037109 0.333984 0.066406 0.066406
0 0.099609 0.443359 0.058594 0.058594
0 0.140625 0.501953 0.062500 0.050781
0 0.205078 0.529297 0.074219 0.089844
0 0.097656 0.580078 0.078125 0.066406
0 0.037109 0.556641 0.066406 0.089844
0 0.271484 0.462891 0.105469 0.097656
0 0.376953 0.449219 0.089844 0.093750
0 0.308594 0.277344 0.085938 0.062500
0 0.398438 0.242188 0.093750 0.070312
0 0.451172 0.335938 0.066406 0.054688
0 0.281250 0.341797 0.085938 0.066406
0 0.152344 0.332031 0.070312 0.054688
0 0.212891 0.984375 0.066406 0.031250
0 0.244141 0.955078 0.074219 0.050781
0 0.363281 0.964844 0.062500 0.070312
0 0.427734 0.861328 0.074219 0.074219
0 0.507812 0.841797 0.078125 0.082031
0 0.574219 0.875000 0.062500 0.078125
0 0.626953 0.927734 0.066406 0.082031
0 0.796875 0.941406 0.070312 0.062500
0 0.900391 0.937500 0.058594 0.062500
0 0.955078 0.947266 0.058594 0.066406
0 0.958984 0.748047 0.074219 0.074219
0 0.863281 0.794922 0.093750 0.066406
0 0.744141 0.669922 0.058594 0.050781
0 0.697266 0.716797 0.066406 0.058594
0 0.822266 0.634766 0.097656 0.050781
0 0.878906 0.601562 0.062500 0.046875
0 0.945312 0.591797 0.070312 0.058594
0 0.236328 0.048828 0.082031 0.066406
0 0.425781 0.035156 0.070312 0.062500
0 0.414062 0.085938 0.062500 0.054688
0 0.560547 0.107422 0.066406 0.066406
0 0.648438 0.181641 0.078125 0.074219
0 0.732422 0.160156 0.066406 0.046875
0 0.822266 0.134766 0.097656 0.066406
0 0.900391 0.044922 0.089844 0.082031
0 0.773438 0.046875 0.046875 0.046875
0 0.822266 0.072266 0.074219 0.058594
0 0.595703 0.023438 0.066406 0.039062
