0 0.041016 0.173828 0.074219 0.066406
0 0.187500 0.021484 0.062500 0.035156
0 0.261719 0.033203 0.062500 0.058594
0 0.324219 0.078125 0.062500 0.070312
0 0.228516 0.083984 0.058594 0.066406
0 0.250000 0.218750 0.054688 0.070312
0 0.310547 0.246094 0.066406 0.078125
0 0.376953 0.240234 0.058594 0.058594
0 0.533203 0.169922 0.074219 0.050781
0 0.617188 0.140625 0.070312 0.054688
0 0.798828 0.048828 0.082031 0.050781
0 0.755859 0.115234 0.089844 0.074219
0 0.673828 0.134766 0.050781 0.050781
0 0.480469 0.244141 0.062500 0.082031
0 0.531250 0.220703 0.054688 0.058594
0 0.621094 0.220703 0.078125 0.082031
0 0.283203 0.419922 0.089844 0.074219
0 0.189453 0.419922 0.074219 0.066406
0 0.162109 0.482422 0.074219 0.066406
0 0.357422 0.486328 0.074219 0.089844
0 0.275391 0.503906 0.050781 0.062500
0 0.232422 0.541016 0.066406 0.066406
0 0.125000 0.548828 0.093750 0.082031
0 0.142578 0.615234 0.089844 0.066406
0 0.078125 0.640625 0.085938 0.070312
0 0.033203 0.662109 0.058594 0.066406
0 0.439453 0.318359 0.074219 0.082031
0 0.501953 0.371094 0.089844 0.062500
0 0.537109 0.306641 0.082031 0.058594
0 0.613281 0.333984 0.085938 0.074219
0 0.677734 0.285156 0.082031 0.062500
0 0.767578 0.279297 0.058594 0.058594
0 0.839844 0.244141 0.070312 0.066406
0 0.863281 0.199219 0.078125 0.070312
0 0.929688 0.175781 0.085938 0.093750
0 0.980469 0.099609 0.039062 0.074219
0 0.826172 0.335938 0.089844 0.070312
0 0.796875 0.507812 0.070312 0.078125
0 0.037109 0.921875 0.066406 0.070312
0 0.046875 0.984375 0.070312 0.031250
0 0.138672 0.968750 0.082031 0.062500
0 0.257812 0.982422 0.046875 0.035156
0 0.410156 0.951172 0.093750 0.082031
0 0.503906 0.904297 0.101562 0.074219
0 0.621094 0.927734 0.078125 0.074219
0 0.701172 0.966797 0.097656 0.066406
0 0.691406 0.871094 0.070312 0.062500
0 0.767578 0.888672 0.082031 0.050781
0 0.804688 0.943359 0.070312 0.074219
0 0.871094 0.947266 0.070312 0.097656
0 0.951172 0.748047 0.097656 0.074219
0 0.984375 0.679688 0.031250 0.085938
0 0.972656 0.808594 0.054688 0.062500
0 0.976562 0.869141 0.046875 0.066406
