0 0.027344 0.101562 0.046875 0.078125
0 0.144531 0.027344 0.070312 0.046875
0 0.082031 0.019531 0.062500 0.031250
0 0.152344 0.199219 0.078125 0.062500
0 0.224609 0.097656 0.066406 0.062500
0 0.289062 0.035156 0.070312 0.054688
0 0.343750 0.080078 0.078125 0.050781
0 0.392578 0.140625 0.082031 0.062500
0 0.429688 0.193359 0.078125 0.050781
0 0.619141 0.201172 0.089844 0.058594
0 0.710938 0.210938 0.085938 0.062500
0 0.460938 0.087891 0.054688 0.050781
0 0.550781 0.115234 0.070312 0.050781
0 0.671875 0.082031 0.078125 0.085938
0 0.746094 0.121094 0.070312 0.078125
0 0.806641 0.142578 0.058594 0.074219
0 0.896484 0.123047 0.074219 0.074219
0 0.847656 0.203125 0.070312 0.062500
0 0.779297 0.208984 0.058594 0.066406
0 0.029297 0.667969 0.050781 0.070312
0 0.083984 0.609375 0.082031 0.062500
0 0.285156 0.539062 0.070312 0.070312
0 0.404297 0.498047 0.089844 0.066406
0 0.638672 0.421875 0.089844 0.085938
0 0.818359 0.359375 0.074219 0.054688
0 0.884766 0.294922 0.074219 0.066406
0 0.861328 0.404297 0.058594 0.050781
0 0.636719 0.533203 0.085938 0.082031
0 0.900391 0.468750 0.066406 0.070312
0 0.914062 0.406250 0.070312 0.070312
0 0.832031 0.494141 0.085938 0.089844
0 0.736328 0.501953 0.066406 0.074219
0 0.744141 0.583984 0.082031 0.074219
0 0.539062 0.505859 0.070312 0.089844
0 0.531250 0.640625 0.078125 0.062500
0 0.441406 0.632812 0.078125 0.070312
0 0.365234 0.595703 0.074219 0.074219
0 0.281250 0.646484 0.109375 0.089844
0 0.197266 0.724609 0.105469 0.097656
0 0.105469 0.681641 0.070312 0.066406
0 0.119141 0.804688 0.082031 0.070312
0 0.029297 0.837891 0.042969 0.082031
0 0.095703 0.972656 0.089844 0.054688
0 0.152344 0.908203 0.085938 0.074219
0 0.363281 0.908203 0.062500 0.058594
0 0.417969 0.896484 0.046875 0.050781
0 0.494141 0.904297 0.074219 0.066406
0 0.654297 0.962891 0.082031 0.066406
0 0.523438 0.972656 0.085938 0.054688
0 0.273438 0.980469 0.078125 0.039062
