0 0.021484 0.218750 0.035156 0.070312
0 0.128906 0.105469 0.070312 0.085938
0 0.175781 0.220703 0.085938 0.066406
0 0.097656 0.296875 0.078125 0.054688
0 0.035156 0.343750 0.062500 0.062500
0 0.195312 0.089844 0.054688 0.070312
0 0.271484 0.167969 0.058594 0.070312
0 0.332031 0.162109 0.062500 0.074219
0 0.406250 0.146484 0.070312 0.074219
0 0.345703 0.070312 0.089844 0.062500
0 0.572266 0.033203 0.082031 0.058594
0 0.587891 0.097656 0.050781 0.054688
0 0.634766 0.068359 0.042969 0.035156
0 0.640625 0.033203 0.070312 0.050781
0 0.800781 0.041016 0.062500 0.058594
0 0.732422 0.017578 0.058594 0.027344
0 0.695312 0.060547 0.039062 0.050781
0 0.748047 0.072266 0.050781 0.058594
0 0.644531 0.160156 0.054688 0.054688
0 0.691406 0.169922 0.062500 0.042969
0 0.746094 0.189453 0.054688 0.058594
0 0.695312 0.238281 0.054688 0.054688
0 0.656250 0.292969 0.070312 0.062500
0 0.548828 0.312500 0.113281 0.101562
0 0.527344 0.445312 0.070312 0.078125
0 0.406250 0.500000 0.070312 0.070312
0 0.367188 0.552734 0.078125 0.066406
0 0.111328 0.552734 0.066406 0.074219
0 0.486328 0.515625 0.058594 0.054688
0 0.443359 0.539062 0.050781 0.054688
0 0.058594 0.929688 0.085938 0.046875
0 0.105469 0.947266 0.046875 0.050781
0 0.048828 0.974609 0.050781 0.042969
0 0.130859 0.914062 0.058594 0.062500
0 0.158203 0.794922 0.105469 0.066406
0 0.214844 0.869141 0.085938 0.066406
0 0.220703 0.732422 0.097656 0.074219
0 0.351562 0.781250 0.078125 0.062500
0 0.398438 0.728516 0.070312 0.058594
0 0.382812 0.650391 0.062500 0.066406
0 0.425781 0.609375 0.054688 0.039062
0 0.511719 0.585938 0.062500 0.046875
0 0.566406 0.570312 0.062500 0.054688
0 0.617188 0.552734 0.070312 0.066406
0 0.542969 0.689453 0.070312 0.042969
0 0.478516 0.689453 0.050781 0.058594
0 0.533203 0.662109 0.082031 0.058594
0 0.740234 0.517578 0.089844 0.066406
0 0.767578 0.603516 0.074219 0.066406
0 0.835938 0.574219 0.070312 0.062500
0 0.847656 0.474609 0.062500 0.058594
0 0.908203 0.466797 0.058594 0.050781
0 0.988281 0.462891 0.023438 0.058594
0 0.943359 0.560547 0.058594 0.058594
0 0.960938 0.492188 0.039062 0.054688
0 0.986328 0.552734 0.027344 0.066406
0 0.912109 0.666016 0.042969 0.058594
0 0.974609 0.660156 0.050781 0.078125
0 0.849609 0.816406 0.074219 0.078125
0 0.908203 0.873047 0.074219 0.066406
0 0.890625 0.929688 0.062500 0.054688
0 0.746094 0.982422 0.109375 0.035156
0 0.871094 0.974609 0.070312 0.050781
0 0.980469 0.929688 0.039062 0.054688
0 0.933594 0.968750 0.039062 0.054688
