0 0.107422 0.037109 0.042969 0.058594
0 0.164062 0.023438 0.062500 0.039062
0 0.388672 0.042969 0.042969 0.062500
0 0.437500 0.031250 0.054688 0.046875
0 0.330078 0.167969 0.050781 0.062500
0 0.378906 0.203125 0.039062 0.046875
0 0.433594 0.195312 0.046875 0.054688
0 0.318359 0.292969 0.050781 0.062500
0 0.361328 0.347656 0.058594 0.054688
0 0.394531 0.312500 0.039062 0.039062
0 0.589844 0.142578 0.062500 0.050781
0 0.667969 0.111328 0.078125 0.050781
0 0.623047 0.195312 0.058594 0.039062
0 0.628906 0.232422 0.054688 0.042969
0 0.546875 0.285156 0.070312 0.046875
0 0.488281 0.300781 0.062500 0.054688
0 0.744141 0.097656 0.042969 0.039062
0 0.759766 0.152344 0.050781 0.039062
0 0.761719 0.216797 0.062500 0.050781
0 0.828125 0.207031 0.046875 0.039062
0 0.822266 0.050781 0.066406 0.062500
0 0.980469 0.050781 0.039062 0.062500
0 0.917969 0.027344 0.054688 0.046875
0 0.912109 0.070312 0.066406 0.054688
0 0.964844 0.199219 0.054688 0.054688
0 0.896484 0.308594 0.035156 0.046875
0 0.949219 0.378906 0.062500 0.062500
0 0.921875 0.435547 0.054688 0.050781
0 0.773438 0.457031 0.062500 0.046875
0 0.738281 0.517578 0.054688 0.050781
0 0.726562 0.580078 0.054688 0.042969
0 0.697266 0.562500 0.066406 0.054688
0 0.890625 0.556641 0.054688 0.042969
0 0.810547 0.558594 0.058594 0.054688
0 0.787109 0.597656 0.058594 0.054688
0 0.630859 0.625000 0.082031 0.070312
0 0.548828 0.669922 0.074219 0.058594
0 0.412109 0.650391 0.058594 0.058594
0 0.357422 0.693359 0.074219 0.058594
0 0.673828 0.767578 0.066406 0.074219
0 0.712891 0.724609 0.042969 0.042969
0 0.707031 0.867188 0.046875 0.046875
0 0.630859 0.908203 0.082031 0.082031
0 0.884766 0.908203 0.074219 0.066406
0 0.820312 0.947266 0.054688 0.050781
0 0.433594 0.800781 0.101562 0.070312
0 0.308594 0.851562 0.062500 0.062500
0 0.373047 0.742188 0.074219 0.039062
0 0.300781 0.775391 0.062500 0.050781
0 0.363281 0.781250 0.070312 0.046875
0 0.261719 0.464844 0.078125 0.054688
0 0.187500 0.476562 0.062500 0.054688
0 0.232422 0.507812 0.074219 0.054688
0 0.212891 0.599609 0.074219 0.058594
0 0.146484 0.615234 0.066406 0.050781
0 0.111328 0.554688 0.066406 0.054688
0 0.076172 0.585938 0.066406 0.039062
0 0.033203 0.509766 0.058594 0.050781
0 0.205078 0.738281 0.058594 0.054688
0 0.152344 0.687500 0.070312 0.085938
0 0.107422 0.765625 0.089844 0.062500
0 0.078125 0.849609 0.054688 0.066406
0 0.134766 0.857422 0.058594 0.066406
0 0.169922 0.916016 0.082031 0.074219
