0 0.201172 0.117188 0.066406 0.046875
0 0.417969 0.099609 0.078125 0.058594
0 0.320312 0.099609 0.046875 0.050781
0 0.222656 0.175781 0.070312 0.062500
0 0.062500 0.228516 0.046875 0.042969
0 0.121094 0.298828 0.085938 0.050781
0 0.056641 0.335938 0.050781 0.062500
0 0.312500 0.185547 0.054688 0.050781
0 0.343750 0.326172 0.078125 0.066406
0 0.310547 0.490234 0.074219 0.097656
0 0.089844 0.751953 0.062500 0.042969
0 0.033203 0.792969 0.058594 0.078125
0 0.171875 0.724609 0.093750 0.066406
0 0.148438 0.783203 0.070312 0.042969
0 0.158203 0.939453 0.066406 0.074219
0 0.466797 0.554688 0.066406 0.062500
0 0.658203 0.482422 0.074219 0.058594
0 0.802734 0.449219 0.058594 0.062500
0 0.730469 0.408203 0.085938 0.066406
0 0.828125 0.408203 0.078125 0.066406
0 0.824219 0.501953 0.062500 0.074219
0 0.955078 0.335938 0.074219 0.101562
0 0.933594 0.419922 0.062500 0.074219
0 0.984375 0.480469 0.031250 0.125000
0 0.964844 0.714844 0.070312 0.109375
0 0.732422 0.832031 0.082031 0.078125
0 0.648438 0.960938 0.085938 0.078125
0 0.871094 0.306641 0.078125 0.089844
0 0.714844 0.056641 0.078125 0.050781
0 0.521484 0.148438 0.066406 0.062500
