0 0.035156 0.023438 0.054688 0.031250
0 0.308594 0.189453 0.054688 0.066406
0 0.271484 0.248047 0.066406 0.066406
0 0.238281 0.298828 0.070312 0.050781
0 0.072266 0.431641 0.058594 0.066406
0 0.160156 0.449219 0.054688 0.046875
0 0.175781 0.416016 0.054688 0.042969
0 0.353516 0.345703 0.082031 0.066406
0 0.289062 0.394531 0.070312 0.078125
0 0.244141 0.527344 0.042969 0.062500
0 0.203125 0.496094 0.046875 0.046875
0 0.177734 0.539062 0.042969 0.054688
0 0.417969 0.259766 0.062500 0.082031
0 0.433594 0.171875 0.062500 0.078125
0 0.367188 0.050781 0.054688 0.062500
0 0.427734 0.087891 0.042969 0.035156
0 0.425781 0.042969 0.031250 0.039062
0 0.519531 0.179688 0.062500 0.054688
0 0.580078 0.164062 0.050781 0.070312
0 0.490234 0.244141 0.050781 0.050781
0 0.572266 0.236328 0.074219 0.074219
0 0.636719 0.199219 0.070312 0.062500
0 0.710938 0.175781 0.078125 0.078125
0 0.789062 0.146484 0.078125 0.058594
0 0.722656 0.082031 0.085938 0.062500
0 0.746094 0.023438 0.070312 0.039062
0 0.863281 0.087891 0.054688 0.066406
0 0.832031 0.042969 0.062500 0.046875
0 0.949219 0.021484 0.062500 0.035156
0 0.962891 0.074219 0.058594 0.054688
0 0.935547 0.156250 0.050781 0.062500
0 0.937500 0.318359 0.054688 0.066406
0 0.976562 0.406250 0.046875 0.054688
0 0.865234 0.435547 0.074219 0.074219
0 0.878906 0.572266 0.062500 0.066406
0 0.783203 0.560547 0.074219 0.074219
0 0.732422 0.625000 0.066406 0.062500
0 0.726562 0.679688 0.062500 0.046875
0 0.757812 0.765625 0.054688 0.085938
0 0.968750 0.845703 0.062500 0.050781
0 0.878906 0.923828 0.054688 0.035156
0 0.824219 0.970703 0.078125 0.058594
0 0.750000 0.898438 0.054688 0.062500
0 0.724609 0.958984 0.058594 0.058594
0 0.673828 0.941406 0.042969 0.046875
0 0.667969 0.978516 0.062500 0.042969
0 0.654297 0.699219 0.058594 0.078125
0 0.703125 0.773438 0.054688 0.054688
0 0.585938 0.748047 0.070312 0.050781
0 0.515625 0.783203 0.062500 0.058594
0 0.501953 0.699219 0.058594 0.046875
0 0.441406 0.712891 0.062500 0.042969
0 0.416016 0.830078 0.066406 0.050781
0 0.433594 0.771484 0.070312 0.050781
0 0.318359 0.779297 0.082031 0.050781
0 0.291016 0.896484 0.074219 0.058594
0 0.193359 0.839844 0.066406 0.054688
0 0.181641 0.912109 0.058594 0.058594
0 0.216797 0.634766 0.050781 0.042969
0 0.185547 0.699219 0.050781 0.039062
0 0.150391 0.667969 0.050781 0.054688
0 0.101562 0.751953 0.078125 0.058594
0 0.074219 0.808594 0.070312 0.046875
0 0.103516 0.957031 0.082031 0.062500
0 0.033203 0.894531 0.058594 0.078125
0 0.035156 0.962891 0.054688 0.050781
