0 0.105469 0.078125 0.085938 0.085938
0 0.033203 0.236328 0.058594 0.089844
0 0.125000 0.437500 0.085938 0.070312
0 0.310547 0.089844 0.097656 0.078125
0 0.611328 0.023438 0.066406 0.039062
0 0.574219 0.072266 0.046875 0.050781
0 0.527344 0.023438 0.085938 0.039062
0 0.503906 0.085938 0.054688 0.054688
0 0.425781 0.023438 0.046875 0.039062
0 0.832031 0.095703 0.101562 0.066406
0 0.044922 0.539062 0.066406 0.054688
0 0.382812 0.488281 0.078125 0.078125
0 0.458984 0.458984 0.082031 0.074219
0 0.537109 0.531250 0.074219 0.078125
0 0.880859 0.621094 0.042969 0.062500
0 0.951172 0.617188 0.074219 0.078125
0 0.980469 0.542969 0.039062 0.078125
0 0.806641 0.636719 0.066406 0.078125
0 0.617188 0.839844 0.070312 0.054688
0 0.619141 0.904297 0.082031 0.066406
0 0.546875 0.957031 0.054688 0.070312
0 0.441406 0.972656 0.093750 0.054688
0 0.345703 0.982422 0.066406 0.035156
0 0.281250 0.939453 0.085938 0.074219
