0 0.130859 0.144531 0.074219 0.093750
0 0.210938 0.130859 0.062500 0.074219
0 0.265625 0.123047 0.070312 0.074219
0 0.203125 0.019531 0.085938 0.031250
0 0.363281 0.113281 0.101562 0.093750
0 0.486328 0.093750 0.082031 0.078125
0 0.623047 0.062500 0.082031 0.101562
0 0.509766 0.199219 0.082031 0.085938
0 0.388672 0.203125 0.097656 0.070312
0 0.296875 0.289062 0.085938 0.078125
0 0.369141 0.308594 0.058594 0.062500
0 0.468750 0.292969 0.085938 0.085938
0 0.515625 0.347656 0.078125 0.093750
0 0.628906 0.230469 0.070312 0.117188
0 0.710938 0.173828 0.078125 0.066406
0 0.839844 0.248047 0.085938 0.113281
0 0.722656 0.318359 0.085938 0.105469
0 0.621094 0.394531 0.078125 0.101562
0 0.562500 0.531250 0.078125 0.093750
0 0.699219 0.478516 0.101562 0.074219
0 0.855469 0.416016 0.117188 0.097656
0 0.449219 0.470703 0.085938 0.082031
0 0.787109 0.548828 0.105469 0.089844
0 0.656250 0.578125 0.093750 0.078125
0 0.714844 0.646484 0.085938 0.066406
0 0.978516 0.304688 0.042969 0.070312
0 0.964844 0.419922 0.070312 0.074219
0 0.980469 0.496094 0.039062 0.070312
0 0.925781 0.562500 0.132812 0.109375
0 0.865234 0.658203 0.121094 0.089844
0 0.964844 0.734375 0.070312 0.078125
0 0.812500 0.736328 0.070312 0.058594
0 0.978516 0.816406 0.042969 0.085938
0 0.072266 0.396484 0.097656 0.105469
0 0.162109 0.482422 0.097656 0.097656
0 0.261719 0.578125 0.093750 0.070312
0 0.375000 0.621094 0.093750 0.062500
0 0.492188 0.750000 0.062500 0.070312
0 0.630859 0.822266 0.082031 0.074219
0 0.695312 0.917969 0.070312 0.078125
0 0.613281 0.931641 0.078125 0.074219
0 0.535156 0.812500 0.070312 0.062500
0 0.470703 0.822266 0.058594 0.050781
0 0.451172 0.919922 0.144531 0.074219
0 0.363281 0.703125 0.117188 0.078125
0 0.332031 0.781250 0.125000 0.093750
0 0.291016 0.833984 0.136719 0.097656
0 0.333984 0.966797 0.144531 0.066406
0 0.210938 0.894531 0.101562 0.078125
0 0.158203 0.830078 0.082031 0.082031
0 0.228516 0.689453 0.082031 0.105469
0 0.078125 0.546875 0.093750 0.078125
0 0.140625 0.683594 0.078125 0.062500
0 0.074219 0.701172 0.093750 0.058594
0 0.066406 0.789062 0.109375 0.070312
0 0.080078 0.865234 0.105469 0.082031
0 0.046875 0.619141 0.085938 0.082031
0 0.062500 0.925781 0.101562 0.085938
0 0.183594 0.966797 0.109375 0.066406
