0 0.759766 0.041016 0.097656 0.074219
0 0.937500 0.072266 0.093750 0.074219
0 0.865234 0.093750 0.066406 0.070312
0 0.974609 0.179688 0.050781 0.078125
0 0.929688 0.240234 0.093750 0.082031
0 0.785156 0.152344 0.117188 0.125000
0 0.646484 0.078125 0.136719 0.085938
0 0.449219 0.044922 0.140625 0.066406
0 0.078125 0.042969 0.148438 0.062500
0 0.185547 0.101562 0.105469 0.070312
0 0.056641 0.158203 0.105469 0.082031
0 0.164062 0.232422 0.078125 0.113281
0 0.238281 0.185547 0.093750 0.074219
0 0.298828 0.253906 0.097656 0.093750
0 0.410156 0.232422 0.078125 0.089844
0 0.419922 0.351562 0.097656 0.093750
0 0.068359 0.298828 0.097656 0.082031
0 0.126953 0.361328 0.089844 0.089844
0 0.175781 0.326172 0.070312 0.066406
0 0.238281 0.355469 0.078125 0.078125
0 0.316406 0.347656 0.093750 0.093750
0 0.218750 0.408203 0.109375 0.082031
0 0.158203 0.447266 0.097656 0.089844
0 0.246094 0.498047 0.101562 0.089844
0 0.341797 0.476562 0.128906 0.125000
0 0.103516 0.517578 0.152344 0.113281
0 0.166016 0.597656 0.082031 0.070312
0 0.376953 0.615234 0.105469 0.097656
0 0.507812 0.505859 0.109375 0.113281
0 0.548828 0.365234 0.105469 0.105469
0 0.642578 0.449219 0.089844 0.101562
0 0.718750 0.470703 0.078125 0.089844
0 0.685547 0.560547 0.113281 0.121094
0 0.765625 0.574219 0.070312 0.078125
0 0.867188 0.570312 0.109375 0.109375
0 0.740234 0.361328 0.097656 0.082031
0 0.976562 0.664062 0.046875 0.062500
0 0.767578 0.697266 0.089844 0.074219
0 0.849609 0.746094 0.074219 0.093750
0 0.923828 0.802734 0.066406 0.082031
0 0.896484 0.873047 0.066406 0.082031
0 0.958984 0.925781 0.074219 0.070312
0 0.787109 0.835938 0.066406 0.062500
0 0.718750 0.832031 0.070312 0.070312
0 0.623047 0.845703 0.082031 0.089844
0 0.683594 0.904297 0.085938 0.066406
0 0.773438 0.957031 0.070312 0.078125
0 0.662109 0.699219 0.082031 0.101562
0 0.572266 0.687500 0.066406 0.070312
0 0.517578 0.654297 0.082031 0.074219
0 0.476562 0.730469 0.070312 0.070312
0 0.404297 0.720703 0.074219 0.082031
0 0.273438 0.654297 0.109375 0.089844
0 0.359375 0.783203 0.062500 0.066406
0 0.414062 0.835938 0.078125 0.070312
0 0.490234 0.843750 0.050781 0.062500
0 0.535156 0.898438 0.070312 0.070312
0 0.591797 0.964844 0.105469 0.070312
0 0.136719 0.929688 0.085938 0.062500
0 0.074219 0.884766 0.078125 0.082031
