0 0.421875 0.042969 0.070312 0.070312
0 0.492188 0.066406 0.078125 0.070312
0 0.687500 0.189453 0.070312 0.082031
0 0.843750 0.332031 0.078125 0.078125
0 0.755859 0.353516 0.089844 0.089844
0 0.916016 0.468750 0.066406 0.085938
0 0.972656 0.460938 0.054688 0.093750
0 0.980469 0.603516 0.039062 0.082031
0 0.931641 0.597656 0.082031 0.085938
0 0.957031 0.732422 0.085938 0.082031
0 0.861328 0.738281 0.097656 0.078125
0 0.802734 0.667969 0.089844 0.093750
0 0.820312 0.556641 0.125000 0.136719
0 0.701172 0.675781 0.121094 0.101562
0 0.632812 0.544922 0.140625 0.105469
0 0.656250 0.429688 0.085938 0.070312
0 0.644531 0.361328 0.117188 0.097656
0 0.601562 0.255859 0.085938 0.074219
0 0.498047 0.146484 0.089844 0.089844
0 0.441406 0.214844 0.078125 0.085938
0 0.486328 0.322266 0.144531 0.113281
0 0.500000 0.466797 0.117188 0.128906
0 0.466797 0.544922 0.089844 0.097656
0 0.404297 0.472656 0.074219 0.093750
0 0.314453 0.433594 0.082031 0.093750
0 0.310547 0.341797 0.097656 0.089844
0 0.320312 0.238281 0.085938 0.101562
0 0.289062 0.150391 0.093750 0.082031
0 0.324219 0.060547 0.085938 0.097656
0 0.248047 0.072266 0.089844 0.082031
0 0.136719 0.048828 0.085938 0.074219
0 0.169922 0.177734 0.074219 0.066406
0 0.041016 0.390625 0.074219 0.109375
0 0.341797 0.654297 0.105469 0.089844
0 0.185547 0.664062 0.089844 0.109375
0 0.082031 0.683594 0.054688 0.062500
0 0.050781 0.828125 0.085938 0.093750
0 0.138672 0.884766 0.082031 0.089844
0 0.201172 0.824219 0.082031 0.085938
0 0.242188 0.888672 0.085938 0.082031
0 0.314453 0.779297 0.128906 0.113281
0 0.470703 0.769531 0.113281 0.109375
0 0.400391 0.869141 0.082031 0.089844
0 0.490234 0.886719 0.082031 0.078125
0 0.587891 0.845703 0.074219 0.097656
0 0.554688 0.943359 0.070312 0.082031
0 0.628906 0.962891 0.070312 0.074219
0 0.736328 0.900391 0.082031 0.089844
0 0.310547 0.976562 0.128906 0.046875
0 0.130859 0.984375 0.082031 0.031250
