0 0.931641 0.154297 0.113281 0.113281
0 0.798828 0.142578 0.113281 0.082031
0 0.923828 0.281250 0.082031 0.085938
0 0.970703 0.339844 0.058594 0.078125
0 0.964844 0.460938 0.070312 0.078125
0 0.931641 0.417969 0.074219 0.101562
0 0.859375 0.423828 0.085938 0.089844
0 0.800781 0.222656 0.101562 0.070312
0 0.609375 0.171875 0.140625 0.085938
0 0.695312 0.230469 0.078125 0.078125
0 0.527344 0.105469 0.093750 0.101562
0 0.576172 0.041016 0.082031 0.066406
0 0.615234 0.083984 0.074219 0.066406
0 0.705078 0.058594 0.089844 0.101562
0 0.296875 0.117188 0.085938 0.093750
0 0.263672 0.031250 0.066406 0.054688
0 0.275391 0.191406 0.066406 0.078125
0 0.236328 0.267578 0.082031 0.082031
0 0.142578 0.259766 0.082031 0.082031
0 0.207031 0.164062 0.093750 0.078125
0 0.076172 0.203125 0.089844 0.093750
0 0.093750 0.304688 0.085938 0.093750
0 0.033203 0.324219 0.058594 0.109375
0 0.027344 0.082031 0.046875 0.070312
0 0.072266 0.039062 0.082031 0.054688
0 0.095703 0.097656 0.066406 0.062500
0 0.806641 0.654297 0.105469 0.136719
0 0.689453 0.595703 0.113281 0.082031
0 0.632812 0.511719 0.078125 0.085938
0 0.519531 0.476562 0.117188 0.132812
0 0.400391 0.423828 0.121094 0.128906
0 0.218750 0.580078 0.085938 0.097656
0 0.285156 0.626953 0.093750 0.089844
0 0.363281 0.720703 0.109375 0.097656
0 0.500000 0.712891 0.109375 0.113281
0 0.531250 0.626953 0.117188 0.136719
0 0.402344 0.587891 0.093750 0.113281
0 0.619141 0.802734 0.113281 0.128906
0 0.675781 0.697266 0.125000 0.136719
0 0.722656 0.878906 0.078125 0.093750
0 0.769531 0.777344 0.101562 0.093750
0 0.968750 0.716797 0.062500 0.089844
0 0.972656 0.869141 0.054688 0.097656
0 0.925781 0.921875 0.078125 0.078125
0 0.251953 0.927734 0.105469 0.113281
0 0.066406 0.835938 0.117188 0.125000
0 0.101562 0.970703 0.101562 0.058594
0 0.158203 0.792969 0.082031 0.093750
0 0.027344 0.738281 0.046875 0.070312
