0 0.031250 0.078125 0.054688 0.101562
0 0.166016 0.156250 0.113281 0.093750
0 0.222656 0.080078 0.101562 0.097656
0 0.310547 0.144531 0.113281 0.085938
0 0.482422 0.031250 0.089844 0.054688
0 0.574219 0.035156 0.101562 0.062500
0 0.716797 0.033203 0.144531 0.058594
0 0.519531 0.181641 0.101562 0.113281
0 0.595703 0.136719 0.105469 0.093750
0 0.667969 0.103516 0.078125 0.082031
0 0.558594 0.277344 0.125000 0.093750
0 0.955078 0.085938 0.089844 0.132812
0 0.851562 0.150391 0.101562 0.144531
0 0.910156 0.271484 0.101562 0.089844
0 0.912109 0.343750 0.082031 0.078125
0 0.804688 0.373047 0.109375 0.121094
0 0.865234 0.445312 0.105469 0.101562
0 0.955078 0.470703 0.089844 0.121094
0 0.937500 0.566406 0.125000 0.117188
0 0.791016 0.507812 0.128906 0.117188
0 0.699219 0.478516 0.078125 0.128906
0 0.789062 0.607422 0.140625 0.113281
0 0.882812 0.697266 0.093750 0.152344
0 0.699219 0.632812 0.070312 0.109375
0 0.957031 0.757812 0.070312 0.085938
0 0.908203 0.845703 0.097656 0.082031
0 0.857422 0.908203 0.105469 0.113281
0 0.740234 0.837891 0.097656 0.089844
0 0.714844 0.945312 0.109375 0.109375
0 0.863281 0.980469 0.078125 0.039062
0 0.984375 0.900391 0.031250 0.097656
0 0.583984 0.642578 0.089844 0.105469
0 0.550781 0.470703 0.117188 0.097656
0 0.394531 0.349609 0.109375 0.089844
0 0.427734 0.464844 0.097656 0.101562
0 0.447266 0.574219 0.105469 0.101562
0 0.443359 0.671875 0.113281 0.109375
0 0.478516 0.759766 0.097656 0.097656
0 0.535156 0.849609 0.085938 0.082031
0 0.488281 0.949219 0.078125 0.078125
0 0.583984 0.927734 0.050781 0.089844
0 0.316406 0.609375 0.125000 0.101562
0 0.330078 0.439453 0.097656 0.097656
0 0.246094 0.339844 0.109375 0.093750
0 0.232422 0.564453 0.128906 0.105469
0 0.207031 0.458984 0.132812 0.105469
0 0.048828 0.400391 0.082031 0.113281
0 0.125000 0.615234 0.062500 0.113281
0 0.193359 0.683594 0.136719 0.109375
0 0.154297 0.773438 0.074219 0.070312
0 0.160156 0.890625 0.101562 0.109375
0 0.281250 0.845703 0.093750 0.097656
0 0.357422 0.929688 0.105469 0.117188
0 0.228516 0.957031 0.105469 0.085938
0 0.031250 0.828125 0.054688 0.132812
0 0.027344 0.623047 0.046875 0.152344
