0 0.845703 0.044922 0.097656 0.082031
0 0.951172 0.134766 0.074219 0.089844
0 0.882812 0.173828 0.085938 0.097656
0 0.949219 0.244141 0.085938 0.074219
0 0.931641 0.349609 0.066406 0.097656
0 0.974609 0.310547 0.050781 0.097656
0 0.857422 0.341797 0.074219 0.128906
0 0.746094 0.330078 0.117188 0.136719
0 0.791016 0.218750 0.121094 0.085938
0 0.775391 0.111328 0.089844 0.074219
0 0.685547 0.070312 0.097656 0.109375
0 0.695312 0.197266 0.101562 0.097656
0 0.898438 0.480469 0.109375 0.156250
0 0.972656 0.576172 0.054688 0.152344
0 0.894531 0.761719 0.078125 0.093750
0 0.677734 0.621094 0.113281 0.140625
0 0.548828 0.544922 0.136719 0.089844
0 0.453125 0.626953 0.085938 0.105469
0 0.542969 0.689453 0.117188 0.152344
0 0.636719 0.791016 0.125000 0.113281
0 0.773438 0.839844 0.109375 0.117188
0 0.708984 0.939453 0.089844 0.097656
0 0.833984 0.970703 0.082031 0.058594
0 0.527344 0.849609 0.101562 0.113281
0 0.582031 0.957031 0.109375 0.085938
0 0.447266 0.939453 0.128906 0.105469
0 0.412109 0.761719 0.097656 0.140625
0 0.326172 0.867188 0.089844 0.101562
0 0.492188 0.050781 0.101562 0.085938
0 0.410156 0.035156 0.101562 0.062500
0 0.365234 0.113281 0.128906 0.085938
0 0.515625 0.126953 0.093750 0.113281
0 0.425781 0.203125 0.140625 0.101562
0 0.517578 0.257812 0.089844 0.109375
0 0.429688 0.361328 0.148438 0.097656
0 0.414062 0.458984 0.078125 0.066406
0 0.345703 0.435547 0.082031 0.089844
0 0.357422 0.513672 0.089844 0.097656
0 0.322266 0.574219 0.066406 0.078125
0 0.248047 0.621094 0.097656 0.093750
0 0.169922 0.607422 0.097656 0.089844
0 0.181641 0.501953 0.144531 0.097656
0 0.238281 0.404297 0.140625 0.113281
0 0.291016 0.289062 0.121094 0.101562
0 0.171875 0.089844 0.101562 0.093750
0 0.230469 0.037109 0.132812 0.066406
0 0.253906 0.175781 0.125000 0.109375
0 0.109375 0.257812 0.078125 0.078125
0 0.064453 0.451172 0.050781 0.113281
0 0.082031 0.638672 0.085938 0.121094
0 0.195312 0.753906 0.109375 0.070312
0 0.050781 0.751953 0.085938 0.082031
0 0.082031 0.845703 0.093750 0.089844
0 0.140625 0.960938 0.109375 0.078125
0 0.046875 0.964844 0.070312 0.054688
