0 0.849609 0.044922 0.105469 0.074219
0 0.740234 0.029297 0.097656 0.050781
0 0.675781 0.097656 0.070312 0.101562
0 0.763672 0.125000 0.089844 0.078125
0 0.902344 0.121094 0.093750 0.070312
0 0.931641 0.195312 0.097656 0.093750
0 0.775391 0.224609 0.144531 0.113281
0 0.669922 0.230469 0.066406 0.125000
0 0.707031 0.361328 0.101562 0.097656
0 0.828125 0.345703 0.101562 0.136719
0 0.945312 0.335938 0.109375 0.101562
0 0.916016 0.417969 0.113281 0.109375
0 0.900391 0.525391 0.121094 0.097656
0 0.800781 0.505859 0.085938 0.121094
0 0.972656 0.580078 0.054688 0.105469
0 0.691406 0.601562 0.093750 0.101562
0 0.761719 0.679688 0.117188 0.109375
0 0.835938 0.763672 0.093750 0.105469
0 0.781250 0.953125 0.125000 0.093750
0 0.697266 0.847656 0.128906 0.132812
0 0.566406 0.734375 0.109375 0.117188
0 0.541016 0.574219 0.113281 0.085938
0 0.451172 0.685547 0.105469 0.121094
0 0.535156 0.904297 0.109375 0.121094
0 0.388672 0.843750 0.113281 0.109375
0 0.400391 0.962891 0.128906 0.074219
0 0.486328 0.052734 0.066406 0.089844
0 0.378906 0.062500 0.109375 0.085938
0 0.257812 0.031250 0.117188 0.054688
0 0.218750 0.101562 0.125000 0.109375
0 0.154297 0.166016 0.089844 0.089844
0 0.289062 0.185547 0.132812 0.097656
0 0.402344 0.179688 0.085938 0.117188
0 0.513672 0.187500 0.113281 0.109375
0 0.472656 0.287109 0.101562 0.097656
0 0.378906 0.361328 0.093750 0.113281
0 0.296875 0.289062 0.093750 0.125000
0 0.208984 0.296875 0.082031 0.132812
0 0.121094 0.279297 0.062500 0.128906
0 0.107422 0.408203 0.082031 0.128906
0 0.195312 0.441406 0.085938 0.140625
0 0.292969 0.433594 0.117188 0.132812
0 0.328125 0.582031 0.093750 0.117188
0 0.238281 0.582031 0.109375 0.156250
0 0.103516 0.546875 0.074219 0.101562
0 0.154297 0.638672 0.089844 0.113281
0 0.041016 0.783203 0.074219 0.113281
0 0.085938 0.902344 0.132812 0.117188
0 0.181641 0.962891 0.089844 0.074219
