0 0.164062 0.029297 0.117188 0.050781
0 0.091797 0.064453 0.105469 0.082031
0 0.265625 0.076172 0.085938 0.097656
0 0.210938 0.152344 0.132812 0.093750
0 0.271484 0.222656 0.105469 0.109375
0 0.226562 0.386719 0.109375 0.132812
0 0.056641 0.201172 0.105469 0.136719
0 0.058594 0.353516 0.101562 0.136719
0 0.246094 0.564453 0.070312 0.144531
0 0.041016 0.554688 0.074219 0.156250
0 0.115234 0.513672 0.082031 0.105469
0 0.160156 0.593750 0.085938 0.093750
0 0.205078 0.726562 0.121094 0.148438
0 0.095703 0.753906 0.121094 0.164062
0 0.037109 0.843750 0.066406 0.085938
0 0.494141 0.082031 0.105469 0.132812
0 0.609375 0.093750 0.093750 0.164062
0 0.759766 0.066406 0.105469 0.109375
0 0.464844 0.246094 0.101562 0.164062
0 0.568359 0.275391 0.105469 0.113281
0 0.701172 0.228516 0.082031 0.167969
0 0.423828 0.417969 0.097656 0.117188
0 0.669922 0.507812 0.089844 0.101562
0 0.515625 0.447266 0.117188 0.105469
0 0.537109 0.541016 0.113281 0.097656
0 0.400391 0.552734 0.097656 0.121094
0 0.388672 0.687500 0.097656 0.117188
0 0.525391 0.662109 0.152344 0.128906
0 0.646484 0.660156 0.097656 0.164062
0 0.458984 0.777344 0.160156 0.093750
0 0.613281 0.857422 0.101562 0.082031
0 0.923828 0.076172 0.121094 0.113281
0 0.880859 0.185547 0.089844 0.097656
0 0.958984 0.230469 0.082031 0.117188
0 0.888672 0.314453 0.121094 0.128906
0 0.851562 0.412109 0.117188 0.113281
0 0.964844 0.423828 0.070312 0.175781
0 0.814453 0.527344 0.097656 0.101562
0 0.921875 0.576172 0.078125 0.167969
0 0.812500 0.664062 0.125000 0.093750
0 0.757812 0.771484 0.078125 0.128906
0 0.953125 0.744141 0.093750 0.113281
0 0.853516 0.828125 0.089844 0.148438
0 0.919922 0.880859 0.066406 0.121094
0 0.771484 0.927734 0.089844 0.082031
0 0.871094 0.968750 0.093750 0.062500
