0 0.064453 0.035156 0.105469 0.062500
0 0.156250 0.089844 0.101562 0.117188
0 0.091797 0.212891 0.074219 0.089844
0 0.070312 0.291016 0.093750 0.082031
0 0.031250 0.390625 0.054688 0.117188
0 0.335938 0.042969 0.125000 0.078125
0 0.408203 0.082031 0.113281 0.117188
0 0.593750 0.056641 0.109375 0.097656
0 0.701172 0.048828 0.105469 0.089844
0 0.892578 0.037109 0.097656 0.066406
0 0.822266 0.126953 0.136719 0.128906
0 0.761719 0.271484 0.109375 0.105469
0 0.833984 0.320312 0.097656 0.117188
0 0.603516 0.193359 0.128906 0.121094
0 0.273438 0.185547 0.109375 0.128906
0 0.195312 0.378906 0.093750 0.117188
0 0.027344 0.580078 0.046875 0.113281
0 0.046875 0.902344 0.085938 0.109375
0 0.130859 0.880859 0.113281 0.121094
0 0.242188 0.960938 0.101562 0.078125
0 0.152344 0.617188 0.093750 0.187500
0 0.208984 0.742188 0.105469 0.085938
0 0.304688 0.832031 0.109375 0.085938
0 0.441406 0.912109 0.117188 0.128906
0 0.562500 0.937500 0.101562 0.109375
0 0.623047 0.808594 0.121094 0.132812
0 0.466797 0.779297 0.121094 0.121094
0 0.324219 0.703125 0.132812 0.140625
0 0.496094 0.611328 0.171875 0.144531
0 0.687500 0.685547 0.117188 0.113281
0 0.658203 0.556641 0.136719 0.121094
0 0.718750 0.412109 0.140625 0.113281
0 0.603516 0.386719 0.128906 0.125000
0 0.445312 0.453125 0.109375 0.101562
0 0.318359 0.521484 0.152344 0.128906
0 0.306641 0.375000 0.136719 0.140625
0 0.435547 0.269531 0.167969 0.148438
0 0.966797 0.576172 0.066406 0.136719
0 0.890625 0.830078 0.125000 0.128906
0 0.789062 0.943359 0.125000 0.113281
0 0.974609 0.939453 0.050781 0.121094
