0 0.939453 0.089844 0.097656 0.101562
0 0.777344 0.070312 0.109375 0.101562
0 0.792969 0.152344 0.109375 0.093750
0 0.896484 0.255859 0.074219 0.066406
0 0.878906 0.371094 0.093750 0.085938
0 0.832031 0.464844 0.101562 0.093750
0 0.896484 0.533203 0.089844 0.097656
0 0.687500 0.468750 0.101562 0.125000
0 0.812500 0.626953 0.156250 0.136719
0 0.671875 0.707031 0.101562 0.148438
0 0.892578 0.791016 0.097656 0.105469
0 0.974609 0.734375 0.050781 0.101562
0 0.974609 0.869141 0.050781 0.128906
0 0.894531 0.919922 0.117188 0.128906
0 0.617188 0.896484 0.125000 0.113281
0 0.296875 0.066406 0.093750 0.085938
0 0.138672 0.037109 0.113281 0.066406
0 0.095703 0.121094 0.105469 0.117188
0 0.220703 0.148438 0.097656 0.132812
0 0.365234 0.175781 0.152344 0.109375
0 0.361328 0.308594 0.152344 0.117188
0 0.529297 0.353516 0.113281 0.152344
0 0.394531 0.425781 0.109375 0.109375
0 0.425781 0.517578 0.101562 0.113281
0 0.537109 0.515625 0.089844 0.125000
0 0.042969 0.261719 0.078125 0.125000
0 0.103516 0.337891 0.121094 0.113281
0 0.160156 0.255859 0.101562 0.089844
0 0.216797 0.310547 0.097656 0.105469
0 0.105469 0.486328 0.125000 0.136719
0 0.271484 0.466797 0.097656 0.144531
0 0.378906 0.599609 0.117188 0.097656
0 0.464844 0.724609 0.117188 0.136719
0 0.351562 0.783203 0.117188 0.128906
0 0.447266 0.867188 0.097656 0.109375
0 0.300781 0.902344 0.109375 0.093750
0 0.185547 0.900391 0.105469 0.113281
0 0.248047 0.826172 0.113281 0.105469
0 0.291016 0.677734 0.113281 0.113281
0 0.222656 0.732422 0.093750 0.089844
0 0.214844 0.585938 0.132812 0.109375
0 0.181641 0.664062 0.097656 0.078125
0 0.089844 0.642578 0.085938 0.121094
0 0.113281 0.787109 0.101562 0.121094
0 0.738281 0.333984 0.125000 0.113281
