0 0.222656 0.091797 0.078125 0.144531
0 0.136719 0.076172 0.117188 0.144531
0 0.033203 0.091797 0.058594 0.097656
0 0.083984 0.205078 0.105469 0.105469
0 0.066406 0.326172 0.078125 0.082031
0 0.158203 0.250000 0.089844 0.070312
0 0.289062 0.296875 0.109375 0.109375
0 0.183594 0.410156 0.117188 0.093750
0 0.355469 0.400391 0.132812 0.105469
0 0.492188 0.410156 0.101562 0.132812
0 0.617188 0.496094 0.125000 0.132812
0 0.724609 0.607422 0.113281 0.113281
0 0.710938 0.904297 0.101562 0.121094
0 0.562500 0.621094 0.109375 0.117188
0 0.601562 0.734375 0.093750 0.109375
0 0.576172 0.873047 0.097656 0.121094
0 0.439453 0.546875 0.105469 0.109375
0 0.314453 0.533203 0.144531 0.121094
0 0.177734 0.568359 0.113281 0.105469
0 0.197266 0.724609 0.105469 0.105469
0 0.404297 0.683594 0.113281 0.125000
0 0.335938 0.796875 0.093750 0.078125
0 0.628906 0.304688 0.125000 0.093750
