0 0.968750 0.074219 0.062500 0.085938
0 0.964844 0.166016 0.070312 0.089844
0 0.900391 0.115234 0.082031 0.089844
0 0.917969 0.242188 0.093750 0.117188
0 0.960938 0.318359 0.078125 0.113281
0 0.941406 0.414062 0.117188 0.085938
0 0.898438 0.509766 0.078125 0.097656
0 0.962891 0.808594 0.074219 0.117188
0 0.949219 0.943359 0.101562 0.113281
0 0.919922 0.652344 0.074219 0.109375
0 0.884766 0.751953 0.089844 0.082031
0 0.886719 0.857422 0.070312 0.105469
0 0.695312 0.070312 0.085938 0.101562
0 0.613281 0.121094 0.093750 0.132812
0 0.542969 0.097656 0.085938 0.140625
0 0.552734 0.234375 0.082031 0.101562
0 0.531250 0.347656 0.085938 0.117188
0 0.689453 0.181641 0.082031 0.082031
0 0.640625 0.246094 0.085938 0.093750
0 0.578125 0.472656 0.117188 0.078125
0 0.681641 0.478516 0.074219 0.082031
0 0.603516 0.394531 0.082031 0.078125
0 0.753906 0.414062 0.101562 0.148438
0 0.736328 0.244141 0.082031 0.089844
0 0.667969 0.687500 0.117188 0.085938
0 0.783203 0.816406 0.050781 0.156250
0 0.714844 0.759766 0.109375 0.144531
0 0.615234 0.771484 0.097656 0.121094
0 0.572266 0.888672 0.136719 0.136719
0 0.722656 0.904297 0.101562 0.097656
0 0.466797 0.824219 0.066406 0.085938
0 0.435547 0.929688 0.074219 0.085938
0 0.511719 0.958984 0.101562 0.082031
0 0.345703 0.964844 0.066406 0.070312
0 0.382812 0.078125 0.101562 0.125000
0 0.279297 0.042969 0.113281 0.078125
0 0.265625 0.130859 0.101562 0.089844
0 0.335938 0.191406 0.109375 0.093750
0 0.308594 0.296875 0.070312 0.093750
0 0.230469 0.267578 0.093750 0.105469
0 0.173828 0.199219 0.113281 0.093750
0 0.171875 0.068359 0.078125 0.128906
0 0.394531 0.310547 0.085938 0.082031
0 0.421875 0.205078 0.062500 0.082031
0 0.382812 0.421875 0.109375 0.125000
0 0.191406 0.339844 0.085938 0.109375
0 0.263672 0.386719 0.097656 0.085938
0 0.294922 0.462891 0.066406 0.082031
0 0.222656 0.486328 0.093750 0.105469
0 0.365234 0.517578 0.089844 0.089844
0 0.378906 0.628906 0.117188 0.109375
0 0.269531 0.595703 0.109375 0.113281
0 0.302734 0.718750 0.082031 0.117188
0 0.021484 0.486328 0.035156 0.097656
0 0.042969 0.658203 0.078125 0.105469
0 0.115234 0.742188 0.066406 0.101562
0 0.048828 0.857422 0.082031 0.128906
0 0.046875 0.980469 0.085938 0.039062
0 0.162109 0.873047 0.089844 0.136719
