0 0.801758 0.796875 0.126953 0.226562
0 0.646484 0.844727 0.179688 0.212891
0 0.269531 0.791992 0.175781 0.154297
0 0.115234 0.786133 0.128906 0.134766
0 0.224609 0.616211 0.113281 0.189453
0 0.085938 0.642578 0.109375 0.140625
0 0.115234 0.480469 0.148438 0.175781
0 0.112305 0.959961 0.205078 0.080078
0 0.334961 0.958008 0.103516 0.080078
0 0.483398 0.801758 0.134766 0.126953
0 0.525391 0.672852 0.152344 0.130859
0 0.693359 0.652344 0.117188 0.125000
0 0.406250 0.537109 0.160156 0.210938
0 0.473633 0.393555 0.193359 0.201172
0 0.678711 0.477539 0.158203 0.208984
0 0.343750 0.111328 0.187500 0.179688
0 0.722656 0.077148 0.156250 0.146484
0 0.854492 0.162109 0.232422 0.210938
0 0.881836 0.391602 0.150391 0.208984
0 0.726562 0.258789 0.136719 0.177734
