0 0.075195 0.076172 0.130859 0.125000
0 0.058594 0.182617 0.101562 0.083984
0 0.071289 0.446289 0.130859 0.150391
0 0.137695 0.584961 0.185547 0.166016
0 0.148438 0.718750 0.140625 0.109375
0 0.259766 0.641602 0.125000 0.166016
0 0.188477 0.909180 0.197266 0.181641
0 0.373047 0.832031 0.242188 0.160156
0 0.220703 0.473633 0.136719 0.166016
0 0.321289 0.318359 0.095703 0.195312
0 0.418945 0.199219 0.259766 0.171875
0 0.492188 0.054688 0.136719 0.101562
0 0.688477 0.063477 0.251953 0.111328
0 0.937500 0.124023 0.125000 0.166016
0 0.782227 0.178711 0.193359 0.154297
0 0.867188 0.314453 0.265625 0.179688
0 0.701172 0.469727 0.152344 0.189453
0 0.834961 0.574219 0.162109 0.203125
0 0.961914 0.477539 0.076172 0.115234
0 0.638672 0.603516 0.171875 0.160156
0 0.387695 0.575195 0.197266 0.287109
0 0.603516 0.890625 0.179688 0.148438
0 0.713867 0.951172 0.130859 0.097656
0 0.826172 0.756836 0.160156 0.146484
0 0.084961 0.291992 0.154297 0.142578
