0 0.093750 0.058594 0.101562 0.109375
0 0.199219 0.096680 0.078125 0.166016
0 0.309570 0.131836 0.123047 0.138672
0 0.315430 0.029297 0.158203 0.054688
0 0.446289 0.078125 0.150391 0.144531
0 0.575195 0.169922 0.087891 0.140625
0 0.340820 0.285156 0.181641 0.144531
0 0.127930 0.389648 0.087891 0.126953
0 0.041016 0.446289 0.078125 0.146484
0 0.328125 0.481445 0.128906 0.158203
0 0.462891 0.503906 0.144531 0.164062
0 0.497070 0.298828 0.107422 0.128906
0 0.584961 0.396484 0.130859 0.199219
0 0.696289 0.287109 0.150391 0.132812
0 0.844727 0.329102 0.154297 0.126953
0 0.755859 0.173828 0.234375 0.187500
0 0.938477 0.262695 0.123047 0.123047
0 0.951172 0.450195 0.097656 0.177734
0 0.651367 0.614258 0.150391 0.162109
0 0.230469 0.574219 0.125000 0.207031
0 0.124023 0.670898 0.146484 0.185547
0 0.435547 0.714844 0.273438 0.210938
0 0.414062 0.895508 0.156250 0.115234
0 0.809570 0.562500 0.150391 0.171875
0 0.927734 0.600586 0.097656 0.134766
0 0.898438 0.748047 0.113281 0.160156
0 0.566406 0.890625 0.128906 0.097656
0 0.340820 0.971680 0.130859 0.056641
