0 0.064453 0.032227 0.125000 0.060547
0 0.032227 0.201172 0.060547 0.093750
0 0.122070 0.287109 0.177734 0.179688
0 0.071289 0.470703 0.134766 0.136719
0 0.039062 0.777344 0.074219 0.148438
0 0.041016 0.939453 0.078125 0.121094
0 0.116211 0.845703 0.130859 0.074219
0 0.204102 0.920898 0.130859 0.111328
0 0.267578 0.789062 0.136719 0.230469
0 0.386719 0.943359 0.167969 0.089844
0 0.410156 0.823242 0.136719 0.158203
0 0.302734 0.625000 0.128906 0.101562
0 0.502930 0.036133 0.119141 0.064453
0 0.652344 0.184570 0.082031 0.123047
0 0.695312 0.417969 0.121094 0.183594
0 0.820312 0.610352 0.156250 0.181641
0 0.954102 0.323242 0.091797 0.146484
0 0.946289 0.498047 0.107422 0.179688
0 0.956055 0.858398 0.087891 0.142578
0 0.837891 0.922852 0.144531 0.154297
0 0.680664 0.934570 0.150391 0.130859
0 0.560547 0.964844 0.078125 0.070312
0 0.653320 0.772461 0.169922 0.158203
0 0.606445 0.607422 0.111328 0.160156
0 0.705078 0.605469 0.074219 0.136719
0 0.451172 0.552734 0.171875 0.128906
