0 0.787109 0.476562 0.195312 0.187500
0 0.940430 0.512695 0.119141 0.177734
0 0.984375 0.630859 0.031250 0.125000
0 0.905273 0.677734 0.091797 0.101562
0 0.849609 0.282227 0.136719 0.111328
0 0.340820 0.113281 0.130859 0.175781
0 0.466797 0.181641 0.132812 0.175781
0 0.251953 0.474609 0.152344 0.128906
0 0.047852 0.301758 0.080078 0.091797
0 0.058594 0.660156 0.109375 0.144531
0 0.243164 0.701172 0.146484 0.160156
0 0.396484 0.578125 0.167969 0.152344
0 0.391602 0.758789 0.158203 0.181641
0 0.388672 0.426758 0.113281 0.134766
0 0.605469 0.696289 0.121094 0.169922
0 0.535156 0.838867 0.179688 0.158203
0 0.388672 0.938477 0.132812 0.115234
0 0.282227 0.840820 0.111328 0.126953
0 0.047852 0.861328 0.091797 0.148438
0 0.134766 0.894531 0.105469 0.070312
0 0.155273 0.970703 0.111328 0.058594
