0 0.387695 0.047852 0.111328 0.083984
0 0.833008 0.184570 0.115234 0.091797
0 0.959961 0.238281 0.064453 0.058594
0 0.968750 0.375000 0.062500 0.078125
0 0.971680 0.456055 0.056641 0.083984
0 0.978516 0.532227 0.042969 0.080078
0 0.861328 0.334961 0.105469 0.107422
0 0.915039 0.415039 0.095703 0.080078
0 0.928711 0.493164 0.068359 0.076172
0 0.844727 0.412109 0.087891 0.074219
0 0.844727 0.479492 0.099609 0.076172
0 0.764648 0.337891 0.076172 0.089844
0 0.698242 0.375977 0.076172 0.095703
0 0.770508 0.427734 0.083984 0.085938
0 0.701172 0.484375 0.074219 0.082031
0 0.618164 0.466797 0.091797 0.085938
0 0.671875 0.564453 0.070312 0.082031
0 0.727539 0.537109 0.072266 0.085938
0 0.406250 0.311523 0.101562 0.103516
0 0.386719 0.409180 0.078125 0.099609
0 0.445312 0.455078 0.082031 0.113281
0 0.527344 0.628906 0.117188 0.113281
0 0.679688 0.710938 0.109375 0.093750
0 0.739258 0.910156 0.091797 0.113281
0 0.419922 0.710938 0.109375 0.097656
0 0.310547 0.538086 0.105469 0.115234
0 0.154297 0.271484 0.105469 0.101562
0 0.041992 0.358398 0.080078 0.103516
0 0.105469 0.454102 0.101562 0.119141
0 0.019531 0.567383 0.035156 0.080078
0 0.129883 0.925781 0.107422 0.113281
0 0.240234 0.924805 0.089844 0.091797
0 0.044922 0.969727 0.085938 0.048828
0 0.292969 0.244141 0.105469 0.089844
