0 0.069336 0.260742 0.126953 0.123047
0 0.339844 0.191406 0.160156 0.089844
0 0.466797 0.264648 0.093750 0.099609
0 0.380859 0.288086 0.093750 0.080078
0 0.583008 0.407227 0.123047 0.115234
0 0.488281 0.434570 0.089844 0.107422
0 0.402344 0.470703 0.089844 0.097656
0 0.138672 0.415039 0.093750 0.087891
0 0.120117 0.508789 0.103516 0.080078
0 0.175781 0.574219 0.117188 0.085938
0 0.128906 0.628906 0.097656 0.070312
0 0.218750 0.673828 0.097656 0.097656
0 0.304688 0.708984 0.082031 0.125000
0 0.414062 0.644531 0.101562 0.105469
0 0.946289 0.353516 0.103516 0.093750
0 0.873047 0.214844 0.113281 0.093750
0 0.816406 0.330078 0.082031 0.085938
0 0.790039 0.792969 0.126953 0.105469
0 0.932617 0.932617 0.087891 0.103516
0 0.803711 0.919922 0.115234 0.097656
0 0.716797 0.874023 0.093750 0.095703
0 0.624023 0.924805 0.091797 0.107422
0 0.486328 0.950195 0.121094 0.099609
0 0.360352 0.939453 0.111328 0.105469
0 0.262695 0.905273 0.103516 0.107422
0 0.205078 0.822266 0.085938 0.097656
0 0.101562 0.761719 0.125000 0.121094
0 0.023438 0.790039 0.042969 0.126953
0 0.374023 0.737305 0.076172 0.080078
0 0.505859 0.696289 0.085938 0.091797
