0 0.772461 0.021484 0.080078 0.035156
0 0.966797 0.254883 0.066406 0.080078
0 0.946289 0.354492 0.083984 0.083984
0 0.954102 0.443359 0.091797 0.097656
0 0.962891 0.548828 0.074219 0.121094
0 0.752930 0.441406 0.107422 0.136719
0 0.607422 0.367188 0.140625 0.117188
0 0.442383 0.072266 0.107422 0.101562
0 0.556641 0.124023 0.113281 0.107422
0 0.318359 0.134766 0.046875 0.050781
0 0.359375 0.189453 0.074219 0.085938
0 0.397461 0.270508 0.111328 0.130859
0 0.488281 0.295898 0.078125 0.099609
0 0.583008 0.501953 0.115234 0.113281
0 0.647461 0.586914 0.107422 0.107422
0 0.524414 0.636719 0.103516 0.101562
0 0.490234 0.458984 0.105469 0.117188
0 0.428711 0.524414 0.087891 0.091797
0 0.372070 0.453125 0.107422 0.121094
0 0.256836 0.425781 0.111328 0.121094
0 0.094727 0.205078 0.123047 0.109375
0 0.064453 0.306641 0.105469 0.097656
0 0.202148 0.534180 0.095703 0.130859
0 0.333008 0.537109 0.115234 0.105469
0 0.398438 0.660156 0.144531 0.128906
0 0.434570 0.838867 0.115234 0.123047
0 0.976562 0.971680 0.046875 0.056641
0 0.436523 0.957031 0.103516 0.085938
0 0.322266 0.834961 0.109375 0.095703
0 0.352539 0.958984 0.107422 0.082031
0 0.141602 0.766602 0.095703 0.107422
