0 0.944336 0.123047 0.091797 0.097656
0 0.834961 0.156250 0.099609 0.078125
0 0.903320 0.227539 0.076172 0.130859
0 0.952148 0.394531 0.095703 0.140625
0 0.855469 0.323242 0.093750 0.103516
0 0.751953 0.336914 0.105469 0.123047
0 0.777344 0.228516 0.078125 0.093750
0 0.878906 0.455078 0.136719 0.144531
0 0.683594 0.490234 0.128906 0.132812
0 0.746094 0.731445 0.085938 0.083984
0 0.714844 0.647461 0.089844 0.103516
0 0.625977 0.592773 0.107422 0.103516
0 0.519531 0.597656 0.089844 0.121094
0 0.520508 0.717773 0.115234 0.099609
0 0.655273 0.710938 0.095703 0.089844
0 0.707031 0.793945 0.085938 0.076172
0 0.762695 0.935547 0.091797 0.097656
0 0.604492 0.957031 0.072266 0.085938
0 0.561523 0.813477 0.099609 0.095703
0 0.488281 0.907227 0.089844 0.083984
0 0.421875 0.943359 0.082031 0.054688
0 0.419922 0.857422 0.097656 0.093750
0 0.226562 0.875977 0.128906 0.091797
0 0.122070 0.932617 0.091797 0.083984
0 0.057617 0.974609 0.083984 0.042969
0 0.038086 0.812500 0.072266 0.093750
0 0.042969 0.721680 0.082031 0.072266
0 0.051758 0.646484 0.080078 0.093750
0 0.157227 0.704102 0.095703 0.107422
0 0.166992 0.458008 0.115234 0.099609
0 0.418945 0.239258 0.095703 0.099609
0 0.316406 0.194336 0.082031 0.083984
0 0.459961 0.171875 0.064453 0.074219
0 0.326172 0.074219 0.082031 0.101562
0 0.232422 0.114258 0.085938 0.091797
0 0.198242 0.027344 0.099609 0.050781
0 0.083008 0.023438 0.119141 0.042969
