0 0.336914 0.164062 0.107422 0.113281
0 0.441406 0.204102 0.101562 0.107422
0 0.459961 0.324219 0.095703 0.097656
0 0.444336 0.437500 0.099609 0.089844
0 0.381836 0.534180 0.076172 0.083984
0 0.337891 0.248047 0.097656 0.074219
0 0.205078 0.252930 0.097656 0.087891
0 0.385742 0.369141 0.095703 0.101562
0 0.234375 0.417969 0.117188 0.085938
0 0.249023 0.549805 0.107422 0.083984
0 0.119141 0.411133 0.097656 0.111328
0 0.018555 0.738281 0.033203 0.066406
0 0.083984 0.756836 0.078125 0.060547
0 0.069336 0.817383 0.103516 0.083984
0 0.055664 0.968750 0.095703 0.062500
0 0.163086 0.976562 0.107422 0.046875
0 0.265625 0.665039 0.082031 0.119141
0 0.450195 0.550781 0.056641 0.050781
0 0.474609 0.631836 0.128906 0.091797
0 0.362305 0.753906 0.095703 0.093750
0 0.445312 0.718750 0.117188 0.105469
0 0.536133 0.693359 0.060547 0.054688
0 0.595703 0.588867 0.097656 0.146484
0 0.625000 0.801758 0.093750 0.080078
0 0.526367 0.860352 0.076172 0.076172
0 0.529297 0.960938 0.070312 0.058594
0 0.608398 0.980469 0.068359 0.039062
0 0.676758 0.901367 0.083984 0.099609
0 0.773438 0.901367 0.078125 0.072266
0 0.795898 0.804688 0.107422 0.093750
0 0.968750 0.582031 0.062500 0.074219
0 0.592773 0.310547 0.107422 0.097656
0 0.678711 0.380859 0.126953 0.101562
0 0.696289 0.280273 0.083984 0.083984
0 0.606445 0.207031 0.107422 0.089844
0 0.855469 0.244141 0.066406 0.101562
0 0.744141 0.207031 0.085938 0.085938
0 0.885742 0.425781 0.064453 0.062500
