0 0.028320 0.026367 0.048828 0.048828
0 0.110352 0.024414 0.044922 0.041016
0 0.049805 0.130859 0.076172 0.101562
0 0.203125 0.046875 0.117188 0.074219
0 0.178711 0.088867 0.076172 0.056641
0 0.288086 0.115234 0.083984 0.093750
0 0.325195 0.197266 0.080078 0.093750
0 0.236328 0.165039 0.105469 0.103516
0 0.146484 0.228516 0.089844 0.121094
0 0.062500 0.242188 0.085938 0.105469
0 0.242188 0.271484 0.089844 0.089844
0 0.320312 0.279297 0.089844 0.078125
0 0.346680 0.375000 0.076172 0.109375
0 0.261719 0.363281 0.097656 0.082031
0 0.278320 0.473633 0.103516 0.123047
0 0.188477 0.405273 0.095703 0.099609
0 0.095703 0.366211 0.093750 0.091797
0 0.111328 0.454102 0.093750 0.087891
0 0.128906 0.548828 0.117188 0.101562
0 0.031250 0.947266 0.058594 0.097656
0 0.110352 0.959961 0.083984 0.080078
0 0.051758 0.854492 0.052734 0.068359
0 0.125000 0.784180 0.082031 0.072266
0 0.367188 0.853516 0.070312 0.058594
0 0.350586 0.939453 0.064453 0.070312
0 0.423828 0.959961 0.054688 0.060547
0 0.453125 0.886719 0.082031 0.089844
0 0.534180 0.878906 0.083984 0.085938
0 0.579102 0.983398 0.095703 0.033203
0 0.623047 0.835938 0.093750 0.078125
0 0.458984 0.791016 0.093750 0.078125
0 0.569336 0.785156 0.072266 0.078125
0 0.447266 0.590820 0.093750 0.080078
0 0.560547 0.656250 0.101562 0.113281
0 0.659180 0.733398 0.111328 0.119141
0 0.766602 0.789062 0.087891 0.160156
0 0.735352 0.916016 0.099609 0.085938
