0 0.919922 0.057617 0.101562 0.107422
0 0.975586 0.140625 0.048828 0.093750
0 0.933594 0.174805 0.070312 0.083984
0 0.948242 0.250000 0.068359 0.097656
0 0.944336 0.354492 0.087891 0.095703
0 0.838867 0.232422 0.068359 0.097656
0 0.775391 0.276367 0.082031 0.099609
0 0.748047 0.184570 0.054688 0.068359
0 0.700195 0.271484 0.068359 0.089844
0 0.816406 0.351562 0.058594 0.078125
0 0.454102 0.112305 0.115234 0.115234
0 0.540039 0.199219 0.087891 0.101562
0 0.566406 0.297852 0.101562 0.119141
0 0.503906 0.365234 0.074219 0.093750
0 0.451172 0.233398 0.070312 0.068359
0 0.416016 0.353516 0.082031 0.125000
0 0.263672 0.073242 0.066406 0.072266
0 0.196289 0.217773 0.083984 0.115234
0 0.364258 0.210938 0.064453 0.082031
0 0.345703 0.118164 0.085938 0.087891
0 0.280273 0.211914 0.064453 0.076172
0 0.314453 0.415039 0.093750 0.080078
0 0.356445 0.470703 0.087891 0.109375
0 0.303711 0.527344 0.099609 0.097656
0 0.093750 0.486328 0.074219 0.097656
0 0.046875 0.564453 0.082031 0.113281
0 0.163086 0.627930 0.091797 0.103516
0 0.221680 0.681641 0.076172 0.085938
0 0.167969 0.718750 0.070312 0.078125
0 0.083984 0.695312 0.082031 0.082031
0 0.060547 0.755859 0.085938 0.082031
0 0.143555 0.791016 0.080078 0.082031
0 0.216797 0.791992 0.097656 0.107422
0 0.243164 0.895508 0.068359 0.091797
0 0.083984 0.849609 0.078125 0.074219
0 0.033203 0.887695 0.062500 0.060547
0 0.314453 0.902344 0.050781 0.062500
0 0.390625 0.914062 0.078125 0.085938
0 0.448242 0.937500 0.076172 0.093750
0 0.470703 0.682617 0.074219 0.087891
0 0.588867 0.715820 0.103516 0.099609
0 0.590820 0.486328 0.095703 0.125000
0 0.577148 0.561523 0.041016 0.072266
0 0.672852 0.585938 0.087891 0.105469
0 0.750977 0.636719 0.099609 0.113281
0 0.689453 0.723633 0.074219 0.076172
0 0.657227 0.885742 0.087891 0.095703
0 0.578125 0.918945 0.074219 0.060547
0 0.622070 0.966797 0.083984 0.066406
0 0.429688 0.495117 0.078125 0.091797
0 0.801758 0.476562 0.052734 0.093750
0 0.726562 0.420898 0.105469 0.099609
0 0.924805 0.482422 0.080078 0.082031
0 0.962891 0.686523 0.074219 0.099609
0 0.857422 0.673828 0.121094 0.156250
0 0.825195 0.799805 0.095703 0.083984
0 0.918945 0.894531 0.107422 0.101562
0 0.968750 0.801758 0.062500 0.076172
0 0.903320 0.792969 0.076172 0.078125
0 0.973633 0.980469 0.052734 0.039062
