0 0.369141 0.067383 0.097656 0.107422
0 0.420898 0.189453 0.091797 0.101562
0 0.426758 0.299805 0.087891 0.107422
0 0.438477 0.450195 0.080078 0.091797
0 0.298828 0.531250 0.113281 0.082031
0 0.128906 0.553711 0.113281 0.083984
0 0.566406 0.598633 0.101562 0.083984
0 0.516602 0.472656 0.099609 0.097656
0 0.950195 0.094727 0.068359 0.072266
0 0.949219 0.194336 0.074219 0.064453
0 0.938477 0.283203 0.083984 0.085938
0 0.866211 0.209961 0.080078 0.076172
0 0.864258 0.327148 0.095703 0.091797
0 0.896484 0.420898 0.097656 0.095703
0 0.944336 0.538086 0.083984 0.111328
0 0.690430 0.543945 0.111328 0.099609
0 0.680664 0.639648 0.099609 0.083984
0 0.770508 0.676758 0.095703 0.095703
0 0.853516 0.723633 0.085938 0.087891
0 0.940430 0.853516 0.091797 0.117188
0 0.941406 0.954102 0.097656 0.091797
0 0.841797 0.955078 0.082031 0.089844
0 0.802734 0.582031 0.082031 0.085938
0 0.477539 0.032227 0.080078 0.052734
