0 0.043945 0.352539 0.080078 0.115234
0 0.194336 0.384766 0.103516 0.093750
0 0.266602 0.358398 0.060547 0.099609
0 0.227539 0.535156 0.111328 0.144531
0 0.105469 0.572266 0.097656 0.148438
0 0.125977 0.963867 0.080078 0.072266
0 0.217773 0.969727 0.091797 0.060547
0 0.398438 0.960938 0.074219 0.074219
0 0.459961 0.897461 0.091797 0.103516
0 0.369141 0.744141 0.128906 0.109375
0 0.300781 0.811523 0.105469 0.076172
0 0.472656 0.608398 0.140625 0.103516
0 0.596680 0.751953 0.123047 0.082031
0 0.643555 0.871094 0.076172 0.066406
0 0.722656 0.889648 0.082031 0.068359
0 0.872070 0.962891 0.091797 0.074219
0 0.981445 0.060547 0.037109 0.101562
0 0.944336 0.125977 0.099609 0.103516
0 0.925781 0.025391 0.093750 0.046875
0 0.649414 0.666992 0.119141 0.103516
