0 0.959961 0.057617 0.072266 0.080078
0 0.897461 0.051758 0.056641 0.072266
0 0.822266 0.041016 0.066406 0.058594
0 0.888672 0.111328 0.070312 0.097656
0 0.955078 0.125000 0.050781 0.074219
0 0.979492 0.240234 0.041016 0.070312
0 0.973633 0.164062 0.052734 0.070312
0 0.881836 0.184570 0.130859 0.064453
0 0.798828 0.101562 0.058594 0.054688
0 0.741211 0.093750 0.060547 0.121094
0 0.787109 0.166016 0.078125 0.050781
0 0.664062 0.062500 0.105469 0.085938
0 0.653320 0.164062 0.091797 0.089844
0 0.576172 0.027344 0.089844 0.050781
0 0.527344 0.059570 0.058594 0.080078
0 0.558594 0.125977 0.089844 0.103516
0 0.584961 0.236328 0.060547 0.101562
0 0.500977 0.196289 0.056641 0.060547
0 0.475586 0.263672 0.060547 0.062500
0 0.759766 0.215820 0.140625 0.068359
0 0.830078 0.265625 0.070312 0.101562
0 0.756836 0.325195 0.087891 0.091797
0 0.684570 0.278320 0.064453 0.091797
0 0.944336 0.384766 0.095703 0.089844
0 0.887695 0.486328 0.083984 0.089844
0 0.938477 0.569336 0.107422 0.076172
0 0.973633 0.667969 0.052734 0.097656
0 0.963867 0.812500 0.072266 0.082031
0 0.689453 0.375000 0.101562 0.105469
0 0.663086 0.448242 0.080078 0.068359
0 0.583984 0.429688 0.082031 0.093750
0 0.550781 0.325195 0.078125 0.060547
0 0.541016 0.472656 0.105469 0.066406
0 0.757812 0.573242 0.101562 0.099609
0 0.843750 0.604492 0.085938 0.064453
0 0.889648 0.665039 0.080078 0.080078
0 0.927734 0.735352 0.066406 0.072266
0 0.912109 0.795898 0.054688 0.056641
0 0.872070 0.829102 0.111328 0.068359
0 0.832031 0.878906 0.105469 0.085938
0 0.837891 0.967773 0.085938 0.064453
0 0.946289 0.946289 0.087891 0.087891
0 0.759766 0.748047 0.089844 0.074219
0 0.839844 0.741211 0.078125 0.076172
0 0.791016 0.663086 0.074219 0.083984
0 0.689453 0.718750 0.074219 0.085938
0 0.682617 0.630859 0.048828 0.066406
0 0.626953 0.558594 0.085938 0.101562
0 0.626953 0.655273 0.050781 0.048828
0 0.644531 0.785156 0.066406 0.062500
0 0.651367 0.866211 0.060547 0.052734
0 0.524414 0.914062 0.099609 0.058594
0 0.574219 0.961914 0.074219 0.076172
0 0.464844 0.971680 0.082031 0.056641
0 0.392578 0.963867 0.109375 0.072266
0 0.327148 0.921875 0.107422 0.121094
0 0.250000 0.905273 0.054688 0.091797
0 0.140625 0.976562 0.097656 0.046875
0 0.024414 0.973633 0.041016 0.044922
0 0.075195 0.941406 0.095703 0.082031
0 0.099609 0.883789 0.121094 0.072266
0 0.192383 0.890625 0.076172 0.097656
0 0.229492 0.777344 0.107422 0.136719
0 0.105469 0.809570 0.113281 0.068359
0 0.098633 0.728516 0.099609 0.101562
0 0.345703 0.824219 0.101562 0.101562
0 0.432617 0.798828 0.064453 0.085938
0 0.466797 0.839844 0.074219 0.082031
0 0.377930 0.728516 0.111328 0.070312
0 0.472656 0.752930 0.066406 0.095703
0 0.478516 0.619141 0.117188 0.093750
0 0.563477 0.673828 0.080078 0.085938
0 0.491211 0.522461 0.111328 0.083984
0 0.447266 0.444336 0.085938 0.095703
0 0.368164 0.383789 0.072266 0.072266
0 0.366211 0.481445 0.083984 0.107422
0 0.284180 0.432617 0.091797 0.072266
0 0.277344 0.508789 0.097656 0.095703
0 0.260742 0.583008 0.087891 0.052734
0 0.223633 0.665039 0.115234 0.091797
0 0.378906 0.041992 0.078125 0.064453
0 0.384766 0.117188 0.078125 0.089844
0 0.453125 0.123047 0.054688 0.062500
0 0.423828 0.192383 0.070312 0.068359
0 0.373047 0.210938 0.082031 0.085938
0 0.333984 0.293945 0.070312 0.099609
0 0.265625 0.292969 0.082031 0.089844
0 0.263672 0.371094 0.085938 0.078125
0 0.190430 0.326172 0.095703 0.078125
0 0.177734 0.419922 0.109375 0.097656
0 0.194336 0.478516 0.083984 0.070312
0 0.182617 0.544922 0.072266 0.082031
0 0.071289 0.475586 0.126953 0.080078
0 0.118164 0.539062 0.072266 0.078125
0 0.089844 0.605469 0.066406 0.058594
0 0.131836 0.641602 0.095703 0.076172
0 0.033203 0.621094 0.058594 0.054688
0 0.048828 0.559570 0.078125 0.076172
0 0.013672 0.701172 0.023438 0.085938
0 0.084961 0.409180 0.080078 0.087891
0 0.112305 0.332031 0.076172 0.089844
0 0.150391 0.270508 0.082031 0.064453
0 0.164062 0.099609 0.082031 0.089844
0 0.081055 0.126953 0.076172 0.105469
0 0.132812 0.205078 0.078125 0.082031
0 0.208984 0.179688 0.066406 0.074219
