0 0.967773 0.039062 0.064453 0.070312
0 0.941406 0.123047 0.074219 0.082031
0 0.910156 0.208984 0.050781 0.082031
0 0.848633 0.228516 0.095703 0.093750
0 0.775391 0.139648 0.074219 0.103516
0 0.844727 0.018555 0.130859 0.033203
0 0.888672 0.340820 0.109375 0.119141
0 0.986328 0.410156 0.027344 0.078125
0 0.969727 0.497070 0.060547 0.076172
0 0.839844 0.428711 0.074219 0.087891
0 0.898438 0.507812 0.066406 0.074219
0 0.928711 0.563477 0.072266 0.068359
0 0.851562 0.566406 0.093750 0.058594
0 0.825195 0.499023 0.091797 0.068359
0 0.772461 0.438477 0.083984 0.087891
0 0.795898 0.337891 0.087891 0.117188
0 0.888672 0.630859 0.113281 0.070312
0 0.968750 0.676758 0.062500 0.142578
0 0.895508 0.775391 0.091797 0.066406
0 0.954102 0.788086 0.076172 0.068359
0 0.888672 0.830078 0.093750 0.058594
0 0.819336 0.795898 0.080078 0.087891
0 0.806641 0.707031 0.074219 0.097656
0 0.960938 0.968750 0.070312 0.062500
0 0.477539 0.023438 0.095703 0.042969
0 0.507812 0.090820 0.105469 0.083984
0 0.558594 0.169922 0.109375 0.070312
0 0.619141 0.208984 0.050781 0.074219
0 0.591797 0.263672 0.062500 0.058594
0 0.675781 0.260742 0.082031 0.080078
0 0.722656 0.330078 0.066406 0.085938
0 0.662109 0.393555 0.097656 0.099609
0 0.553711 0.376953 0.091797 0.093750
0 0.582031 0.447266 0.097656 0.070312
0 0.750000 0.567383 0.093750 0.099609
0 0.666016 0.624023 0.105469 0.119141
0 0.716797 0.708984 0.089844 0.085938
0 0.734375 0.836914 0.105469 0.068359
0 0.640625 0.875977 0.093750 0.076172
0 0.681641 0.950195 0.101562 0.076172
0 0.604492 0.951172 0.083984 0.097656
0 0.236328 0.054688 0.089844 0.078125
0 0.042969 0.017578 0.078125 0.027344
0 0.084961 0.048828 0.041016 0.078125
0 0.043945 0.059570 0.044922 0.068359
0 0.039062 0.115234 0.070312 0.046875
0 0.143555 0.084961 0.091797 0.103516
0 0.115234 0.167969 0.109375 0.089844
0 0.215820 0.125000 0.099609 0.042969
0 0.241211 0.156250 0.044922 0.039062
0 0.253906 0.195312 0.070312 0.054688
0 0.405273 0.081055 0.083984 0.095703
0 0.317383 0.082031 0.064453 0.093750
0 0.330078 0.153320 0.070312 0.060547
0 0.379883 0.219727 0.068359 0.099609
0 0.457031 0.231445 0.117188 0.087891
0 0.537109 0.236328 0.085938 0.078125
0 0.459961 0.301758 0.087891 0.087891
0 0.470703 0.382812 0.093750 0.085938
0 0.513672 0.472656 0.074219 0.093750
0 0.287109 0.251953 0.097656 0.078125
0 0.135742 0.244141 0.095703 0.074219
0 0.032227 0.212891 0.060547 0.089844
0 0.074219 0.287109 0.105469 0.074219
0 0.043945 0.363281 0.072266 0.121094
0 0.201172 0.287109 0.093750 0.062500
0 0.251953 0.338867 0.082031 0.087891
0 0.195312 0.371094 0.089844 0.058594
0 0.150391 0.326172 0.066406 0.070312
0 0.170898 0.466797 0.107422 0.082031
0 0.232422 0.507812 0.093750 0.105469
0 0.125977 0.557617 0.095703 0.091797
0 0.072266 0.607422 0.066406 0.074219
0 0.138672 0.644531 0.074219 0.078125
0 0.208008 0.599609 0.076172 0.078125
0 0.292969 0.604492 0.078125 0.072266
0 0.290039 0.684570 0.068359 0.091797
0 0.342773 0.718750 0.068359 0.085938
0 0.417969 0.439453 0.085938 0.070312
0 0.387695 0.354492 0.076172 0.119141
0 0.327148 0.315430 0.087891 0.076172
0 0.465820 0.559570 0.095703 0.091797
0 0.479492 0.635742 0.072266 0.080078
0 0.504883 0.676758 0.064453 0.068359
0 0.424805 0.718750 0.099609 0.085938
0 0.216797 0.706055 0.109375 0.072266
0 0.272461 0.768555 0.068359 0.091797
0 0.222656 0.832031 0.089844 0.062500
0 0.174805 0.784180 0.091797 0.080078
0 0.102539 0.810547 0.076172 0.066406
0 0.017578 0.708008 0.031250 0.091797
0 0.055664 0.736328 0.095703 0.066406
0 0.035156 0.806641 0.066406 0.078125
0 0.047852 0.882812 0.060547 0.078125
0 0.025391 0.913086 0.046875 0.103516
0 0.105469 0.908203 0.089844 0.062500
0 0.183594 0.900391 0.058594 0.062500
0 0.254883 0.892578 0.091797 0.066406
0 0.329102 0.938477 0.080078 0.099609
0 0.398438 0.938477 0.058594 0.048828
0 0.166992 0.964844 0.076172 0.070312
