0 0.103516 0.017578 0.082031 0.031250
0 0.098633 0.068359 0.107422 0.074219
0 0.025391 0.118164 0.046875 0.107422
0 0.018555 0.242188 0.033203 0.093750
0 0.127930 0.150391 0.087891 0.093750
0 0.092773 0.250000 0.060547 0.058594
0 0.034180 0.319336 0.064453 0.060547
0 0.179688 0.078125 0.058594 0.078125
0 0.226562 0.076172 0.062500 0.085938
0 0.318359 0.030273 0.085938 0.056641
0 0.399414 0.053711 0.076172 0.091797
0 0.473633 0.044922 0.080078 0.082031
0 0.393555 0.137695 0.083984 0.072266
0 0.324219 0.099609 0.101562 0.082031
0 0.256836 0.153320 0.091797 0.099609
0 0.332031 0.207031 0.085938 0.062500
0 0.243164 0.253906 0.087891 0.074219
0 0.145508 0.256836 0.080078 0.095703
0 0.105469 0.351562 0.093750 0.109375
0 0.034180 0.436523 0.064453 0.111328
0 0.125000 0.439453 0.113281 0.097656
0 0.204102 0.322266 0.083984 0.089844
0 0.193359 0.402344 0.093750 0.085938
0 0.294922 0.310547 0.050781 0.093750
0 0.269531 0.379883 0.066406 0.072266
0 0.160156 0.506836 0.109375 0.080078
0 0.175781 0.587891 0.085938 0.070312
0 0.259766 0.620117 0.074219 0.060547
0 0.279297 0.467773 0.105469 0.068359
0 0.334961 0.509766 0.068359 0.074219
0 0.325195 0.588867 0.064453 0.083984
0 0.361328 0.441406 0.058594 0.109375
0 0.396484 0.349609 0.062500 0.093750
0 0.437500 0.275391 0.050781 0.082031
0 0.360352 0.287109 0.072266 0.117188
0 0.427734 0.445312 0.085938 0.074219
0 0.518555 0.355469 0.044922 0.054688
0 0.526367 0.429688 0.056641 0.066406
0 0.697266 0.011719 0.097656 0.015625
0 0.783203 0.035156 0.089844 0.062500
0 0.743164 0.097656 0.068359 0.089844
0 0.784180 0.174805 0.099609 0.083984
0 0.873047 0.166016 0.089844 0.082031
0 0.909180 0.062500 0.064453 0.093750
0 0.857422 0.023438 0.093750 0.042969
0 0.830078 0.084961 0.101562 0.103516
0 0.958984 0.032227 0.082031 0.060547
0 0.611328 0.177734 0.085938 0.097656
0 0.539062 0.274414 0.066406 0.091797
0 0.580078 0.329102 0.078125 0.052734
0 0.680664 0.198242 0.091797 0.091797
0 0.717773 0.256836 0.068359 0.080078
0 0.611328 0.264648 0.093750 0.076172
0 0.660156 0.322266 0.082031 0.050781
0 0.854492 0.257812 0.091797 0.089844
0 0.955078 0.278320 0.062500 0.068359
0 0.805664 0.322266 0.087891 0.105469
0 0.913086 0.358398 0.115234 0.111328
0 0.977539 0.420898 0.044922 0.095703
0 0.919922 0.427734 0.066406 0.054688
0 0.867188 0.476562 0.078125 0.074219
0 0.890625 0.547852 0.089844 0.080078
0 0.961914 0.523438 0.076172 0.101562
0 0.702148 0.416992 0.103516 0.095703
0 0.609375 0.394531 0.097656 0.070312
0 0.560547 0.458984 0.070312 0.085938
0 0.604492 0.514648 0.083984 0.107422
0 0.718750 0.510742 0.109375 0.115234
0 0.683594 0.609375 0.105469 0.101562
0 0.618164 0.631836 0.087891 0.107422
0 0.484375 0.540039 0.109375 0.087891
0 0.546875 0.604492 0.070312 0.091797
0 0.569336 0.695312 0.064453 0.097656
0 0.476562 0.668945 0.113281 0.111328
0 0.362305 0.685547 0.087891 0.093750
0 0.419922 0.746094 0.066406 0.078125
0 0.498047 0.746094 0.089844 0.078125
0 0.293945 0.739258 0.095703 0.080078
0 0.217773 0.783203 0.111328 0.093750
0 0.200195 0.875977 0.095703 0.091797
0 0.049805 0.961914 0.095703 0.068359
0 0.132812 0.945312 0.093750 0.070312
0 0.198242 0.973633 0.083984 0.052734
0 0.301758 0.823242 0.080078 0.099609
0 0.397461 0.834961 0.123047 0.080078
0 0.318359 0.913086 0.109375 0.103516
0 0.451172 0.890625 0.066406 0.085938
0 0.422852 0.968750 0.087891 0.062500
0 0.761719 0.661133 0.097656 0.087891
0 0.840820 0.654297 0.095703 0.089844
0 0.862305 0.728516 0.083984 0.097656
0 0.821289 0.810547 0.083984 0.085938
0 0.726562 0.816406 0.109375 0.074219
0 0.716797 0.728516 0.070312 0.085938
0 0.671875 0.837891 0.070312 0.050781
0 0.685547 0.887695 0.074219 0.056641
0 0.667969 0.933594 0.070312 0.058594
0 0.524414 0.899414 0.076172 0.072266
0 0.589844 0.920898 0.082031 0.091797
0 0.558594 0.974609 0.085938 0.050781
0 0.489258 0.982422 0.064453 0.031250
0 0.966797 0.713867 0.066406 0.115234
0 0.963867 0.880859 0.072266 0.070312
0 0.890625 0.943359 0.078125 0.074219
