0 0.974609 0.849609 0.050781 0.085938
0 0.916992 0.899414 0.080078 0.072266
0 0.929688 0.815430 0.089844 0.083984
0 0.942383 0.968750 0.080078 0.062500
0 0.947266 0.620117 0.058594 0.064453
0 0.958008 0.698242 0.064453 0.056641
0 0.977539 0.583984 0.044922 0.046875
0 0.959961 0.522461 0.080078 0.068359
0 0.904297 0.458984 0.054688 0.093750
0 0.909180 0.317383 0.080078 0.087891
0 0.969727 0.327148 0.060547 0.080078
0 0.929688 0.243164 0.101562 0.126953
0 0.856445 0.063477 0.083984 0.076172
0 0.938477 0.056641 0.087891 0.082031
0 0.960938 0.098633 0.054688 0.083984
0 0.971680 0.200195 0.056641 0.095703
0 0.831055 0.166016 0.083984 0.121094
0 0.839844 0.255859 0.070312 0.089844
0 0.789062 0.091797 0.082031 0.074219
0 0.772461 0.036133 0.091797 0.068359
0 0.723633 0.120117 0.080078 0.095703
0 0.687500 0.076172 0.050781 0.074219
0 0.601562 0.045898 0.101562 0.087891
0 0.392578 0.031250 0.109375 0.058594
0 0.396484 0.078125 0.097656 0.050781
0 0.488281 0.066406 0.066406 0.093750
0 0.449219 0.146484 0.046875 0.097656
0 0.507812 0.175781 0.070312 0.085938
0 0.703125 0.249023 0.085938 0.048828
0 0.750977 0.301758 0.080078 0.107422
0 0.769531 0.393555 0.097656 0.072266
0 0.717773 0.433594 0.068359 0.054688
0 0.772461 0.488281 0.095703 0.089844
0 0.748047 0.563477 0.078125 0.083984
0 0.777344 0.638672 0.070312 0.078125
0 0.754883 0.710938 0.076172 0.070312
0 0.691406 0.657227 0.097656 0.080078
0 0.691406 0.750000 0.074219 0.066406
0 0.815430 0.771484 0.076172 0.085938
0 0.657227 0.296875 0.068359 0.062500
0 0.671875 0.375977 0.074219 0.087891
0 0.643555 0.437500 0.076172 0.066406
0 0.685547 0.501953 0.093750 0.082031
0 0.628906 0.554688 0.046875 0.093750
0 0.584961 0.317383 0.052734 0.095703
0 0.598633 0.179688 0.052734 0.058594
0 0.502930 0.285156 0.154297 0.117188
0 0.405273 0.392578 0.072266 0.078125
0 0.483398 0.395508 0.064453 0.076172
0 0.537109 0.430664 0.078125 0.095703
0 0.573242 0.489258 0.091797 0.068359
0 0.489258 0.470703 0.087891 0.089844
0 0.496094 0.556641 0.082031 0.074219
0 0.386719 0.460938 0.101562 0.070312
0 0.446289 0.538086 0.080078 0.068359
0 0.345703 0.416992 0.082031 0.068359
0 0.348633 0.345703 0.076172 0.074219
0 0.264648 0.368164 0.083984 0.076172
0 0.260742 0.307617 0.083984 0.037109
0 0.189453 0.076172 0.101562 0.109375
0 0.197266 0.220703 0.066406 0.078125
0 0.270508 0.244141 0.064453 0.074219
0 0.183594 0.354492 0.058594 0.060547
0 0.183594 0.488281 0.085938 0.078125
0 0.270508 0.577148 0.083984 0.095703
0 0.374023 0.601562 0.111328 0.085938
0 0.041992 0.178711 0.072266 0.103516
0 0.025391 0.437500 0.042969 0.089844
0 0.531250 0.600586 0.109375 0.076172
0 0.624023 0.650391 0.072266 0.097656
0 0.569336 0.665039 0.087891 0.083984
0 0.460938 0.689453 0.085938 0.125000
0 0.463867 0.793945 0.056641 0.083984
0 0.525391 0.815430 0.078125 0.068359
0 0.578125 0.737305 0.082031 0.076172
0 0.589844 0.805664 0.058594 0.052734
0 0.256836 0.766602 0.080078 0.087891
0 0.320312 0.815430 0.062500 0.080078
0 0.171875 0.782227 0.082031 0.095703
0 0.170898 0.879883 0.083984 0.095703
0 0.243164 0.843750 0.095703 0.078125
0 0.263672 0.906250 0.093750 0.058594
0 0.324219 0.884766 0.054688 0.082031
0 0.403320 0.908203 0.072266 0.101562
0 0.483398 0.905273 0.076172 0.091797
0 0.363281 0.970703 0.089844 0.058594
0 0.465820 0.970703 0.099609 0.058594
0 0.543945 0.946289 0.064453 0.068359
0 0.544922 0.874023 0.058594 0.064453
0 0.595703 0.908203 0.058594 0.066406
