0 0.042969 0.169922 0.070312 0.054688
0 0.135742 0.173828 0.099609 0.062500
0 0.213867 0.086914 0.064453 0.099609
0 0.210938 0.022461 0.054688 0.037109
0 0.145508 0.041016 0.083984 0.078125
0 0.274414 0.041992 0.048828 0.080078
0 0.354492 0.047852 0.107422 0.076172
0 0.464844 0.022461 0.093750 0.041016
0 0.422852 0.103516 0.060547 0.101562
0 0.606445 0.027344 0.060547 0.050781
0 0.626953 0.102539 0.082031 0.080078
0 0.559570 0.164062 0.099609 0.074219
0 0.465820 0.157227 0.095703 0.080078
0 0.617188 0.173828 0.093750 0.093750
0 0.724609 0.147461 0.125000 0.083984
0 0.781250 0.214844 0.050781 0.078125
0 0.755859 0.281250 0.070312 0.082031
0 0.816406 0.112305 0.082031 0.080078
0 0.832031 0.021484 0.050781 0.039062
0 0.889648 0.020508 0.060547 0.037109
0 0.890625 0.085938 0.082031 0.074219
0 0.986328 0.120117 0.027344 0.068359
0 0.938477 0.139648 0.044922 0.076172
0 0.877930 0.168945 0.072266 0.064453
0 0.942383 0.254883 0.076172 0.076172
0 0.976562 0.344727 0.046875 0.083984
0 0.896484 0.396484 0.085938 0.074219
0 0.869141 0.291016 0.074219 0.093750
0 0.848633 0.354492 0.056641 0.072266
0 0.825195 0.250977 0.072266 0.103516
0 0.616211 0.322266 0.107422 0.085938
0 0.536133 0.273438 0.048828 0.089844
0 0.244141 0.152344 0.074219 0.070312
0 0.199219 0.218750 0.070312 0.093750
0 0.344727 0.170898 0.099609 0.091797
0 0.438477 0.224609 0.080078 0.078125
0 0.479492 0.254883 0.060547 0.080078
0 0.444336 0.315430 0.083984 0.056641
0 0.371094 0.349609 0.078125 0.070312
0 0.268555 0.339844 0.126953 0.070312
0 0.119141 0.244141 0.105469 0.070312
0 0.129883 0.327148 0.076172 0.076172
0 0.040039 0.373047 0.072266 0.062500
0 0.090820 0.402344 0.083984 0.078125
0 0.186523 0.365234 0.107422 0.062500
0 0.266602 0.386719 0.083984 0.070312
0 0.296875 0.476562 0.050781 0.125000
0 0.340820 0.521484 0.080078 0.097656
0 0.412109 0.567383 0.089844 0.052734
0 0.487305 0.517578 0.072266 0.113281
0 0.470703 0.362305 0.082031 0.064453
0 0.518555 0.397461 0.064453 0.099609
0 0.607422 0.388672 0.109375 0.062500
0 0.541016 0.527344 0.062500 0.089844
0 0.641602 0.549805 0.080078 0.072266
0 0.707031 0.548828 0.066406 0.093750
0 0.757812 0.554688 0.074219 0.046875
0 0.818359 0.618164 0.070312 0.072266
0 0.870117 0.663086 0.064453 0.083984
0 0.877930 0.754883 0.056641 0.099609
0 0.933594 0.734375 0.042969 0.062500
0 0.977539 0.779297 0.044922 0.101562
0 0.919922 0.819336 0.074219 0.087891
0 0.967773 0.883789 0.064453 0.087891
0 0.980469 0.976562 0.039062 0.046875
0 0.883789 0.910156 0.087891 0.097656
0 0.795898 0.742188 0.126953 0.097656
0 0.669922 0.649414 0.062500 0.083984
0 0.730469 0.599609 0.136719 0.066406
0 0.708984 0.728516 0.078125 0.093750
0 0.519531 0.707031 0.089844 0.078125
0 0.599609 0.698242 0.078125 0.080078
0 0.653320 0.774414 0.076172 0.099609
0 0.642578 0.871094 0.066406 0.089844
0 0.808594 0.833008 0.121094 0.083984
0 0.729492 0.895508 0.111328 0.103516
0 0.752930 0.966797 0.123047 0.066406
0 0.567383 0.764648 0.083984 0.076172
0 0.558594 0.851562 0.109375 0.093750
0 0.540039 0.946289 0.091797 0.076172
0 0.605469 0.947266 0.074219 0.066406
0 0.451172 0.941406 0.066406 0.105469
0 0.360352 0.601562 0.080078 0.066406
0 0.437500 0.630859 0.070312 0.078125
0 0.435547 0.711914 0.070312 0.095703
0 0.349609 0.782227 0.097656 0.072266
0 0.440430 0.837891 0.052734 0.074219
0 0.375977 0.858398 0.080078 0.072266
0 0.331055 0.894531 0.080078 0.066406
0 0.269531 0.906250 0.058594 0.070312
0 0.262695 0.839844 0.076172 0.046875
0 0.209961 0.748047 0.087891 0.128906
0 0.134766 0.669922 0.082031 0.078125
0 0.043945 0.677734 0.083984 0.078125
0 0.103516 0.848633 0.113281 0.083984
0 0.025391 0.901367 0.046875 0.064453
0 0.079102 0.956055 0.099609 0.076172
0 0.139648 0.916016 0.064453 0.066406
0 0.191406 0.951172 0.058594 0.046875
0 0.175781 0.980469 0.066406 0.035156
0 0.079102 0.736328 0.080078 0.058594
