0 0.063477 0.055664 0.123047 0.103516
0 0.089844 0.159180 0.101562 0.119141
0 0.190430 0.218750 0.095703 0.117188
0 0.150391 0.344727 0.097656 0.107422
0 0.074219 0.406250 0.082031 0.074219
0 0.041992 0.593750 0.080078 0.164062
0 0.058594 0.925781 0.109375 0.144531
0 0.198242 0.932617 0.142578 0.115234
0 0.290039 0.834961 0.142578 0.111328
0 0.123047 0.822266 0.109375 0.113281
0 0.264648 0.626953 0.095703 0.152344
0 0.357422 0.922852 0.140625 0.134766
0 0.420898 0.789062 0.150391 0.121094
0 0.553711 0.804688 0.115234 0.125000
0 0.401367 0.670898 0.154297 0.103516
0 0.531250 0.610352 0.125000 0.134766
0 0.336914 0.549805 0.166016 0.154297
0 0.351562 0.409180 0.175781 0.107422
0 0.503906 0.463867 0.144531 0.134766
0 0.622070 0.541016 0.119141 0.140625
0 0.653320 0.666992 0.099609 0.134766
0 0.773438 0.543945 0.113281 0.201172
0 0.920898 0.583008 0.158203 0.169922
0 0.846680 0.685547 0.142578 0.113281
0 0.981445 0.682617 0.037109 0.091797
0 0.975586 0.791016 0.048828 0.105469
0 0.842773 0.866211 0.201172 0.169922
0 0.872070 0.968750 0.173828 0.062500
0 0.662109 0.931641 0.101562 0.097656
0 0.437500 0.067383 0.109375 0.115234
0 0.547852 0.038086 0.119141 0.072266
0 0.525391 0.119141 0.113281 0.085938
0 0.616211 0.075195 0.068359 0.087891
0 0.726562 0.133789 0.125000 0.142578
0 0.865234 0.045898 0.140625 0.083984
0 0.899414 0.147461 0.134766 0.134766
0 0.857422 0.280273 0.148438 0.150391
0 0.733398 0.342773 0.158203 0.130859
0 0.639648 0.263672 0.142578 0.156250
0 0.918945 0.400391 0.150391 0.160156
