0 0.942383 0.099609 0.115234 0.156250
0 0.902344 0.237305 0.125000 0.130859
0 0.732422 0.179688 0.121094 0.140625
0 0.531250 0.074219 0.089844 0.117188
0 0.616211 0.195312 0.103516 0.128906
0 0.844727 0.320312 0.119141 0.121094
0 0.351562 0.069336 0.179688 0.126953
0 0.201172 0.066406 0.144531 0.121094
0 0.059570 0.101562 0.107422 0.132812
0 0.122070 0.190430 0.107422 0.123047
0 0.044922 0.279297 0.085938 0.148438
0 0.317383 0.254883 0.134766 0.158203
0 0.398438 0.148438 0.175781 0.105469
0 0.531250 0.221680 0.109375 0.142578
0 0.295898 0.414062 0.123047 0.125000
0 0.621094 0.300781 0.097656 0.148438
0 0.546875 0.426758 0.117188 0.142578
0 0.429688 0.485352 0.148438 0.115234
0 0.911133 0.479492 0.154297 0.205078
0 0.969727 0.579102 0.060547 0.123047
0 0.802734 0.655273 0.152344 0.130859
0 0.664062 0.655273 0.132812 0.126953
0 0.605469 0.541016 0.128906 0.136719
0 0.921875 0.718750 0.109375 0.167969
0 0.948242 0.885742 0.103516 0.130859
0 0.900391 0.964844 0.148438 0.070312
0 0.833984 0.898438 0.082031 0.152344
0 0.670898 0.789062 0.158203 0.125000
0 0.586914 0.926758 0.072266 0.126953
0 0.524414 0.916992 0.099609 0.142578
0 0.384766 0.581055 0.148438 0.119141
0 0.262695 0.706055 0.158203 0.193359
0 0.242188 0.889648 0.101562 0.138672
0 0.118164 0.954102 0.166016 0.091797
0 0.091797 0.833984 0.148438 0.136719
