0 0.064453 0.082031 0.121094 0.117188
0 0.188477 0.115234 0.123047 0.089844
0 0.315430 0.079102 0.142578 0.138672
0 0.421875 0.042969 0.101562 0.082031
0 0.091797 0.262695 0.105469 0.103516
0 0.072266 0.387695 0.136719 0.107422
0 0.048828 0.583984 0.089844 0.128906
0 0.115234 0.643555 0.097656 0.072266
0 0.184570 0.584961 0.115234 0.083984
0 0.095703 0.500000 0.136719 0.085938
0 0.179688 0.461914 0.089844 0.095703
0 0.252930 0.435547 0.107422 0.121094
0 0.283203 0.290039 0.089844 0.142578
0 0.358398 0.178711 0.130859 0.099609
0 0.495117 0.143555 0.130859 0.087891
0 0.408203 0.278320 0.187500 0.177734
0 0.570312 0.217773 0.164062 0.166016
0 0.668945 0.303711 0.091797 0.123047
0 0.597656 0.377930 0.125000 0.138672
0 0.553711 0.502930 0.138672 0.119141
0 0.330078 0.539062 0.148438 0.089844
0 0.404297 0.708008 0.167969 0.115234
0 0.269531 0.770508 0.171875 0.181641
0 0.143555 0.969727 0.134766 0.060547
0 0.417969 0.855469 0.140625 0.167969
0 0.511719 0.831055 0.085938 0.185547
0 0.438477 0.975586 0.091797 0.048828
0 0.673828 0.097656 0.109375 0.167969
0 0.772461 0.132812 0.115234 0.156250
0 0.870117 0.062500 0.208984 0.121094
0 0.741211 0.256836 0.142578 0.158203
0 0.874023 0.330078 0.146484 0.093750
0 0.965820 0.300781 0.068359 0.125000
0 0.858398 0.445312 0.138672 0.117188
0 0.892578 0.596680 0.132812 0.177734
0 0.738281 0.457031 0.140625 0.117188
0 0.687500 0.581055 0.136719 0.134766
0 0.783203 0.676758 0.160156 0.119141
0 0.771484 0.851562 0.136719 0.195312
0 0.637695 0.650391 0.134766 0.113281
0 0.648438 0.755859 0.105469 0.097656
0 0.619141 0.881836 0.093750 0.115234
0 0.578125 0.964844 0.140625 0.070312
0 0.713867 0.966797 0.130859 0.066406
0 0.843750 0.974609 0.089844 0.050781
0 0.941406 0.959961 0.117188 0.080078
