0 0.074219 0.084961 0.125000 0.150391
0 0.075195 0.215820 0.130859 0.130859
0 0.215820 0.166992 0.091797 0.166016
0 0.129883 0.317383 0.150391 0.154297
0 0.044922 0.401367 0.078125 0.212891
0 0.159180 0.508789 0.185547 0.173828
0 0.082031 0.644531 0.156250 0.109375
0 0.100586 0.930664 0.142578 0.138672
0 0.249023 0.869141 0.158203 0.128906
0 0.362305 0.937500 0.072266 0.125000
0 0.297852 0.767578 0.142578 0.136719
0 0.452148 0.757812 0.126953 0.140625
0 0.306641 0.599609 0.140625 0.191406
0 0.491211 0.599609 0.146484 0.132812
0 0.563477 0.669922 0.103516 0.144531
0 0.605469 0.558594 0.062500 0.109375
0 0.472656 0.478516 0.207031 0.132812
0 0.282227 0.429688 0.107422 0.164062
0 0.345703 0.305664 0.191406 0.115234
0 0.391602 0.213867 0.162109 0.146484
0 0.256836 0.050781 0.130859 0.097656
0 0.413086 0.060547 0.123047 0.117188
0 0.529297 0.123047 0.140625 0.210938
0 0.610352 0.278320 0.158203 0.146484
0 0.554688 0.382812 0.101562 0.136719
0 0.646484 0.440430 0.140625 0.126953
0 0.827148 0.278320 0.150391 0.177734
0 0.763672 0.376953 0.125000 0.128906
0 0.827148 0.083984 0.134766 0.125000
0 0.676758 0.171875 0.099609 0.117188
0 0.694336 0.040039 0.123047 0.072266
0 0.976562 0.072266 0.046875 0.125000
0 0.632812 0.083008 0.074219 0.083984
0 0.591797 0.200195 0.066406 0.056641
0 0.901367 0.439453 0.197266 0.117188
0 0.769531 0.531250 0.167969 0.148438
0 0.686523 0.681641 0.126953 0.167969
0 0.727539 0.849609 0.146484 0.144531
0 0.884766 0.946289 0.156250 0.107422
0 0.963867 0.876953 0.072266 0.187500
0 0.569336 0.928711 0.177734 0.091797
0 0.698242 0.958008 0.146484 0.083984
