0 0.736328 0.461914 0.085938 0.076172
0 0.801758 0.552734 0.115234 0.093750
0 0.963867 0.971680 0.072266 0.056641
0 0.939453 0.902344 0.097656 0.101562
0 0.878906 0.958984 0.085938 0.082031
0 0.835938 0.873047 0.117188 0.101562
0 0.843750 0.774414 0.113281 0.099609
0 0.743164 0.816406 0.083984 0.093750
0 0.810547 0.674805 0.109375 0.099609
0 0.678711 0.727539 0.115234 0.115234
0 0.573242 0.649414 0.130859 0.115234
0 0.629883 0.522461 0.130859 0.115234
0 0.501953 0.502930 0.136719 0.107422
0 0.453125 0.421875 0.113281 0.097656
0 0.421875 0.325195 0.121094 0.091797
0 0.783203 0.951172 0.066406 0.074219
0 0.709961 0.959961 0.095703 0.080078
0 0.708984 0.893555 0.089844 0.076172
0 0.615234 0.916016 0.085938 0.097656
0 0.494141 0.919922 0.082031 0.085938
0 0.574219 0.749023 0.097656 0.076172
0 0.672852 0.814453 0.072266 0.070312
0 0.245117 0.961914 0.103516 0.076172
0 0.305664 0.890625 0.107422 0.097656
0 0.398438 0.791016 0.109375 0.089844
0 0.442383 0.701172 0.080078 0.082031
0 0.447266 0.604492 0.089844 0.103516
0 0.375977 0.533203 0.068359 0.066406
0 0.065430 0.902344 0.107422 0.128906
0 0.050781 0.671875 0.097656 0.109375
0 0.105469 0.580078 0.089844 0.093750
0 0.089844 0.482422 0.101562 0.113281
0 0.185547 0.468750 0.109375 0.097656
0 0.317383 0.413086 0.095703 0.099609
0 0.035156 0.358398 0.062500 0.099609
0 0.047852 0.248047 0.087891 0.113281
0 0.600586 0.346680 0.146484 0.123047
