0 0.068359 0.021484 0.089844 0.039062
0 0.143555 0.075195 0.076172 0.115234
0 0.059570 0.103516 0.095703 0.125000
0 0.140625 0.210938 0.113281 0.144531
0 0.255859 0.274414 0.121094 0.095703
0 0.397461 0.359375 0.087891 0.054688
0 0.088867 0.305664 0.076172 0.076172
0 0.035156 0.382812 0.066406 0.113281
0 0.194336 0.358398 0.181641 0.080078
0 0.347656 0.368164 0.097656 0.087891
0 0.453125 0.483398 0.109375 0.130859
0 0.507812 0.583008 0.082031 0.080078
0 0.529297 0.682617 0.074219 0.099609
0 0.183594 0.843750 0.089844 0.097656
0 0.160156 0.920898 0.093750 0.099609
0 0.498047 0.815430 0.089844 0.150391
0 0.395508 0.920898 0.103516 0.080078
0 0.468750 0.971680 0.078125 0.056641
0 0.628906 0.718750 0.113281 0.109375
0 0.744141 0.705078 0.105469 0.089844
0 0.934570 0.937500 0.072266 0.058594
0 0.751953 0.551758 0.089844 0.115234
0 0.669922 0.459961 0.097656 0.126953
0 0.660156 0.262695 0.093750 0.119141
0 0.733398 0.303711 0.095703 0.146484
0 0.684570 0.157227 0.091797 0.130859
0 0.615234 0.058594 0.105469 0.105469
0 0.917969 0.241211 0.089844 0.087891
0 0.761719 0.026367 0.058594 0.044922
0 0.874023 0.034180 0.091797 0.064453
0 0.974609 0.041992 0.050781 0.076172
