0 0.184570 0.103516 0.095703 0.101562
0 0.186523 0.226562 0.119141 0.117188
0 0.268555 0.164062 0.091797 0.109375
0 0.305664 0.241211 0.087891 0.099609
0 0.074219 0.525391 0.082031 0.105469
0 0.186523 0.442383 0.099609 0.064453
0 0.472656 0.657227 0.121094 0.080078
0 0.590820 0.657227 0.107422 0.072266
0 0.625977 0.715820 0.134766 0.064453
0 0.294922 0.060547 0.066406 0.093750
0 0.428711 0.028320 0.087891 0.052734
0 0.642578 0.041992 0.082031 0.076172
0 0.775391 0.170898 0.113281 0.099609
0 0.883789 0.215820 0.076172 0.080078
0 0.958984 0.230469 0.082031 0.082031
0 0.348633 0.613281 0.095703 0.085938
