0 0.559570 0.191406 0.107422 0.089844
0 0.428711 0.276367 0.103516 0.072266
0 0.083008 0.381836 0.138672 0.076172
0 0.221680 0.364258 0.095703 0.060547
0 0.333984 0.333984 0.097656 0.062500
0 0.480469 0.335938 0.117188 0.089844
0 0.577148 0.346680 0.099609 0.099609
0 0.670898 0.307617 0.103516 0.107422
0 0.762695 0.374023 0.107422 0.103516
0 0.850586 0.387695 0.076172 0.087891
0 0.942383 0.423828 0.083984 0.078125
0 0.959961 0.493164 0.080078 0.099609
0 0.962891 0.593750 0.074219 0.105469
0 0.208984 0.484375 0.105469 0.109375
0 0.316406 0.572266 0.121094 0.132812
0 0.055664 0.536133 0.095703 0.095703
0 0.863281 0.810547 0.085938 0.082031
0 0.903320 0.909180 0.091797 0.099609
0 0.970703 0.970703 0.054688 0.058594
0 0.792969 0.866211 0.101562 0.087891
0 0.762695 0.953125 0.091797 0.082031
0 0.640625 0.887695 0.148438 0.076172
0 0.506836 0.881836 0.091797 0.052734
0 0.458008 0.807617 0.091797 0.076172
0 0.352539 0.800781 0.087891 0.089844
0 0.279297 0.857422 0.082031 0.074219
0 0.186523 0.929688 0.080078 0.093750
0 0.093750 0.862305 0.089844 0.119141
0 0.262695 0.728516 0.091797 0.105469
