0 0.081055 0.059570 0.099609 0.099609
0 0.037109 0.160156 0.070312 0.117188
0 0.109375 0.206055 0.074219 0.095703
0 0.170898 0.262695 0.076172 0.083984
0 0.238281 0.245117 0.089844 0.115234
0 0.250000 0.343750 0.101562 0.085938
0 0.318359 0.313477 0.085938 0.076172
0 0.348633 0.398438 0.087891 0.066406
0 0.424805 0.361328 0.126953 0.085938
0 0.581055 0.406250 0.115234 0.074219
0 0.696289 0.440430 0.111328 0.095703
0 0.791016 0.500000 0.105469 0.082031
0 0.932617 0.588867 0.091797 0.076172
0 0.963867 0.664062 0.072266 0.058594
0 0.886719 0.760742 0.105469 0.091797
0 0.788086 0.705078 0.068359 0.062500
0 0.736328 0.759766 0.074219 0.085938
0 0.950195 0.070312 0.099609 0.097656
0 0.843750 0.045898 0.097656 0.087891
