0 0.361328 0.451172 0.105469 0.101562
0 0.391602 0.541016 0.083984 0.113281
0 0.376953 0.328125 0.050781 0.089844
0 0.426758 0.387695 0.064453 0.103516
0 0.479492 0.638672 0.056641 0.113281
0 0.549805 0.601562 0.064453 0.089844
0 0.528320 0.499023 0.072266 0.115234
0 0.435547 0.776367 0.082031 0.080078
0 0.553711 0.799805 0.126953 0.142578
0 0.643555 0.726562 0.091797 0.117188
0 0.696289 0.824219 0.076172 0.101562
0 0.677734 0.903320 0.089844 0.072266
0 0.501953 0.279297 0.078125 0.105469
0 0.447266 0.185547 0.074219 0.171875
0 0.518555 0.103516 0.076172 0.066406
0 0.945312 0.335938 0.089844 0.125000
0 0.965820 0.431641 0.068359 0.113281
0 0.979492 0.532227 0.041016 0.111328
0 0.842773 0.952148 0.080078 0.068359
