0 0.649414 0.048828 0.072266 0.085938
0 0.077148 0.194336 0.080078 0.076172
0 0.129883 0.274414 0.095703 0.099609
0 0.206055 0.334961 0.091797 0.072266
0 0.351562 0.416992 0.101562 0.083984
0 0.460938 0.445312 0.082031 0.062500
0 0.560547 0.479492 0.078125 0.060547
0 0.652344 0.505859 0.093750 0.089844
0 0.520508 0.576172 0.076172 0.109375
0 0.656250 0.412109 0.109375 0.097656
0 0.474609 0.703125 0.070312 0.109375
0 0.256836 0.718750 0.111328 0.066406
0 0.370117 0.734375 0.107422 0.078125
0 0.445312 0.799805 0.085938 0.091797
0 0.631836 0.907227 0.107422 0.123047
0 0.581055 0.959961 0.080078 0.080078
0 0.717773 0.980469 0.099609 0.039062
0 0.557617 0.687500 0.083984 0.093750
0 0.611328 0.603516 0.078125 0.089844
0 0.748047 0.468750 0.074219 0.085938
0 0.801758 0.436523 0.076172 0.107422
