0 0.218750 0.031250 0.058594 0.054688
0 0.249023 0.125000 0.056641 0.093750
0 0.197266 0.322266 0.082031 0.097656
0 0.106445 0.415039 0.083984 0.076172
0 0.029297 0.483398 0.054688 0.060547
0 0.088867 0.505859 0.087891 0.070312
0 0.190430 0.464844 0.091797 0.089844
0 0.046875 0.594727 0.070312 0.099609
0 0.022461 0.679688 0.041016 0.109375
0 0.246094 0.636719 0.101562 0.121094
0 0.386719 0.027344 0.066406 0.050781
0 0.367188 0.104492 0.066406 0.091797
0 0.352539 0.196289 0.060547 0.095703
0 0.417969 0.327148 0.097656 0.107422
0 0.523438 0.448242 0.101562 0.123047
0 0.651367 0.514648 0.103516 0.080078
0 0.384766 0.452148 0.074219 0.091797
0 0.420898 0.534180 0.107422 0.083984
0 0.499023 0.620117 0.138672 0.087891
0 0.623047 0.649414 0.089844 0.087891
0 0.625000 0.748047 0.074219 0.097656
0 0.624023 0.855469 0.052734 0.097656
0 0.695312 0.845703 0.074219 0.093750
0 0.715820 0.949219 0.091797 0.078125
0 0.783203 0.921875 0.093750 0.082031
0 0.935547 0.405273 0.121094 0.087891
0 0.966797 0.142578 0.066406 0.097656
0 0.971680 0.249023 0.056641 0.107422
