0 0.033203 0.206055 0.054688 0.076172
0 0.066406 0.310547 0.089844 0.050781
0 0.122070 0.267578 0.115234 0.078125
0 0.381836 0.362305 0.076172 0.123047
0 0.326172 0.482422 0.058594 0.117188
0 0.633789 0.549805 0.115234 0.111328
0 0.733398 0.460938 0.099609 0.062500
0 0.537109 0.637695 0.089844 0.072266
0 0.562500 0.095703 0.089844 0.101562
0 0.739258 0.041016 0.126953 0.078125
0 0.825195 0.115234 0.115234 0.078125
0 0.689453 0.092773 0.070312 0.060547
0 0.480469 0.450195 0.097656 0.076172
0 0.412109 0.486328 0.082031 0.093750
0 0.645508 0.878906 0.056641 0.089844
0 0.115234 0.810547 0.113281 0.085938
0 0.940430 0.721680 0.083984 0.107422
0 0.417969 0.215820 0.089844 0.111328
