0 0.795898 0.036133 0.103516 0.068359
0 0.889648 0.077148 0.107422 0.095703
0 0.666992 0.084961 0.130859 0.091797
0 0.546875 0.077148 0.101562 0.068359
0 0.783203 0.150391 0.113281 0.097656
0 0.795898 0.254883 0.095703 0.095703
0 0.659180 0.164062 0.115234 0.113281
0 0.703125 0.365234 0.105469 0.117188
0 0.033203 0.214844 0.062500 0.089844
0 0.242188 0.166992 0.062500 0.076172
0 0.242188 0.298828 0.050781 0.097656
0 0.960938 0.571289 0.078125 0.107422
0 0.960938 0.485352 0.078125 0.068359
0 0.869141 0.508789 0.085938 0.076172
0 0.801758 0.579102 0.076172 0.076172
0 0.855469 0.612305 0.070312 0.083984
0 0.803711 0.714844 0.095703 0.109375
0 0.701172 0.636719 0.113281 0.097656
0 0.586914 0.634766 0.095703 0.105469
0 0.366211 0.535156 0.080078 0.089844
0 0.285156 0.478516 0.089844 0.097656
0 0.184570 0.537109 0.111328 0.109375
0 0.154297 0.629883 0.109375 0.099609
0 0.125977 0.703125 0.126953 0.097656
0 0.111328 0.797852 0.113281 0.091797
0 0.029297 0.812500 0.050781 0.117188
0 0.035156 0.944336 0.058594 0.087891
0 0.265625 0.746094 0.101562 0.097656
