0 0.975586 0.234863 0.048828 0.106445
0 0.951660 0.372559 0.096680 0.168945
0 0.873047 0.323730 0.076172 0.059570
0 0.752930 0.163574 0.082031 0.110352
0 0.788086 0.304688 0.085938 0.054688
0 0.760742 0.346191 0.058594 0.034180
0 0.803711 0.409180 0.064453 0.054688
0 0.839844 0.445312 0.060547 0.048828
0 0.706055 0.455078 0.070312 0.068359
0 0.647949 0.036621 0.071289 0.059570
0 0.537109 0.069824 0.068359 0.067383
0 0.620117 0.110352 0.068359 0.082031
0 0.062500 0.095215 0.074219 0.061523
0 0.113281 0.147461 0.078125 0.068359
0 0.146484 0.232422 0.085938 0.097656
0 0.030273 0.444336 0.050781 0.078125
0 0.164062 0.361328 0.064453 0.085938
0 0.375488 0.266602 0.075195 0.082031
0 0.286621 0.382812 0.083008 0.082031
0 0.952148 0.515625 0.085938 0.082031
0 0.951660 0.746582 0.079102 0.077148
0 0.973145 0.812500 0.053711 0.068359
0 0.930664 0.875977 0.066406 0.064453
0 0.893066 0.946289 0.077148 0.072266
0 0.910156 0.822754 0.072266 0.083008
0 0.858398 0.870605 0.066406 0.065430
0 0.788574 0.706055 0.088867 0.076172
0 0.808594 0.811523 0.105469 0.099609
0 0.714355 0.681641 0.057617 0.085938
0 0.724121 0.798340 0.081055 0.084961
0 0.646973 0.830566 0.075195 0.106445
0 0.653809 0.669922 0.057617 0.078125
0 0.461914 0.815918 0.109375 0.149414
0 0.242188 0.605469 0.085938 0.087891
0 0.303223 0.900879 0.094727 0.094727
0 0.313477 0.664062 0.109375 0.078125
0 0.059082 0.920410 0.090820 0.110352
0 0.125000 0.534180 0.060547 0.058594
0 0.162598 0.650391 0.053711 0.068359
0 0.058594 0.666504 0.066406 0.075195
0 0.077637 0.728027 0.073242 0.067383
0 0.227051 0.747070 0.084961 0.085938
0 0.396973 0.478516 0.084961 0.080078
0 0.376465 0.399902 0.084961 0.061523
0 0.405273 0.358398 0.062500 0.052734
0 0.576660 0.490723 0.094727 0.100586
0 0.578613 0.669434 0.077148 0.081055
0 0.598145 0.750000 0.071289 0.078125
0 0.628906 0.207031 0.048828 0.087891
0 0.669922 0.353516 0.066406 0.064453
0 0.463379 0.494629 0.069336 0.106445
0 0.577148 0.285645 0.058594 0.061523
0 0.058594 0.508301 0.041016 0.049805
