0 0.873047 0.083496 0.082031 0.094727
0 0.823730 0.132812 0.084961 0.097656
0 0.811523 0.287598 0.070312 0.069336
0 0.784180 0.588867 0.083984 0.121094
0 0.878418 0.610840 0.059570 0.090820
0 0.957520 0.643555 0.071289 0.060547
0 0.960449 0.742188 0.079102 0.070312
0 0.870605 0.736328 0.088867 0.070312
0 0.687500 0.915039 0.087891 0.097656
0 0.543945 0.891113 0.093750 0.088867
0 0.721680 0.731934 0.074219 0.086914
0 0.648438 0.782227 0.074219 0.076172
0 0.316406 0.755859 0.103516 0.089844
0 0.221191 0.755859 0.069336 0.101562
0 0.337891 0.605957 0.105469 0.118164
0 0.479492 0.627441 0.087891 0.088867
0 0.123047 0.741211 0.083984 0.078125
0 0.636230 0.240234 0.106445 0.078125
0 0.518555 0.245605 0.099609 0.065430
0 0.610352 0.330078 0.115234 0.093750
0 0.707031 0.343262 0.074219 0.077148
0 0.359863 0.228516 0.139648 0.087891
0 0.134277 0.262207 0.094727 0.092773
0 0.034668 0.573730 0.067383 0.137695
