0 0.160645 0.295898 0.106445 0.107422
0 0.238770 0.370605 0.116211 0.081055
0 0.046875 0.547852 0.091797 0.121094
0 0.172852 0.849609 0.082031 0.062500
0 0.490723 0.867188 0.155273 0.093750
0 0.472168 0.276367 0.100586 0.074219
0 0.550293 0.203125 0.083008 0.103516
0 0.545410 0.347656 0.106445 0.076172
0 0.665527 0.333008 0.077148 0.068359
0 0.723145 0.378418 0.079102 0.057617
0 0.726562 0.462402 0.117188 0.088867
0 0.892578 0.474609 0.083984 0.082031
0 0.655273 0.227051 0.082031 0.090820
0 0.946777 0.572754 0.083008 0.112305
0 0.928711 0.811523 0.113281 0.111328
0 0.851562 0.667480 0.087891 0.112305
0 0.453613 0.756836 0.122070 0.066406
0 0.677734 0.767090 0.154297 0.086914
0 0.096191 0.236816 0.086914 0.104492
