0 0.025879 0.054199 0.045898 0.055664
0 0.054688 0.116211 0.083984 0.099609
0 0.020508 0.219238 0.039062 0.088867
0 0.240723 0.100586 0.059570 0.095703
0 0.165527 0.322266 0.079102 0.105469
0 0.333008 0.124512 0.074219 0.083008
0 0.302734 0.222656 0.066406 0.062500
0 0.282227 0.299316 0.058594 0.043945
0 0.305664 0.379395 0.119141 0.084961
0 0.199707 0.432129 0.075195 0.063477
0 0.032715 0.461914 0.053711 0.050781
0 0.058105 0.582031 0.090820 0.080078
0 0.436523 0.848633 0.078125 0.095703
0 0.372559 0.925293 0.075195 0.083008
0 0.663574 0.880859 0.059570 0.064453
0 0.644531 0.958496 0.060547 0.073242
0 0.742188 0.918457 0.076172 0.055664
0 0.720215 0.958496 0.073242 0.047852
0 0.957031 0.796387 0.085938 0.057617
0 0.699219 0.715332 0.085938 0.065430
0 0.570801 0.048828 0.059570 0.068359
0 0.483887 0.045898 0.071289 0.064453
0 0.657715 0.159180 0.104492 0.082031
