0 0.798828 0.030762 0.082031 0.049805
0 0.779785 0.102051 0.069336 0.084961
0 0.687012 0.178223 0.163086 0.139648
0 0.903320 0.144531 0.078125 0.074219
0 0.921875 0.206543 0.064453 0.071289
0 0.807129 0.330078 0.071289 0.082031
0 0.745117 0.397461 0.101562 0.078125
0 0.118164 0.035645 0.076172 0.069336
0 0.139648 0.173828 0.080078 0.091797
0 0.208008 0.177734 0.064453 0.078125
0 0.282227 0.303223 0.089844 0.116211
0 0.359375 0.233887 0.083984 0.127930
0 0.071289 0.279785 0.089844 0.083008
0 0.020508 0.429199 0.035156 0.108398
0 0.235352 0.496094 0.078125 0.091797
0 0.389648 0.612305 0.072266 0.095703
0 0.422363 0.486328 0.057617 0.083984
0 0.230957 0.826172 0.110352 0.082031
0 0.055176 0.790039 0.092773 0.082031
0 0.085449 0.910156 0.094727 0.062500
0 0.621582 0.543945 0.108398 0.062500
0 0.526367 0.551758 0.066406 0.064453
0 0.851562 0.639160 0.068359 0.102539
0 0.857422 0.831055 0.066406 0.083984
0 0.915527 0.882324 0.083008 0.073242
0 0.938477 0.796387 0.076172 0.084961
