0 0.128418 0.800781 0.086914 0.062500
0 0.198242 0.768555 0.111328 0.083984
0 0.351074 0.704102 0.116211 0.115234
0 0.304688 0.932617 0.099609 0.089844
0 0.349609 0.803223 0.064453 0.069336
0 0.459961 0.870117 0.087891 0.089844
0 0.100586 0.484375 0.105469 0.117188
0 0.276855 0.402344 0.102539 0.089844
0 0.498047 0.231934 0.111328 0.096680
0 0.444824 0.352051 0.084961 0.081055
0 0.413086 0.056152 0.128906 0.110352
0 0.286133 0.079102 0.162109 0.156250
0 0.163086 0.053711 0.082031 0.097656
0 0.078125 0.029785 0.074219 0.057617
0 0.655762 0.394531 0.100586 0.068359
0 0.948730 0.325684 0.100586 0.083008
0 0.925781 0.405762 0.093750 0.096680
0 0.858887 0.345215 0.090820 0.073242
0 0.862793 0.188965 0.081055 0.090820
0 0.787598 0.213379 0.092773 0.098633
0 0.788086 0.395996 0.070312 0.069336
0 0.824219 0.575684 0.082031 0.092773
0 0.687500 0.685059 0.087891 0.088867
0 0.755859 0.611816 0.091797 0.114258
0 0.754883 0.444824 0.074219 0.075195
0 0.591309 0.858398 0.088867 0.082031
