0 0.065918 0.905762 0.125977 0.188477
0 0.200195 0.855469 0.126953 0.140625
0 0.603516 0.791504 0.113281 0.127930
0 0.435059 0.621094 0.110352 0.105469
0 0.652344 0.543457 0.134766 0.127930
0 0.319824 0.890625 0.102539 0.089844
0 0.360840 0.962891 0.081055 0.074219
0 0.142578 0.596191 0.150391 0.135742
0 0.029785 0.614258 0.051758 0.171875
0 0.068359 0.345215 0.119141 0.153320
0 0.605469 0.946777 0.128906 0.096680
0 0.111328 0.046387 0.117188 0.073242
0 0.173340 0.194824 0.131836 0.141602
0 0.267090 0.331055 0.137695 0.121094
0 0.500488 0.348633 0.143555 0.121094
0 0.555664 0.180176 0.093750 0.102539
0 0.684082 0.223145 0.096680 0.094727
0 0.760254 0.187500 0.106445 0.091797
0 0.663086 0.033691 0.068359 0.059570
0 0.745605 0.098145 0.081055 0.061523
0 0.750488 0.035156 0.071289 0.056641
0 0.833984 0.043457 0.072266 0.069336
0 0.763184 0.388672 0.141602 0.093750
