0 0.095215 0.372070 0.147461 0.189453
0 0.050293 0.551758 0.094727 0.142578
0 0.151367 0.591797 0.089844 0.085938
0 0.263672 0.628418 0.107422 0.131836
0 0.383789 0.554199 0.109375 0.104492
0 0.651367 0.124512 0.103516 0.131836
0 0.791016 0.242188 0.117188 0.070312
0 0.664551 0.235840 0.084961 0.079102
0 0.572266 0.353516 0.097656 0.109375
0 0.485840 0.403809 0.120117 0.161133
0 0.792480 0.498047 0.161133 0.173828
0 0.792969 0.667969 0.142578 0.140625
0 0.658691 0.752930 0.075195 0.080078
0 0.738281 0.835938 0.095703 0.113281
0 0.694824 0.947266 0.100586 0.105469
0 0.544922 0.787598 0.085938 0.100586
0 0.583984 0.931641 0.083984 0.105469
0 0.365234 0.702637 0.111328 0.106445
0 0.415527 0.815918 0.125977 0.125977
0 0.465820 0.930176 0.107422 0.129883
0 0.086914 0.215820 0.097656 0.126953
0 0.862305 0.114258 0.064453 0.113281
0 0.082520 0.939453 0.127930 0.121094
0 0.425781 0.211426 0.095703 0.131836
