0 0.684082 0.084961 0.071289 0.074219
0 0.751953 0.184082 0.089844 0.094727
0 0.524414 0.124512 0.083984 0.079102
0 0.607910 0.145020 0.071289 0.079102
0 0.666016 0.211426 0.091797 0.098633
0 0.967285 0.308594 0.065430 0.068359
0 0.379395 0.187988 0.083008 0.067383
0 0.583984 0.619629 0.103516 0.106445
0 0.430664 0.832031 0.095703 0.082031
0 0.683594 0.700684 0.058594 0.079102
0 0.780762 0.762207 0.086914 0.106445
0 0.878906 0.834473 0.119141 0.108398
0 0.725098 0.849609 0.104492 0.085938
0 0.899414 0.507812 0.078125 0.070312
0 0.722656 0.354980 0.076172 0.083008
0 0.722656 0.537109 0.097656 0.093750
0 0.968262 0.952637 0.063477 0.094727
0 0.210938 0.792480 0.126953 0.083008
0 0.222168 0.697754 0.110352 0.084961
0 0.099121 0.444824 0.086914 0.094727
0 0.055176 0.515137 0.090820 0.073242
0 0.083008 0.678223 0.099609 0.106445
