0 0.138184 0.052246 0.108398 0.098633
0 0.204102 0.117676 0.076172 0.081055
0 0.143066 0.331543 0.079102 0.073242
0 0.192383 0.475586 0.095703 0.070312
0 0.033203 0.607422 0.064453 0.083984
0 0.072754 0.700684 0.079102 0.094727
0 0.219238 0.561523 0.086914 0.095703
0 0.308105 0.481445 0.083008 0.076172
0 0.338867 0.399414 0.099609 0.105469
0 0.586914 0.314941 0.093750 0.083008
0 0.635742 0.370605 0.089844 0.096680
0 0.488281 0.625488 0.095703 0.114258
0 0.823730 0.131836 0.098633 0.093750
0 0.555176 0.034180 0.065430 0.058594
0 0.764160 0.382324 0.081055 0.096680
0 0.784180 0.478027 0.083984 0.129883
0 0.734863 0.656250 0.067383 0.085938
0 0.972168 0.327637 0.055664 0.081055
0 0.898926 0.397461 0.086914 0.105469
0 0.972168 0.407227 0.055664 0.080078
0 0.930176 0.527832 0.131836 0.120117
0 0.637207 0.858887 0.116211 0.102539
0 0.799316 0.885742 0.110352 0.105469
0 0.666992 0.951660 0.123047 0.083008
0 0.335938 0.917969 0.085938 0.085938
