0 0.860352 0.438965 0.117188 0.118164
0 0.622559 0.094727 0.110352 0.111328
0 0.621094 0.218750 0.089844 0.101562
0 0.580078 0.371094 0.087891 0.095703
0 0.653320 0.390137 0.085938 0.088867
0 0.600586 0.630371 0.082031 0.094727
0 0.459961 0.602051 0.101562 0.100586
0 0.401367 0.739746 0.089844 0.083008
0 0.493652 0.692871 0.098633 0.096680
0 0.301758 0.586914 0.169922 0.130859
0 0.558594 0.762695 0.121094 0.087891
0 0.407715 0.437500 0.108398 0.136719
0 0.436523 0.089844 0.089844 0.091797
0 0.220215 0.177734 0.090820 0.103516
0 0.227539 0.280273 0.101562 0.087891
0 0.145508 0.270996 0.066406 0.075195
0 0.041504 0.468262 0.071289 0.116211
0 0.051758 0.657227 0.101562 0.154297
0 0.114746 0.566895 0.125977 0.143555
0 0.109863 0.763672 0.083008 0.089844
0 0.410645 0.840332 0.065430 0.065430
0 0.385254 0.926758 0.075195 0.087891
0 0.970703 0.799316 0.058594 0.092773
0 0.918945 0.855957 0.066406 0.083008
