0 0.931641 0.077637 0.136719 0.122070
0 0.922363 0.332520 0.120117 0.108398
0 0.145508 0.052246 0.148438 0.088867
0 0.099609 0.115723 0.150391 0.118164
0 0.022461 0.232910 0.042969 0.102539
0 0.334473 0.080566 0.161133 0.114258
0 0.454590 0.066895 0.149414 0.104492
0 0.603027 0.161621 0.084961 0.143555
0 0.620605 0.041992 0.133789 0.076172
0 0.690918 0.083984 0.100586 0.093750
0 0.723145 0.148438 0.094727 0.101562
0 0.727051 0.257812 0.088867 0.109375
0 0.776855 0.392578 0.118164 0.109375
0 0.626953 0.381836 0.103516 0.142578
0 0.978516 0.480469 0.042969 0.074219
0 0.910645 0.489258 0.079102 0.080078
0 0.752930 0.555664 0.107422 0.097656
0 0.579590 0.729492 0.110352 0.103516
0 0.452148 0.645020 0.109375 0.088867
0 0.478516 0.754883 0.105469 0.111328
0 0.368652 0.747070 0.145508 0.128906
0 0.119629 0.883789 0.124023 0.105469
0 0.779785 0.759766 0.092773 0.099609
