0 0.644531 0.199707 0.150391 0.131836
0 0.791992 0.063477 0.154297 0.085938
0 0.961914 0.050781 0.076172 0.091797
0 0.419434 0.447754 0.110352 0.143555
0 0.407715 0.205566 0.131836 0.100586
0 0.440430 0.281738 0.082031 0.114258
0 0.316895 0.333008 0.100586 0.103516
0 0.218750 0.392090 0.103516 0.118164
0 0.127930 0.482910 0.115234 0.124023
0 0.222168 0.521484 0.114258 0.105469
0 0.147949 0.783691 0.086914 0.104492
0 0.294434 0.875977 0.106445 0.132812
0 0.630859 0.841797 0.134766 0.125000
0 0.785156 0.828125 0.113281 0.105469
0 0.265137 0.965820 0.096680 0.056641
0 0.166992 0.903320 0.107422 0.128906
0 0.618164 0.578613 0.132812 0.102539
0 0.640137 0.691406 0.110352 0.099609
