0 0.970215 0.406738 0.059570 0.161133
0 0.147949 0.061523 0.125977 0.074219
0 0.101074 0.181641 0.090820 0.066406
0 0.264648 0.079102 0.068359 0.060547
0 0.212891 0.180176 0.101562 0.079102
0 0.313965 0.233398 0.094727 0.095703
0 0.302246 0.453613 0.088867 0.108398
0 0.151367 0.524414 0.117188 0.138672
0 0.051758 0.598145 0.091797 0.100586
0 0.375488 0.579102 0.141602 0.125000
0 0.439941 0.490234 0.088867 0.123047
0 0.812988 0.255859 0.100586 0.142578
0 0.430176 0.189941 0.077148 0.108398
0 0.380859 0.075195 0.105469 0.062500
0 0.525391 0.117676 0.123047 0.135742
0 0.816895 0.711914 0.122070 0.082031
0 0.084961 0.915527 0.085938 0.122070
0 0.694824 0.301270 0.106445 0.129883
