0 0.402832 0.037598 0.120117 0.073242
0 0.386719 0.173340 0.085938 0.114258
0 0.234375 0.351074 0.085938 0.135742
0 0.360352 0.335938 0.082031 0.136719
0 0.312012 0.444336 0.084961 0.087891
0 0.274414 0.528809 0.080078 0.096680
0 0.055664 0.674316 0.105469 0.114258
0 0.165527 0.654297 0.086914 0.144531
0 0.191406 0.851074 0.091797 0.092773
0 0.474121 0.459961 0.116211 0.109375
0 0.367676 0.545898 0.096680 0.099609
0 0.048828 0.880859 0.095703 0.103516
0 0.381348 0.928223 0.100586 0.057617
0 0.553711 0.769531 0.113281 0.095703
0 0.547852 0.943359 0.125000 0.089844
0 0.682617 0.805664 0.123047 0.115234
0 0.674316 0.657715 0.155273 0.131836
0 0.868164 0.638672 0.121094 0.093750
0 0.712402 0.407227 0.122070 0.134766
0 0.820801 0.441406 0.094727 0.113281
0 0.923340 0.471680 0.067383 0.105469
0 0.815918 0.190430 0.116211 0.126953
0 0.952148 0.099609 0.089844 0.093750
