0 0.870117 0.039551 0.093750 0.065430
0 0.966797 0.258301 0.066406 0.071289
0 0.744629 0.024902 0.094727 0.041992
0 0.634766 0.030762 0.115234 0.053711
0 0.938965 0.356934 0.092773 0.090820
0 0.892090 0.596191 0.079102 0.106445
0 0.824219 0.560547 0.064453 0.128906
0 0.808105 0.696289 0.063477 0.099609
0 0.804199 0.786133 0.071289 0.078125
0 0.795898 0.272949 0.097656 0.106445
0 0.678223 0.157715 0.145508 0.102539
0 0.765625 0.405762 0.083984 0.110352
0 0.667969 0.397461 0.082031 0.107422
0 0.585938 0.382812 0.087891 0.083984
0 0.524902 0.458008 0.104492 0.093750
0 0.534668 0.559082 0.094727 0.100586
0 0.645020 0.582031 0.096680 0.109375
0 0.737305 0.569824 0.070312 0.100586
0 0.453613 0.649414 0.112305 0.123047
0 0.336914 0.705078 0.113281 0.091797
0 0.352051 0.789551 0.086914 0.071289
0 0.862305 0.937500 0.132812 0.099609
0 0.778320 0.875977 0.105469 0.087891
0 0.684082 0.884277 0.075195 0.059570
0 0.589844 0.920410 0.121094 0.086914
0 0.419434 0.835938 0.086914 0.058594
0 0.225586 0.852051 0.089844 0.084961
0 0.173828 0.800781 0.101562 0.105469
0 0.070801 0.770996 0.083008 0.092773
0 0.067383 0.630371 0.103516 0.081055
0 0.127441 0.552246 0.086914 0.098633
0 0.258301 0.332520 0.098633 0.110352
0 0.330078 0.407715 0.107422 0.098633
0 0.290527 0.494141 0.088867 0.085938
0 0.249512 0.576660 0.077148 0.088867
0 0.040527 0.297852 0.075195 0.091797
0 0.033691 0.391602 0.061523 0.087891
0 0.120605 0.335938 0.100586 0.107422
0 0.406738 0.210449 0.090820 0.106445
0 0.431641 0.026367 0.089844 0.050781
