0 0.057617 0.175293 0.091797 0.184570
0 0.151855 0.245605 0.081055 0.106445
0 0.918457 0.178711 0.100586 0.107422
0 0.959961 0.252441 0.080078 0.083008
0 0.818359 0.147461 0.072266 0.099609
0 0.757324 0.214355 0.081055 0.094727
0 0.734863 0.294922 0.096680 0.085938
0 0.575195 0.260742 0.105469 0.091797
0 0.297852 0.117676 0.132812 0.125977
0 0.673828 0.388672 0.107422 0.074219
0 0.760742 0.435547 0.093750 0.085938
0 0.836426 0.489258 0.084961 0.128906
0 0.883301 0.640137 0.094727 0.100586
0 0.891113 0.735840 0.098633 0.100586
0 0.574219 0.799805 0.121094 0.119141
0 0.469238 0.384766 0.143555 0.097656
0 0.133789 0.536621 0.136719 0.137695
0 0.534180 0.497559 0.101562 0.120117
0 0.783203 0.940430 0.099609 0.099609
0 0.622070 0.938477 0.105469 0.109375
0 0.696289 0.871094 0.095703 0.068359
0 0.152344 0.869141 0.099609 0.089844
0 0.254395 0.919434 0.106445 0.090820
