0 0.111328 0.958496 0.130859 0.083008
0 0.296875 0.825684 0.134766 0.116211
0 0.412598 0.927246 0.122070 0.112305
0 0.228516 0.708008 0.130859 0.099609
0 0.122070 0.489258 0.107422 0.107422
0 0.174316 0.443359 0.086914 0.091797
0 0.258789 0.441895 0.113281 0.120117
0 0.355957 0.255859 0.102539 0.128906
0 0.211426 0.130859 0.086914 0.136719
0 0.382324 0.034668 0.088867 0.061523
0 0.423828 0.106445 0.095703 0.083984
0 0.525391 0.161621 0.076172 0.079102
0 0.609863 0.192383 0.098633 0.101562
0 0.595703 0.269531 0.076172 0.068359
0 0.548340 0.300781 0.086914 0.064453
0 0.478516 0.238770 0.072266 0.073242
0 0.808105 0.339844 0.112305 0.111328
0 0.915039 0.274902 0.113281 0.102539
0 0.939453 0.413574 0.093750 0.092773
0 0.840332 0.404785 0.088867 0.088867
0 0.949219 0.522461 0.101562 0.091797
0 0.610840 0.417969 0.090820 0.085938
0 0.668945 0.518066 0.101562 0.108398
0 0.823242 0.682129 0.101562 0.098633
0 0.441406 0.736816 0.113281 0.127930
0 0.655762 0.875000 0.114258 0.097656
0 0.768555 0.866699 0.103516 0.071289
0 0.669922 0.026855 0.105469 0.051758
0 0.452637 0.472656 0.120117 0.101562
0 0.346680 0.704590 0.070312 0.092773
0 0.600098 0.685547 0.102539 0.078125
0 0.542480 0.941406 0.104492 0.093750
