0 0.057129 0.090820 0.088867 0.074219
0 0.293457 0.044922 0.079102 0.087891
0 0.390625 0.067383 0.099609 0.103516
0 0.120605 0.140625 0.096680 0.085938
0 0.081055 0.210449 0.072266 0.104492
0 0.155273 0.254395 0.107422 0.094727
0 0.132812 0.376465 0.091797 0.120117
0 0.224121 0.426270 0.083008 0.125977
0 0.235352 0.600098 0.115234 0.079102
0 0.110352 0.643066 0.099609 0.094727
0 0.032715 0.682129 0.057617 0.096680
0 0.036621 0.872559 0.069336 0.124023
0 0.059082 0.958496 0.090820 0.083008
0 0.230469 0.690430 0.089844 0.080078
0 0.305664 0.658203 0.085938 0.072266
0 0.440430 0.727539 0.107422 0.087891
0 0.240234 0.955078 0.097656 0.089844
0 0.439453 0.939941 0.128906 0.120117
0 0.542480 0.893066 0.086914 0.071289
0 0.661133 0.839844 0.097656 0.095703
0 0.577148 0.667969 0.093750 0.103516
0 0.483887 0.636230 0.096680 0.108398
0 0.388184 0.603516 0.100586 0.111328
0 0.456543 0.398438 0.088867 0.082031
0 0.542969 0.380859 0.072266 0.087891
0 0.624023 0.370117 0.074219 0.097656
0 0.692383 0.416992 0.085938 0.121094
0 0.783203 0.442871 0.099609 0.104492
0 0.854980 0.385254 0.100586 0.108398
0 0.330078 0.322266 0.099609 0.097656
0 0.763672 0.118652 0.101562 0.090820
0 0.788086 0.209473 0.089844 0.083008
0 0.701172 0.253906 0.101562 0.074219
0 0.897461 0.198730 0.087891 0.112305
0 0.960449 0.244629 0.079102 0.108398
0 0.916992 0.683594 0.091797 0.101562
0 0.956055 0.598633 0.087891 0.076172
0 0.719238 0.782715 0.118164 0.077148
0 0.844238 0.776855 0.133789 0.104492
0 0.949707 0.798828 0.081055 0.095703
0 0.847168 0.875488 0.104492 0.069336
0 0.889160 0.952148 0.118164 0.095703
