0 0.584961 0.291504 0.101562 0.084961
0 0.936523 0.481934 0.123047 0.088867
0 0.738281 0.417969 0.085938 0.066406
0 0.694824 0.482422 0.081055 0.085938
0 0.628906 0.526367 0.082031 0.095703
0 0.547852 0.530273 0.082031 0.070312
0 0.467285 0.525879 0.092773 0.073242
0 0.445312 0.037598 0.083984 0.061523
0 0.357910 0.032715 0.084961 0.047852
0 0.173340 0.029297 0.084961 0.048828
0 0.046387 0.044922 0.083008 0.058594
0 0.039551 0.136230 0.077148 0.081055
0 0.193359 0.112305 0.101562 0.068359
0 0.302734 0.121582 0.080078 0.077148
0 0.398438 0.137695 0.101562 0.070312
0 0.218750 0.171875 0.095703 0.074219
0 0.537598 0.092773 0.094727 0.078125
0 0.067383 0.637695 0.087891 0.101562
0 0.774414 0.585449 0.093750 0.055664
0 0.718262 0.695801 0.088867 0.088867
0 0.764160 0.803223 0.077148 0.088867
0 0.643555 0.632812 0.091797 0.062500
0 0.248535 0.660156 0.092773 0.085938
0 0.152832 0.811035 0.090820 0.094727
0 0.173828 0.943848 0.091797 0.108398
0 0.059570 0.927246 0.089844 0.114258
0 0.271973 0.883301 0.120117 0.104492
0 0.375000 0.506348 0.082031 0.077148
0 0.350098 0.639648 0.069336 0.080078
0 0.949219 0.046875 0.099609 0.078125
