0 0.159180 0.163574 0.119141 0.110352
0 0.257324 0.192383 0.100586 0.099609
0 0.271973 0.294434 0.084961 0.084961
0 0.030273 0.464355 0.058594 0.098633
0 0.101074 0.450684 0.102539 0.108398
0 0.214355 0.455078 0.096680 0.107422
0 0.298828 0.427246 0.078125 0.055664
0 0.035645 0.566895 0.063477 0.094727
0 0.112305 0.549805 0.093750 0.072266
0 0.213867 0.559082 0.093750 0.084961
0 0.319824 0.548340 0.106445 0.073242
0 0.399902 0.487793 0.110352 0.141602
0 0.406250 0.310059 0.076172 0.112305
0 0.132324 0.771484 0.106445 0.113281
0 0.170410 0.874512 0.077148 0.061523
0 0.378418 0.766113 0.094727 0.079102
0 0.236816 0.938477 0.090820 0.068359
0 0.395508 0.883789 0.101562 0.087891
0 0.543457 0.789062 0.092773 0.093750
0 0.652832 0.742188 0.112305 0.080078
0 0.948242 0.802246 0.093750 0.079102
0 0.910645 0.930176 0.131836 0.139648
0 0.820801 0.821777 0.104492 0.108398
0 0.496094 0.246094 0.087891 0.093750
0 0.579590 0.273438 0.098633 0.099609
0 0.668457 0.295898 0.102539 0.091797
0 0.745117 0.356445 0.103516 0.097656
0 0.883301 0.352051 0.114258 0.098633
0 0.962402 0.410156 0.075195 0.076172
0 0.790527 0.502441 0.104492 0.096680
0 0.807129 0.597656 0.088867 0.091797
0 0.458008 0.130859 0.107422 0.125000
0 0.474609 0.050293 0.091797 0.079102
0 0.679688 0.197754 0.126953 0.081055
