0 0.072754 0.319336 0.081055 0.115234
0 0.032227 0.500000 0.056641 0.105469
0 0.092285 0.566895 0.112305 0.116211
0 0.197754 0.492188 0.112305 0.097656
0 0.405762 0.695312 0.120117 0.132812
0 0.149414 0.309082 0.080078 0.112305
0 0.309570 0.318359 0.093750 0.097656
0 0.451172 0.377441 0.132812 0.125977
0 0.290039 0.154297 0.181641 0.173828
0 0.446289 0.199219 0.123047 0.179688
0 0.155273 0.941895 0.132812 0.116211
0 0.898438 0.935547 0.203125 0.128906
0 0.938965 0.515137 0.122070 0.174805
0 0.874023 0.141113 0.128906 0.137695
0 0.589355 0.324219 0.170898 0.208984
0 0.780273 0.372559 0.181641 0.202148
