0 0.069824 0.051758 0.086914 0.082031
0 0.189941 0.134766 0.079102 0.058594
0 0.175293 0.195312 0.110352 0.089844
0 0.402832 0.209473 0.090820 0.086914
0 0.394531 0.329102 0.099609 0.078125
0 0.583008 0.255859 0.093750 0.123047
0 0.580078 0.032227 0.082031 0.052734
0 0.613281 0.103516 0.070312 0.085938
0 0.727051 0.138184 0.069336 0.088867
0 0.808105 0.120605 0.073242 0.100586
0 0.715332 0.041992 0.083008 0.072266
0 0.907227 0.035156 0.103516 0.068359
0 0.975098 0.104492 0.049805 0.095703
0 0.935059 0.289062 0.084961 0.076172
0 0.932129 0.507324 0.118164 0.081055
0 0.698242 0.295410 0.121094 0.108398
0 0.850098 0.431152 0.114258 0.125977
0 0.608398 0.393066 0.101562 0.092773
0 0.714355 0.443848 0.114258 0.090820
0 0.847656 0.585449 0.101562 0.122070
0 0.959961 0.686523 0.080078 0.107422
0 0.841797 0.797852 0.097656 0.121094
0 0.388672 0.568359 0.101562 0.111328
0 0.329102 0.391602 0.093750 0.125000
0 0.225098 0.362793 0.110352 0.098633
0 0.296875 0.485352 0.099609 0.093750
0 0.268066 0.597168 0.114258 0.129883
0 0.253906 0.712891 0.085938 0.121094
0 0.258789 0.830078 0.107422 0.115234
0 0.354004 0.834961 0.081055 0.103516
0 0.583008 0.784668 0.167969 0.143555
