0 0.172852 0.029785 0.126953 0.057617
0 0.152832 0.260742 0.110352 0.130859
0 0.062988 0.267578 0.086914 0.089844
0 0.155762 0.375488 0.090820 0.104492
0 0.408203 0.186523 0.066406 0.091797
0 0.477539 0.433594 0.109375 0.128906
0 0.307617 0.670898 0.093750 0.082031
0 0.579102 0.710449 0.152344 0.161133
0 0.489746 0.839844 0.145508 0.132812
0 0.262695 0.861816 0.130859 0.104492
0 0.357910 0.784180 0.135742 0.134766
0 0.721680 0.773438 0.083984 0.105469
0 0.675293 0.904297 0.114258 0.113281
0 0.860352 0.885742 0.085938 0.095703
0 0.951172 0.930664 0.095703 0.125000
0 0.624023 0.434570 0.107422 0.109375
0 0.937500 0.473145 0.125000 0.137695
0 0.913086 0.692383 0.109375 0.087891
0 0.515137 0.042969 0.067383 0.072266
