0 0.692383 0.031250 0.109375 0.060547
0 0.571289 0.039551 0.117188 0.071289
0 0.471680 0.172363 0.091797 0.086914
0 0.056641 0.123047 0.111328 0.095703
0 0.065430 0.319824 0.105469 0.151367
0 0.208496 0.392090 0.141602 0.090820
0 0.358398 0.487793 0.150391 0.120117
0 0.425781 0.588867 0.138672 0.115234
0 0.395996 0.693359 0.106445 0.089844
0 0.495605 0.758789 0.124023 0.093750
0 0.391113 0.799316 0.127930 0.114258
0 0.268555 0.743164 0.099609 0.085938
0 0.173828 0.740723 0.111328 0.083008
0 0.080566 0.744141 0.116211 0.087891
0 0.584961 0.386719 0.091797 0.134766
0 0.633301 0.535645 0.090820 0.118164
0 0.673340 0.633301 0.106445 0.096680
0 0.698730 0.721191 0.124023 0.081055
0 0.224609 0.931152 0.125000 0.081055
0 0.866699 0.204590 0.108398 0.083008
0 0.871582 0.302734 0.122070 0.085938
0 0.951660 0.343750 0.088867 0.089844
0 0.728516 0.497559 0.091797 0.100586
0 0.813477 0.562012 0.089844 0.084961
0 0.810547 0.665039 0.105469 0.099609
0 0.881348 0.770020 0.094727 0.102539
0 0.709473 0.909668 0.137695 0.143555
0 0.771484 0.799805 0.103516 0.103516
0 0.500000 0.327148 0.087891 0.103516
0 0.061523 0.846680 0.083984 0.082031
0 0.817871 0.127930 0.086914 0.072266
0 0.233398 0.816895 0.087891 0.075195
0 0.295410 0.868652 0.083008 0.061523
