0 0.177246 0.109375 0.086914 0.123047
0 0.277344 0.079102 0.123047 0.109375
0 0.358398 0.139648 0.117188 0.111328
0 0.205566 0.301758 0.137695 0.119141
0 0.606445 0.162109 0.115234 0.109375
0 0.583984 0.275391 0.091797 0.091797
0 0.498535 0.386719 0.098633 0.097656
0 0.126465 0.708984 0.151367 0.160156
0 0.078613 0.848633 0.125977 0.119141
0 0.355957 0.729980 0.096680 0.139648
0 0.277832 0.795898 0.092773 0.091797
0 0.314941 0.873047 0.131836 0.107422
0 0.449707 0.749512 0.090820 0.096680
0 0.648926 0.476074 0.096680 0.114258
0 0.802734 0.312988 0.117188 0.137695
0 0.782227 0.585449 0.138672 0.135742
0 0.677734 0.764648 0.099609 0.119141
0 0.740723 0.090820 0.143555 0.160156
0 0.863770 0.074707 0.083008 0.067383
0 0.848633 0.174316 0.093750 0.063477
0 0.082031 0.073242 0.095703 0.097656
