0 0.025391 0.119629 0.044922 0.106445
0 0.043457 0.222656 0.079102 0.109375
0 0.160156 0.266113 0.103516 0.124023
0 0.035645 0.320801 0.069336 0.073242
0 0.057129 0.401855 0.106445 0.108398
0 0.324707 0.039551 0.112305 0.075195
0 0.517578 0.247559 0.097656 0.127930
0 0.375977 0.518555 0.107422 0.083984
0 0.607422 0.461914 0.160156 0.218750
0 0.651367 0.252441 0.085938 0.114258
0 0.790527 0.401367 0.088867 0.117188
0 0.876953 0.350586 0.105469 0.119141
0 0.954102 0.285156 0.091797 0.097656
0 0.961426 0.369629 0.077148 0.065430
0 0.966309 0.449707 0.067383 0.075195
0 0.957031 0.520508 0.085938 0.074219
0 0.976074 0.582031 0.047852 0.062500
0 0.893555 0.568848 0.107422 0.092773
0 0.814453 0.509766 0.091797 0.068359
0 0.748047 0.504883 0.097656 0.117188
0 0.665039 0.647949 0.121094 0.114258
0 0.757812 0.729004 0.089844 0.100586
0 0.181641 0.656738 0.095703 0.063477
0 0.138184 0.723145 0.088867 0.061523
0 0.072266 0.787598 0.103516 0.088867
0 0.038086 0.910645 0.074219 0.116211
0 0.290527 0.776855 0.141602 0.104492
