0 0.785156 0.037109 0.121094 0.070312
0 0.597656 0.129883 0.117188 0.083984
0 0.648438 0.271484 0.121094 0.109375
0 0.788086 0.303711 0.107422 0.103516
0 0.559570 0.188477 0.123047 0.091797
0 0.488281 0.255859 0.105469 0.093750
0 0.551758 0.320312 0.115234 0.089844
0 0.649414 0.369141 0.103516 0.085938
0 0.773438 0.458984 0.117188 0.105469
0 0.837891 0.382812 0.066406 0.074219
0 0.661133 0.531250 0.119141 0.082031
0 0.506836 0.430664 0.126953 0.134766
0 0.408203 0.047852 0.125000 0.076172
0 0.367188 0.164062 0.109375 0.101562
0 0.250977 0.149414 0.103516 0.099609
0 0.141602 0.118164 0.119141 0.095703
0 0.041992 0.152344 0.080078 0.085938
0 0.087891 0.232422 0.105469 0.105469
0 0.155273 0.318359 0.107422 0.097656
0 0.235352 0.390625 0.119141 0.109375
0 0.345703 0.323242 0.121094 0.119141
0 0.033203 0.449219 0.062500 0.085938
0 0.241211 0.532227 0.130859 0.123047
0 0.351562 0.587891 0.070312 0.105469
0 0.466797 0.580078 0.128906 0.101562
0 0.137695 0.561523 0.099609 0.095703
0 0.066406 0.794922 0.101562 0.113281
0 0.287109 0.885742 0.152344 0.111328
0 0.652344 0.639648 0.160156 0.095703
0 0.780273 0.585938 0.115234 0.089844
0 0.900391 0.604492 0.093750 0.111328
0 0.614258 0.787109 0.087891 0.121094
0 0.563477 0.879883 0.083984 0.095703
0 0.661133 0.960938 0.111328 0.078125
0 0.957031 0.471680 0.085938 0.119141
