0 0.957031 0.146484 0.082031 0.109375
0 0.286133 0.337891 0.111328 0.109375
0 0.280273 0.475586 0.111328 0.146484
0 0.231445 0.571289 0.107422 0.134766
0 0.050781 0.729492 0.093750 0.111328
0 0.369141 0.693359 0.128906 0.125000
0 0.545898 0.681641 0.146484 0.128906
0 0.367188 0.581055 0.097656 0.095703
0 0.693359 0.622070 0.109375 0.107422
0 0.741211 0.531250 0.099609 0.101562
0 0.698242 0.434570 0.099609 0.103516
0 0.621094 0.374023 0.101562 0.091797
0 0.550781 0.301758 0.082031 0.072266
0 0.390625 0.339844 0.117188 0.066406
0 0.349609 0.271484 0.101562 0.066406
0 0.640625 0.510742 0.097656 0.123047
0 0.371094 0.795898 0.097656 0.091797
0 0.477539 0.833008 0.107422 0.083984
0 0.349609 0.920898 0.097656 0.072266
0 0.255859 0.882812 0.152344 0.085938
0 0.185547 0.959961 0.085938 0.080078
0 0.434570 0.935547 0.068359 0.109375
0 0.720703 0.749023 0.062500 0.064453
0 0.772461 0.809570 0.087891 0.091797
0 0.841797 0.740234 0.093750 0.101562
0 0.904297 0.670898 0.085938 0.126953
0 0.958984 0.609375 0.082031 0.117188
0 0.806641 0.506836 0.097656 0.103516
