0 0.533203 0.041992 0.097656 0.076172
0 0.622070 0.166016 0.087891 0.121094
0 0.611328 0.322266 0.066406 0.085938
0 0.565430 0.267578 0.095703 0.097656
0 0.516602 0.368164 0.142578 0.126953
0 0.395508 0.294922 0.126953 0.097656
0 0.270508 0.272461 0.103516 0.111328
0 0.193359 0.080078 0.062500 0.062500
0 0.237305 0.373047 0.103516 0.089844
0 0.322266 0.436523 0.109375 0.142578
0 0.433594 0.498047 0.097656 0.140625
0 0.499023 0.589844 0.080078 0.085938
0 0.438477 0.649414 0.107422 0.107422
0 0.455078 0.744141 0.101562 0.113281
0 0.366211 0.718750 0.091797 0.121094
0 0.261719 0.719727 0.105469 0.146484
0 0.195312 0.791992 0.097656 0.123047
0 0.118164 0.386719 0.107422 0.074219
0 0.176758 0.451172 0.115234 0.101562
0 0.017578 0.479492 0.031250 0.126953
0 0.075195 0.494141 0.087891 0.128906
0 0.072266 0.629883 0.074219 0.115234
0 0.168945 0.573242 0.123047 0.123047
0 0.062500 0.886719 0.093750 0.105469
0 0.091797 0.975586 0.097656 0.048828
0 0.021484 0.965820 0.039062 0.068359
0 0.578125 0.924805 0.070312 0.087891
0 0.657227 0.970703 0.138672 0.054688
0 0.593750 0.793945 0.074219 0.130859
