0 0.841797 0.049805 0.199219 0.095703
0 0.958984 0.143555 0.082031 0.123047
0 0.613281 0.185547 0.171875 0.164062
0 0.628906 0.350586 0.214844 0.205078
0 0.960938 0.442383 0.078125 0.115234
0 0.913086 0.560547 0.158203 0.156250
0 0.960938 0.672852 0.078125 0.091797
0 0.881836 0.782227 0.236328 0.150391
0 0.793945 0.931641 0.162109 0.136719
0 0.455078 0.300781 0.113281 0.144531
0 0.066406 0.090820 0.117188 0.103516
0 0.046875 0.231445 0.089844 0.142578
0 0.067383 0.367188 0.123047 0.105469
0 0.161133 0.179688 0.087891 0.152344
0 0.247070 0.065430 0.173828 0.107422
0 0.126953 0.917969 0.214844 0.152344
0 0.379883 0.659180 0.201172 0.197266
0 0.706055 0.818359 0.091797 0.148438
