0 0.951172 0.132812 0.097656 0.140625
0 0.834961 0.120117 0.150391 0.169922
0 0.700195 0.126953 0.095703 0.121094
0 0.578125 0.035156 0.179688 0.062500
0 0.421875 0.109375 0.175781 0.183594
0 0.896484 0.349609 0.171875 0.113281
0 0.773438 0.246094 0.113281 0.097656
0 0.713867 0.373047 0.146484 0.164062
0 0.782227 0.411133 0.091797 0.130859
0 0.779297 0.575195 0.132812 0.173828
0 0.840820 0.746094 0.126953 0.140625
0 0.949219 0.865234 0.101562 0.128906
0 0.904297 0.955078 0.148438 0.089844
0 0.375977 0.285156 0.134766 0.195312
0 0.509766 0.420898 0.171875 0.123047
0 0.202148 0.157227 0.162109 0.158203
0 0.071289 0.240234 0.138672 0.144531
0 0.208008 0.272461 0.154297 0.134766
0 0.523438 0.517578 0.132812 0.097656
0 0.275391 0.527344 0.148438 0.156250
0 0.419922 0.548828 0.136719 0.179688
0 0.139648 0.709961 0.130859 0.166016
0 0.269531 0.666016 0.148438 0.140625
0 0.432617 0.797852 0.138672 0.201172
0 0.265625 0.841797 0.167969 0.171875
0 0.334961 0.934570 0.150391 0.111328
0 0.167969 0.944336 0.191406 0.111328
0 0.684570 0.789062 0.130859 0.132812
0 0.541016 0.852539 0.171875 0.119141
0 0.591797 0.638672 0.191406 0.179688
0 0.758789 0.921875 0.142578 0.113281
0 0.570312 0.937500 0.171875 0.109375
