0 0.211914 0.135742 0.099609 0.111328
0 0.122070 0.237305 0.126953 0.115234
0 0.036133 0.248047 0.064453 0.097656
0 0.041016 0.384766 0.078125 0.097656
0 0.209961 0.334961 0.115234 0.111328
0 0.313477 0.282227 0.119141 0.126953
0 0.429688 0.347656 0.113281 0.109375
0 0.326172 0.444336 0.105469 0.080078
0 0.427734 0.477539 0.089844 0.080078
0 0.496094 0.445312 0.113281 0.066406
0 0.537109 0.379883 0.105469 0.072266
0 0.611328 0.485352 0.109375 0.083984
0 0.656250 0.290039 0.125000 0.134766
0 0.948242 0.359375 0.095703 0.074219
0 0.869141 0.306641 0.097656 0.074219
0 0.846680 0.227539 0.111328 0.091797
0 0.749023 0.172852 0.095703 0.103516
0 0.743164 0.055664 0.076172 0.060547
0 0.680664 0.028320 0.072266 0.048828
0 0.932617 0.057617 0.099609 0.083984
0 0.651367 0.125977 0.064453 0.048828
0 0.702148 0.543945 0.095703 0.064453
0 0.541992 0.035156 0.080078 0.058594
