0 0.797852 0.046875 0.099609 0.089844
0 0.887695 0.026367 0.080078 0.048828
0 0.717773 0.127930 0.119141 0.080078
0 0.972656 0.240234 0.054688 0.089844
0 0.815430 0.310547 0.099609 0.085938
0 0.718750 0.375977 0.113281 0.115234
0 0.760742 0.248047 0.095703 0.074219
0 0.979492 0.578125 0.041016 0.097656
0 0.934570 0.663086 0.103516 0.115234
0 0.925781 0.953125 0.097656 0.093750
0 0.835938 0.543945 0.062500 0.072266
0 0.730469 0.561523 0.085938 0.087891
0 0.637695 0.654297 0.091797 0.078125
0 0.638672 0.731445 0.062500 0.064453
0 0.623047 0.890625 0.050781 0.070312
0 0.375977 0.124023 0.099609 0.123047
0 0.285156 0.142578 0.082031 0.097656
0 0.207031 0.086914 0.093750 0.123047
0 0.108398 0.182617 0.087891 0.103516
0 0.073242 0.285156 0.080078 0.097656
0 0.182617 0.226562 0.111328 0.109375
0 0.172852 0.333008 0.107422 0.080078
0 0.373047 0.296875 0.093750 0.117188
0 0.279297 0.294922 0.093750 0.117188
0 0.221680 0.417969 0.103516 0.085938
0 0.061523 0.644531 0.083984 0.093750
0 0.045898 0.719727 0.080078 0.072266
0 0.127930 0.691406 0.087891 0.097656
0 0.160156 0.933594 0.101562 0.097656
0 0.205078 0.811523 0.105469 0.111328
0 0.096680 0.825195 0.103516 0.111328
0 0.025391 0.778320 0.046875 0.083984
