0 0.036133 0.065430 0.068359 0.095703
0 0.209961 0.076172 0.087891 0.113281
0 0.359375 0.187500 0.085938 0.093750
0 0.446289 0.162109 0.091797 0.093750
0 0.441406 0.276367 0.082031 0.072266
0 0.925781 0.148438 0.109375 0.113281
0 0.790039 0.094727 0.080078 0.072266
0 0.560547 0.211914 0.113281 0.091797
0 0.571289 0.026367 0.103516 0.048828
0 0.647461 0.066406 0.064453 0.046875
0 0.611328 0.119141 0.078125 0.078125
0 0.949219 0.344727 0.101562 0.111328
0 0.848633 0.438477 0.095703 0.087891
0 0.976562 0.450195 0.046875 0.080078
0 0.837891 0.578125 0.082031 0.085938
0 0.955078 0.676758 0.089844 0.080078
0 0.833984 0.901367 0.121094 0.072266
0 0.801758 0.765625 0.068359 0.078125
0 0.716797 0.810547 0.078125 0.097656
0 0.645508 0.639648 0.087891 0.068359
0 0.563477 0.669922 0.080078 0.070312
0 0.130859 0.900391 0.082031 0.078125
0 0.208984 0.868164 0.101562 0.064453
0 0.305664 0.962891 0.087891 0.074219
0 0.458984 0.979492 0.058594 0.041016
0 0.497070 0.933594 0.107422 0.070312
0 0.266602 0.706055 0.103516 0.064453
0 0.110352 0.801758 0.087891 0.083984
0 0.114258 0.628906 0.091797 0.066406
0 0.272461 0.644531 0.142578 0.078125
0 0.441406 0.681641 0.121094 0.082031
