0 0.051758 0.050781 0.095703 0.082031
0 0.117188 0.112305 0.097656 0.091797
0 0.020508 0.135742 0.033203 0.091797
0 0.048828 0.265625 0.093750 0.121094
0 0.146484 0.249023 0.062500 0.072266
0 0.229492 0.213867 0.111328 0.083984
0 0.259766 0.313477 0.074219 0.068359
0 0.248047 0.393555 0.093750 0.095703
0 0.154297 0.443359 0.093750 0.085938
0 0.111328 0.373047 0.105469 0.093750
0 0.090820 0.495117 0.076172 0.068359
0 0.147461 0.546875 0.087891 0.093750
0 0.019531 0.681641 0.035156 0.101562
0 0.068359 0.754883 0.089844 0.091797
0 0.083984 0.846680 0.089844 0.091797
0 0.147461 0.932617 0.087891 0.095703
0 0.083984 0.968750 0.078125 0.062500
0 0.234375 0.902344 0.109375 0.097656
0 0.367188 0.970703 0.074219 0.058594
0 0.459961 0.902344 0.080078 0.105469
0 0.536133 0.858398 0.091797 0.126953
0 0.625000 0.846680 0.085938 0.123047
0 0.586914 0.949219 0.119141 0.101562
0 0.695312 0.902344 0.097656 0.097656
0 0.390625 0.761719 0.132812 0.089844
0 0.447266 0.690430 0.082031 0.099609
0 0.521484 0.706055 0.070312 0.099609
0 0.604492 0.703125 0.091797 0.093750
0 0.695312 0.690430 0.093750 0.083984
0 0.629883 0.617188 0.087891 0.097656
0 0.494141 0.597656 0.085938 0.093750
0 0.399414 0.378906 0.091797 0.085938
0 0.404297 0.322266 0.058594 0.070312
0 0.462891 0.249023 0.105469 0.099609
0 0.583984 0.212891 0.070312 0.085938
0 0.553711 0.312500 0.095703 0.089844
0 0.625977 0.384766 0.091797 0.093750
0 0.670898 0.490234 0.091797 0.097656
0 0.485352 0.386719 0.080078 0.085938
0 0.751953 0.583984 0.117188 0.101562
0 0.820312 0.645508 0.089844 0.091797
0 0.902344 0.577148 0.109375 0.119141
0 0.802734 0.492188 0.113281 0.132812
0 0.889648 0.443359 0.103516 0.113281
0 0.804688 0.397461 0.109375 0.111328
0 0.930664 0.359375 0.111328 0.101562
0 0.972656 0.411133 0.054688 0.087891
0 0.987305 0.331055 0.025391 0.064453
0 0.938477 0.249023 0.087891 0.115234
0 0.747070 0.269531 0.111328 0.085938
0 0.660156 0.195312 0.125000 0.105469
0 0.581055 0.032227 0.130859 0.060547
0 0.638672 0.094727 0.097656 0.068359
0 0.472656 0.067383 0.058594 0.083984
0 0.943359 0.066406 0.082031 0.085938
