0 0.875977 0.025391 0.111328 0.046875
0 0.963867 0.035156 0.072266 0.066406
0 0.916992 0.093750 0.099609 0.089844
0 0.818359 0.144531 0.121094 0.082031
0 0.978516 0.188477 0.042969 0.103516
0 0.837891 0.245117 0.093750 0.119141
0 0.941406 0.264648 0.105469 0.126953
0 0.963867 0.372070 0.072266 0.111328
0 0.951172 0.484375 0.097656 0.105469
0 0.856445 0.403320 0.103516 0.095703
0 0.927734 0.624023 0.082031 0.091797
0 0.967773 0.709961 0.064453 0.123047
0 0.971680 0.860352 0.056641 0.099609
0 0.903320 0.883789 0.087891 0.119141
0 0.899414 0.719727 0.087891 0.123047
0 0.786133 0.558594 0.087891 0.121094
0 0.737305 0.408203 0.119141 0.125000
0 0.756836 0.243164 0.083984 0.103516
0 0.639648 0.235352 0.107422 0.095703
0 0.571289 0.330078 0.123047 0.132812
0 0.644531 0.497070 0.089844 0.091797
0 0.594727 0.576172 0.091797 0.085938
0 0.481445 0.541016 0.130859 0.113281
0 0.177734 0.583008 0.093750 0.111328
0 0.078125 0.613281 0.097656 0.121094
0 0.359375 0.630859 0.125000 0.089844
0 0.334961 0.754883 0.126953 0.111328
0 0.202148 0.734375 0.134766 0.109375
0 0.354492 0.394531 0.099609 0.125000
0 0.236328 0.861328 0.105469 0.109375
0 0.178711 0.941406 0.123047 0.093750
0 0.088867 0.836914 0.091797 0.087891
0 0.045898 0.754883 0.080078 0.091797
0 0.061523 0.914062 0.091797 0.085938
0 0.670898 0.961914 0.103516 0.076172
