0 0.676758 0.023438 0.095703 0.042969
0 0.956055 0.261719 0.087891 0.101562
0 0.932617 0.379883 0.091797 0.103516
0 0.942383 0.577148 0.107422 0.103516
0 0.817383 0.569336 0.123047 0.083984
0 0.675781 0.676758 0.085938 0.115234
0 0.666992 0.087891 0.068359 0.082031
0 0.613281 0.134766 0.078125 0.101562
0 0.544922 0.055664 0.136719 0.091797
0 0.500977 0.141602 0.087891 0.060547
0 0.424805 0.023438 0.080078 0.042969
0 0.439453 0.083008 0.070312 0.076172
0 0.351562 0.059570 0.066406 0.056641
0 0.279297 0.048828 0.062500 0.074219
0 0.363281 0.106445 0.089844 0.048828
0 0.258789 0.274414 0.107422 0.134766
0 0.178711 0.346680 0.103516 0.095703
0 0.104492 0.442383 0.091797 0.115234
0 0.035156 0.593750 0.058594 0.078125
0 0.111328 0.624023 0.093750 0.091797
0 0.175781 0.726562 0.109375 0.113281
0 0.179688 0.523438 0.078125 0.097656
0 0.256836 0.470703 0.107422 0.101562
0 0.313477 0.392578 0.080078 0.089844
0 0.422852 0.298828 0.083984 0.113281
0 0.388672 0.417969 0.058594 0.082031
0 0.268555 0.577148 0.107422 0.111328
0 0.371094 0.642578 0.109375 0.097656
0 0.481445 0.682617 0.103516 0.103516
0 0.436523 0.759766 0.095703 0.082031
0 0.483398 0.865234 0.099609 0.097656
0 0.604492 0.956055 0.099609 0.083984
0 0.489258 0.946289 0.099609 0.083984
0 0.400391 0.905273 0.085938 0.087891
0 0.397461 0.977539 0.095703 0.044922
0 0.298828 0.956055 0.117188 0.087891
0 0.327148 0.706055 0.103516 0.095703
0 0.360352 0.812500 0.095703 0.078125
