0 0.900391 0.027344 0.093750 0.050781
0 0.751953 0.239258 0.136719 0.083984
0 0.612305 0.189453 0.142578 0.093750
0 0.433594 0.311523 0.085938 0.091797
0 0.535156 0.383789 0.101562 0.119141
0 0.555664 0.508789 0.095703 0.103516
0 0.437500 0.377930 0.082031 0.068359
0 0.464844 0.472656 0.093750 0.093750
0 0.441406 0.570312 0.109375 0.121094
0 0.356445 0.440430 0.087891 0.080078
0 0.307617 0.522461 0.099609 0.091797
0 0.316406 0.633789 0.105469 0.119141
0 0.441406 0.748047 0.101562 0.082031
0 0.541992 0.742188 0.080078 0.054688
0 0.208008 0.419922 0.103516 0.078125
0 0.940430 0.655273 0.119141 0.138672
0 0.054688 0.611328 0.085938 0.097656
0 0.922852 0.952148 0.087891 0.087891
