0 0.959961 0.065430 0.080078 0.091797
0 0.972656 0.150391 0.054688 0.089844
0 0.981445 0.221680 0.037109 0.107422
0 0.961914 0.300781 0.076172 0.074219
0 0.892578 0.328125 0.062500 0.085938
0 0.892578 0.415039 0.082031 0.099609
0 0.965820 0.415039 0.068359 0.111328
0 0.921875 0.547852 0.113281 0.087891
0 0.850586 0.507812 0.087891 0.070312
0 0.824219 0.578125 0.078125 0.082031
0 0.851562 0.645508 0.058594 0.076172
0 0.924805 0.727539 0.111328 0.095703
0 0.982422 0.708008 0.035156 0.091797
0 0.972656 0.874023 0.054688 0.103516
0 0.875977 0.041016 0.095703 0.042969
0 0.884766 0.085938 0.101562 0.062500
0 0.917969 0.140625 0.058594 0.093750
0 0.880859 0.212891 0.078125 0.066406
0 0.811523 0.216797 0.083984 0.070312
0 0.821289 0.127930 0.103516 0.099609
0 0.809570 0.032227 0.060547 0.060547
0 0.752930 0.031250 0.068359 0.054688
0 0.700195 0.060547 0.095703 0.070312
0 0.727539 0.116211 0.080078 0.123047
0 0.645508 0.032227 0.052734 0.056641
0 0.632812 0.090820 0.082031 0.091797
0 0.522461 0.041016 0.087891 0.066406
0 0.472656 0.014648 0.046875 0.025391
0 0.565430 0.100586 0.083984 0.072266
0 0.476562 0.107422 0.062500 0.085938
0 0.501953 0.185547 0.066406 0.085938
0 0.592773 0.214844 0.091797 0.066406
0 0.659180 0.164062 0.068359 0.085938
0 0.807617 0.282227 0.072266 0.083984
0 0.733398 0.249023 0.099609 0.068359
0 0.663086 0.262695 0.076172 0.060547
0 0.626953 0.353516 0.062500 0.121094
0 0.742188 0.312500 0.089844 0.097656
0 0.808594 0.378906 0.074219 0.101562
0 0.761719 0.441406 0.078125 0.062500
0 0.691406 0.375977 0.074219 0.099609
0 0.702148 0.458984 0.130859 0.128906
0 0.778320 0.608398 0.087891 0.072266
0 0.695312 0.652344 0.093750 0.121094
0 0.843750 0.709961 0.066406 0.103516
0 0.755859 0.776367 0.085938 0.080078
0 0.741211 0.952148 0.076172 0.095703
0 0.655273 0.920898 0.087891 0.080078
0 0.696289 0.850586 0.048828 0.087891
0 0.677734 0.761719 0.070312 0.097656
0 0.634766 0.828125 0.089844 0.085938
0 0.610352 0.724609 0.068359 0.082031
0 0.547852 0.774414 0.068359 0.076172
0 0.535156 0.860352 0.093750 0.091797
0 0.670898 0.593750 0.072266 0.113281
0 0.604492 0.607422 0.083984 0.078125
0 0.514648 0.593750 0.095703 0.078125
0 0.468750 0.225586 0.066406 0.080078
0 0.489258 0.289062 0.087891 0.070312
0 0.498047 0.346680 0.082031 0.060547
0 0.549805 0.381836 0.095703 0.056641
0 0.603516 0.422852 0.078125 0.076172
0 0.559570 0.442383 0.080078 0.091797
0 0.492188 0.428711 0.074219 0.072266
0 0.472656 0.507812 0.085938 0.085938
0 0.408203 0.133789 0.070312 0.076172
0 0.380859 0.192383 0.074219 0.087891
0 0.315430 0.187500 0.087891 0.082031
0 0.388672 0.302734 0.109375 0.085938
0 0.324219 0.321289 0.062500 0.083984
0 0.422852 0.395508 0.083984 0.068359
0 0.396484 0.499023 0.082031 0.095703
0 0.516602 0.685547 0.095703 0.101562
0 0.440430 0.682617 0.083984 0.091797
0 0.444336 0.765625 0.083984 0.082031
0 0.397461 0.834961 0.076172 0.080078
0 0.421875 0.875977 0.054688 0.068359
0 0.464844 0.875000 0.042969 0.085938
0 0.484375 0.942383 0.070312 0.056641
0 0.323242 0.886719 0.091797 0.074219
0 0.368164 0.945312 0.162109 0.042969
0 0.181641 0.951172 0.101562 0.097656
0 0.395508 0.980469 0.107422 0.039062
0 0.347656 0.709961 0.097656 0.103516
0 0.288086 0.789062 0.056641 0.074219
0 0.031250 0.782227 0.046875 0.056641
0 0.080078 0.853516 0.062500 0.054688
0 0.287109 0.653320 0.101562 0.103516
0 0.233398 0.714844 0.111328 0.078125
0 0.208008 0.634766 0.052734 0.078125
0 0.333008 0.567383 0.103516 0.107422
0 0.253906 0.563477 0.066406 0.103516
0 0.150391 0.661133 0.093750 0.095703
0 0.058594 0.627930 0.085938 0.091797
0 0.137695 0.465820 0.087891 0.103516
0 0.204102 0.418945 0.091797 0.091797
0 0.177734 0.229492 0.085938 0.091797
0 0.195312 0.040039 0.054688 0.076172
0 0.284180 0.366211 0.064453 0.095703
0 0.332031 0.480469 0.089844 0.070312
