0 0.847656 0.117188 0.121094 0.128906
0 0.939453 0.162109 0.062500 0.078125
0 0.829102 0.234375 0.119141 0.113281
0 0.712891 0.125977 0.085938 0.099609
0 0.694336 0.239258 0.115234 0.091797
0 0.136719 0.077148 0.109375 0.103516
0 0.228516 0.044922 0.117188 0.082031
0 0.373047 0.081055 0.109375 0.103516
0 0.498047 0.160156 0.117188 0.113281
0 0.579102 0.286133 0.083984 0.119141
0 0.634766 0.472656 0.085938 0.136719
0 0.735352 0.483398 0.087891 0.103516
0 0.824219 0.465820 0.089844 0.103516
0 0.915039 0.534180 0.083984 0.103516
0 0.971680 0.599609 0.056641 0.078125
0 0.861328 0.590820 0.132812 0.107422
0 0.968750 0.779297 0.062500 0.125000
0 0.908203 0.721680 0.097656 0.091797
0 0.859375 0.827148 0.117188 0.107422
0 0.847656 0.925781 0.085938 0.085938
0 0.773438 0.818359 0.093750 0.101562
0 0.831055 0.705078 0.083984 0.097656
0 0.291992 0.465820 0.095703 0.095703
0 0.408203 0.531250 0.117188 0.097656
0 0.523438 0.623047 0.121094 0.078125
0 0.393555 0.629883 0.111328 0.103516
0 0.200195 0.533203 0.103516 0.082031
0 0.250977 0.613281 0.099609 0.085938
0 0.057617 0.597656 0.095703 0.089844
0 0.142578 0.602539 0.089844 0.068359
0 0.134766 0.671875 0.097656 0.074219
0 0.039062 0.675781 0.066406 0.058594
0 0.033203 0.743164 0.058594 0.080078
0 0.043945 0.841797 0.076172 0.078125
0 0.632812 0.763672 0.132812 0.136719
0 0.659180 0.886719 0.107422 0.105469
0 0.533203 0.772461 0.101562 0.107422
0 0.537109 0.885742 0.089844 0.091797
0 0.388672 0.750000 0.113281 0.093750
0 0.393555 0.878906 0.123047 0.109375
0 0.245117 0.804688 0.103516 0.121094
0 0.235352 0.933594 0.111328 0.097656
