0 0.178711 0.074219 0.166016 0.097656
0 0.049805 0.050781 0.095703 0.097656
0 0.056641 0.169922 0.089844 0.117188
0 0.197266 0.180664 0.164062 0.111328
0 0.318359 0.055664 0.097656 0.107422
0 0.383789 0.143555 0.138672 0.087891
0 0.537109 0.166992 0.148438 0.138672
0 0.596680 0.318359 0.111328 0.128906
0 0.503906 0.437500 0.140625 0.148438
0 0.358398 0.436523 0.119141 0.162109
0 0.309570 0.264648 0.142578 0.146484
0 0.587891 0.078125 0.125000 0.125000
0 0.724609 0.052734 0.148438 0.101562
0 0.948242 0.047852 0.103516 0.080078
0 0.746094 0.204102 0.187500 0.158203
0 0.690430 0.338867 0.111328 0.142578
0 0.814453 0.374023 0.148438 0.146484
0 0.936523 0.288086 0.126953 0.185547
0 0.931641 0.498047 0.136719 0.128906
0 0.850586 0.598633 0.080078 0.119141
0 0.846680 0.735352 0.076172 0.134766
0 0.921875 0.816406 0.121094 0.097656
0 0.958984 0.891602 0.082031 0.080078
0 0.877930 0.910156 0.095703 0.152344
0 0.742188 0.890625 0.152344 0.132812
0 0.609375 0.951172 0.117188 0.097656
0 0.668945 0.492188 0.259766 0.132812
0 0.778320 0.625000 0.095703 0.140625
0 0.739258 0.756836 0.080078 0.115234
0 0.504883 0.897461 0.119141 0.099609
0 0.419922 0.791016 0.125000 0.160156
0 0.452148 0.607422 0.162109 0.167969
0 0.262695 0.549805 0.154297 0.130859
0 0.256836 0.677734 0.138672 0.113281
0 0.285156 0.806641 0.109375 0.125000
0 0.241211 0.919922 0.130859 0.097656
0 0.108398 0.920898 0.134766 0.091797
0 0.038086 0.816406 0.068359 0.128906
0 0.050781 0.661133 0.089844 0.150391
0 0.157227 0.536133 0.111328 0.119141
0 0.058594 0.503906 0.101562 0.156250
0 0.072266 0.287109 0.117188 0.097656
