0 0.317383 0.063477 0.158203 0.123047
0 0.450195 0.055664 0.115234 0.103516
0 0.250000 0.126953 0.117188 0.156250
0 0.123047 0.323242 0.183594 0.138672
0 0.284180 0.273438 0.111328 0.164062
0 0.226562 0.407227 0.125000 0.134766
0 0.045898 0.479492 0.083984 0.123047
0 0.151367 0.505859 0.099609 0.085938
0 0.176758 0.606445 0.162109 0.103516
0 0.289062 0.708984 0.132812 0.187500
0 0.287109 0.904297 0.171875 0.187500
0 0.058594 0.676758 0.109375 0.142578
0 0.064453 0.863281 0.121094 0.179688
0 0.161133 0.728516 0.154297 0.156250
0 0.362305 0.615234 0.107422 0.128906
0 0.475586 0.666016 0.150391 0.175781
0 0.377930 0.481445 0.130859 0.169922
0 0.375000 0.320312 0.101562 0.160156
0 0.470703 0.246094 0.152344 0.152344
0 0.612305 0.255859 0.119141 0.167969
0 0.636719 0.551758 0.132812 0.185547
0 0.584961 0.687500 0.154297 0.093750
0 0.730469 0.677734 0.074219 0.164062
0 0.845703 0.808594 0.171875 0.125000
0 0.705078 0.832031 0.109375 0.109375
0 0.580078 0.809570 0.164062 0.111328
0 0.442383 0.849609 0.103516 0.125000
0 0.478516 0.945312 0.144531 0.109375
0 0.657227 0.944336 0.158203 0.111328
0 0.782227 0.929688 0.080078 0.140625
0 0.897461 0.935547 0.095703 0.128906
0 0.752930 0.300781 0.134766 0.218750
0 0.900391 0.357422 0.191406 0.125000
0 0.954102 0.761719 0.091797 0.109375
0 0.603516 0.061523 0.136719 0.103516
0 0.847656 0.500977 0.183594 0.130859
