0 0.818359 0.067383 0.179688 0.130859
0 0.951172 0.093750 0.097656 0.140625
0 0.876953 0.232422 0.117188 0.156250
0 0.701172 0.165039 0.160156 0.185547
0 0.319336 0.233398 0.169922 0.123047
0 0.454102 0.200195 0.123047 0.119141
0 0.571289 0.286133 0.154297 0.142578
0 0.625000 0.375977 0.109375 0.107422
0 0.869141 0.426758 0.128906 0.220703
0 0.882812 0.629883 0.136719 0.189453
0 0.943359 0.698242 0.113281 0.134766
0 0.974609 0.327148 0.050781 0.126953
0 0.742188 0.310547 0.136719 0.160156
0 0.745117 0.533203 0.150391 0.246094
0 0.587891 0.524414 0.128906 0.189453
0 0.515625 0.439453 0.074219 0.191406
0 0.401367 0.335938 0.162109 0.121094
0 0.213867 0.375000 0.142578 0.167969
0 0.099609 0.435547 0.093750 0.148438
0 0.038086 0.511719 0.072266 0.218750
0 0.128906 0.598633 0.101562 0.173828
0 0.067383 0.873047 0.111328 0.156250
0 0.265625 0.810547 0.171875 0.128906
0 0.389648 0.921875 0.087891 0.156250
0 0.546875 0.837891 0.148438 0.128906
0 0.726562 0.790039 0.156250 0.189453
0 0.542969 0.940430 0.156250 0.119141
0 0.683594 0.940430 0.097656 0.119141
0 0.264648 0.096680 0.146484 0.162109
0 0.520508 0.080078 0.142578 0.136719
0 0.584961 0.132812 0.146484 0.156250
