0 0.843750 0.929688 0.121094 0.085938
0 0.750977 0.915039 0.091797 0.111328
0 0.658203 0.880859 0.121094 0.093750
0 0.639648 0.966797 0.119141 0.066406
0 0.540039 0.917969 0.099609 0.085938
0 0.455078 0.859375 0.121094 0.082031
0 0.508789 0.960938 0.083984 0.062500
0 0.422852 0.910156 0.099609 0.093750
0 0.369141 0.823242 0.078125 0.068359
0 0.781250 0.804688 0.121094 0.097656
0 0.845703 0.743164 0.085938 0.111328
0 0.908203 0.663086 0.085938 0.119141
0 0.958984 0.585938 0.082031 0.109375
0 0.835938 0.497070 0.144531 0.142578
0 0.708008 0.417969 0.087891 0.105469
0 0.799805 0.387695 0.091797 0.076172
0 0.754883 0.335938 0.080078 0.082031
0 0.916016 0.285156 0.101562 0.097656
0 0.925781 0.197266 0.101562 0.085938
0 0.662109 0.317383 0.101562 0.091797
0 0.561523 0.292969 0.099609 0.089844
0 0.465820 0.244141 0.107422 0.097656
0 0.344727 0.270508 0.123047 0.087891
0 0.274414 0.224609 0.099609 0.089844
0 0.288086 0.121094 0.115234 0.101562
0 0.197266 0.054688 0.113281 0.085938
0 0.100586 0.038086 0.103516 0.068359
0 0.882812 0.100586 0.078125 0.083984
0 0.970703 0.969727 0.058594 0.060547
0 0.105469 0.827148 0.128906 0.111328
0 0.084961 0.939453 0.138672 0.121094
0 0.066406 0.645508 0.121094 0.095703
0 0.237305 0.580078 0.095703 0.101562
0 0.161133 0.689453 0.080078 0.097656
0 0.087891 0.537109 0.054688 0.062500
0 0.026367 0.564453 0.044922 0.062500
0 0.020508 0.795898 0.037109 0.091797
