0 0.787109 0.067383 0.121094 0.119141
0 0.801758 0.193359 0.126953 0.105469
0 0.684570 0.121094 0.068359 0.078125
0 0.600586 0.091797 0.056641 0.066406
0 0.879883 0.261719 0.087891 0.105469
0 0.955078 0.117188 0.089844 0.125000
0 0.951172 0.236328 0.097656 0.144531
0 0.936523 0.348633 0.072266 0.119141
0 0.950195 0.418945 0.099609 0.095703
0 0.865234 0.363281 0.062500 0.097656
0 0.782227 0.368164 0.115234 0.083984
0 0.772461 0.468750 0.134766 0.097656
0 0.653320 0.464844 0.091797 0.070312
0 0.579102 0.406250 0.095703 0.105469
0 0.586914 0.227539 0.126953 0.115234
0 0.484375 0.233398 0.105469 0.119141
0 0.416016 0.167969 0.105469 0.078125
0 0.399414 0.072266 0.111328 0.101562
0 0.391602 0.266602 0.087891 0.115234
0 0.627930 0.322266 0.111328 0.089844
0 0.870117 0.876953 0.099609 0.113281
0 0.810547 0.750000 0.109375 0.113281
0 0.805664 0.653320 0.107422 0.107422
0 0.701172 0.586914 0.117188 0.107422
0 0.691406 0.708008 0.144531 0.119141
0 0.751953 0.813477 0.109375 0.083984
0 0.671875 0.925781 0.093750 0.105469
0 0.563477 0.940430 0.099609 0.103516
0 0.483398 0.979492 0.080078 0.041016
0 0.470703 0.820312 0.113281 0.101562
0 0.591797 0.559570 0.121094 0.103516
0 0.502930 0.610352 0.115234 0.115234
0 0.458008 0.726562 0.123047 0.089844
0 0.399414 0.948242 0.111328 0.103516
0 0.366211 0.829102 0.083984 0.111328
0 0.055664 0.964844 0.072266 0.066406
0 0.042969 0.885742 0.074219 0.111328
0 0.127930 0.939453 0.119141 0.097656
0 0.142578 0.820312 0.117188 0.117188
0 0.258789 0.916992 0.158203 0.142578
0 0.277344 0.725586 0.097656 0.091797
0 0.244141 0.792969 0.082031 0.078125
0 0.170898 0.708984 0.095703 0.101562
0 0.066406 0.672852 0.093750 0.123047
0 0.140625 0.614258 0.101562 0.087891
0 0.077148 0.534180 0.083984 0.087891
0 0.055664 0.430664 0.095703 0.099609
