0 0.111328 0.025391 0.121094 0.046875
0 0.249023 0.048828 0.115234 0.066406
0 0.340820 0.025391 0.091797 0.046875
0 0.087891 0.172852 0.097656 0.080078
0 0.193359 0.177734 0.101562 0.062500
0 0.181641 0.250000 0.136719 0.089844
0 0.334961 0.193359 0.076172 0.093750
0 0.259766 0.293945 0.074219 0.083984
0 0.209961 0.405273 0.107422 0.099609
0 0.331055 0.365234 0.072266 0.109375
0 0.348633 0.492188 0.091797 0.132812
0 0.268555 0.568359 0.080078 0.109375
0 0.140625 0.587891 0.117188 0.093750
0 0.041016 0.627930 0.078125 0.111328
0 0.035156 0.739258 0.066406 0.080078
0 0.326172 0.661133 0.132812 0.076172
0 0.493164 0.632812 0.123047 0.089844
0 0.448242 0.687500 0.083984 0.074219
0 0.541992 0.773438 0.087891 0.121094
0 0.601562 0.696289 0.097656 0.083984
0 0.735352 0.762695 0.150391 0.083984
0 0.648438 0.818359 0.089844 0.109375
0 0.618164 0.929688 0.064453 0.101562
0 0.547852 0.883789 0.091797 0.103516
0 0.748047 0.850586 0.089844 0.099609
0 0.705078 0.969727 0.066406 0.060547
0 0.870117 0.715820 0.134766 0.076172
0 0.895508 0.761719 0.099609 0.050781
0 0.942383 0.312500 0.107422 0.101562
0 0.957031 0.179688 0.085938 0.078125
0 0.860352 0.152344 0.115234 0.085938
0 0.834961 0.246094 0.099609 0.101562
0 0.738281 0.182617 0.121094 0.103516
0 0.783203 0.088867 0.089844 0.115234
0 0.665039 0.046875 0.123047 0.085938
0 0.615234 0.108398 0.128906 0.095703
