0 0.048828 0.490234 0.089844 0.117188
0 0.110352 0.582031 0.072266 0.050781
0 0.228516 0.571289 0.093750 0.080078
0 0.287109 0.690430 0.101562 0.103516
0 0.400391 0.699219 0.097656 0.101562
0 0.372070 0.551758 0.119141 0.099609
0 0.354492 0.437500 0.126953 0.089844
0 0.321289 0.321289 0.076172 0.083984
0 0.239258 0.306641 0.080078 0.082031
0 0.399414 0.333984 0.068359 0.093750
0 0.389648 0.194336 0.087891 0.087891
0 0.421875 0.252930 0.066406 0.068359
0 0.518555 0.282227 0.095703 0.111328
0 0.463867 0.158203 0.087891 0.109375
0 0.419922 0.060547 0.105469 0.105469
0 0.488281 0.040039 0.070312 0.072266
0 0.574219 0.179688 0.093750 0.093750
0 0.543945 0.378906 0.126953 0.113281
0 0.521484 0.500000 0.093750 0.117188
0 0.622070 0.588867 0.091797 0.095703
0 0.657227 0.738281 0.099609 0.105469
0 0.430664 0.793945 0.099609 0.068359
0 0.574219 0.832031 0.109375 0.121094
0 0.661133 0.910156 0.111328 0.082031
0 0.694336 0.818359 0.060547 0.082031
0 0.746094 0.788086 0.078125 0.080078
0 0.738281 0.969727 0.101562 0.060547
0 0.946289 0.912109 0.068359 0.109375
0 0.951172 0.467773 0.085938 0.095703
0 0.948242 0.334961 0.095703 0.115234
0 0.883789 0.181641 0.087891 0.093750
0 0.814453 0.108398 0.082031 0.087891
0 0.695312 0.115234 0.089844 0.093750
