0 0.944336 0.070312 0.111328 0.085938
0 0.955078 0.164062 0.089844 0.105469
0 0.841797 0.176758 0.101562 0.103516
0 0.730469 0.222656 0.109375 0.101562
0 0.635742 0.246094 0.099609 0.078125
0 0.541992 0.224609 0.087891 0.089844
0 0.488281 0.147461 0.054688 0.107422
0 0.422852 0.125000 0.099609 0.101562
0 0.285156 0.041016 0.109375 0.070312
0 0.095703 0.090820 0.089844 0.080078
0 0.169922 0.170898 0.136719 0.119141
0 0.048828 0.189453 0.089844 0.128906
0 0.317383 0.250977 0.099609 0.123047
0 0.414062 0.291016 0.074219 0.093750
0 0.488281 0.329102 0.078125 0.095703
0 0.598633 0.350586 0.103516 0.091797
0 0.698242 0.430664 0.115234 0.099609
0 0.211914 0.326172 0.091797 0.113281
0 0.299805 0.396484 0.087891 0.097656
0 0.393555 0.403320 0.119141 0.115234
0 0.524414 0.459961 0.119141 0.111328
0 0.034180 0.510742 0.060547 0.087891
0 0.102539 0.485352 0.072266 0.064453
0 0.207031 0.438477 0.074219 0.083984
0 0.296875 0.533203 0.093750 0.125000
0 0.399414 0.520508 0.103516 0.111328
0 0.477539 0.564453 0.107422 0.113281
0 0.595703 0.552734 0.113281 0.109375
0 0.663086 0.644531 0.111328 0.089844
0 0.724609 0.753906 0.105469 0.113281
0 0.619141 0.751953 0.101562 0.105469
0 0.178711 0.613281 0.099609 0.101562
0 0.235352 0.705078 0.103516 0.117188
0 0.280273 0.818359 0.087891 0.082031
0 0.050781 0.921875 0.089844 0.109375
0 0.336914 0.937500 0.099609 0.125000
0 0.444336 0.969727 0.091797 0.060547
0 0.546875 0.957031 0.125000 0.070312
0 0.860352 0.719727 0.126953 0.115234
0 0.931641 0.609375 0.136719 0.136719
0 0.926758 0.804688 0.115234 0.105469
0 0.975586 0.897461 0.048828 0.111328
0 0.870117 0.487305 0.099609 0.095703
