0 0.957031 0.188477 0.085938 0.083984
0 0.849609 0.165039 0.109375 0.087891
0 0.773438 0.097656 0.093750 0.097656
0 0.670898 0.058594 0.083984 0.070312
0 0.746094 0.181641 0.093750 0.070312
0 0.253906 0.051758 0.128906 0.076172
0 0.190430 0.160156 0.099609 0.082031
0 0.269531 0.287109 0.089844 0.093750
0 0.268555 0.531250 0.060547 0.136719
0 0.217773 0.399414 0.119141 0.095703
0 0.037109 0.618164 0.070312 0.099609
0 0.531250 0.764648 0.097656 0.134766
0 0.624023 0.933594 0.087891 0.109375
0 0.673828 0.802734 0.117188 0.105469
0 0.600586 0.705078 0.091797 0.089844
