0 0.152344 0.703125 0.156250 0.156250
0 0.050781 0.623047 0.093750 0.167969
0 0.328125 0.509766 0.085938 0.113281
0 0.238281 0.541016 0.093750 0.128906
0 0.703125 0.207031 0.148438 0.156250
0 0.402344 0.490234 0.085938 0.121094
0 0.482422 0.449219 0.082031 0.085938
0 0.501953 0.373047 0.089844 0.089844
0 0.582031 0.271484 0.101562 0.097656
0 0.542969 0.179688 0.093750 0.078125
0 0.238281 0.365234 0.109375 0.066406
0 0.798828 0.111328 0.136719 0.121094
0 0.816406 0.488281 0.132812 0.140625
0 0.666016 0.722656 0.089844 0.093750
0 0.804688 0.644531 0.109375 0.140625
0 0.953125 0.369141 0.085938 0.097656
0 0.939453 0.531250 0.082031 0.093750
0 0.888672 0.945312 0.144531 0.109375
0 0.361328 0.957031 0.144531 0.085938
