0 0.457031 0.867188 0.164062 0.125000
0 0.853516 0.937500 0.136719 0.125000
0 0.896484 0.806641 0.128906 0.128906
0 0.683594 0.615234 0.140625 0.128906
0 0.904297 0.433594 0.144531 0.156250
0 0.568359 0.335938 0.152344 0.117188
0 0.660156 0.236328 0.117188 0.113281
0 0.787109 0.111328 0.105469 0.105469
0 0.917969 0.046875 0.109375 0.085938
0 0.138672 0.287109 0.128906 0.128906
0 0.390625 0.154297 0.117188 0.121094
0 0.132812 0.123047 0.109375 0.128906
0 0.255859 0.089844 0.128906 0.101562
0 0.251953 0.210938 0.105469 0.101562
0 0.277344 0.304688 0.093750 0.085938
0 0.341797 0.039062 0.121094 0.070312
0 0.218750 0.634766 0.093750 0.082031
