0 0.150391 0.654297 0.121094 0.097656
0 0.146484 0.564453 0.121094 0.089844
0 0.041016 0.527344 0.074219 0.148438
0 0.033203 0.783203 0.058594 0.167969
0 0.253906 0.431641 0.140625 0.128906
0 0.132812 0.406250 0.125000 0.109375
0 0.408203 0.353516 0.136719 0.136719
0 0.316406 0.236328 0.132812 0.113281
0 0.458984 0.197266 0.136719 0.121094
0 0.511719 0.609375 0.140625 0.156250
0 0.408203 0.759766 0.160156 0.121094
0 0.642578 0.482422 0.136719 0.167969
0 0.808594 0.390625 0.156250 0.156250
0 0.830078 0.236328 0.207031 0.136719
0 0.822266 0.714844 0.121094 0.132812
0 0.974609 0.128906 0.050781 0.109375
0 0.910156 0.572266 0.109375 0.113281
0 0.744141 0.839844 0.113281 0.125000
0 0.603516 0.908203 0.121094 0.105469
0 0.474609 0.951172 0.128906 0.097656
0 0.970703 0.664062 0.058594 0.117188
