0 0.031250 0.109375 0.054688 0.101562
0 0.060547 0.205078 0.089844 0.113281
0 0.056641 0.509766 0.105469 0.113281
0 0.113281 0.386719 0.125000 0.125000
0 0.031250 0.671875 0.046875 0.093750
0 0.154297 0.632812 0.113281 0.093750
0 0.261719 0.492188 0.101562 0.117188
0 0.251953 0.345703 0.097656 0.105469
0 0.347656 0.248047 0.101562 0.089844
0 0.490234 0.150391 0.113281 0.105469
0 0.486328 0.451172 0.144531 0.128906
0 0.634766 0.339844 0.097656 0.140625
0 0.716797 0.246094 0.105469 0.101562
0 0.566406 0.564453 0.093750 0.121094
0 0.666016 0.445312 0.121094 0.101562
0 0.804688 0.322266 0.101562 0.105469
0 0.890625 0.126953 0.210938 0.121094
0 0.910156 0.242188 0.101562 0.093750
0 0.357422 0.939453 0.113281 0.105469
0 0.246094 0.960938 0.132812 0.078125
0 0.798828 0.664062 0.097656 0.093750
0 0.966797 0.828125 0.066406 0.117188
0 0.687500 0.876953 0.125000 0.136719
