0 0.421875 0.818359 0.117188 0.121094
0 0.322266 0.875000 0.097656 0.109375
0 0.296875 0.957031 0.109375 0.085938
0 0.169922 0.953125 0.105469 0.078125
0 0.765625 0.601562 0.117188 0.140625
0 0.830078 0.500000 0.121094 0.125000
0 0.951172 0.359375 0.097656 0.140625
0 0.152344 0.537109 0.109375 0.089844
0 0.289062 0.498047 0.109375 0.082031
0 0.427734 0.625000 0.128906 0.093750
0 0.318359 0.320312 0.105469 0.078125
0 0.431641 0.351562 0.097656 0.085938
0 0.373047 0.455078 0.113281 0.089844
0 0.509766 0.083984 0.089844 0.066406
0 0.513672 0.312500 0.082031 0.093750
0 0.367188 0.121094 0.109375 0.078125
0 0.251953 0.185547 0.121094 0.089844
0 0.046875 0.382812 0.085938 0.117188
0 0.572266 0.150391 0.105469 0.097656
0 0.818359 0.031250 0.105469 0.054688
0 0.869141 0.175781 0.113281 0.101562
