0 0.648438 0.136719 0.101562 0.101562
0 0.714844 0.232422 0.109375 0.097656
0 0.556641 0.126953 0.082031 0.113281
0 0.593750 0.246094 0.093750 0.125000
0 0.562500 0.333984 0.093750 0.152344
0 0.679688 0.335938 0.125000 0.148438
0 0.638672 0.460938 0.113281 0.156250
0 0.871094 0.417969 0.117188 0.140625
0 0.816406 0.326172 0.085938 0.113281
0 0.777344 0.542969 0.125000 0.125000
0 0.910156 0.546875 0.109375 0.140625
0 0.888672 0.687500 0.121094 0.132812
0 0.455078 0.751953 0.089844 0.199219
0 0.501953 0.585938 0.113281 0.156250
0 0.617188 0.724609 0.156250 0.167969
0 0.576172 0.845703 0.152344 0.113281
0 0.601562 0.960938 0.125000 0.078125
