0 0.826172 0.460938 0.105469 0.132812
0 0.767578 0.570312 0.121094 0.117188
0 0.705078 0.455078 0.105469 0.113281
0 0.951172 0.445312 0.097656 0.117188
0 0.921875 0.597656 0.125000 0.125000
0 0.863281 0.685547 0.093750 0.089844
0 0.970703 0.732422 0.058594 0.136719
0 0.884766 0.775391 0.097656 0.097656
0 0.964844 0.876953 0.070312 0.121094
0 0.773438 0.244141 0.078125 0.121094
0 0.859375 0.302734 0.117188 0.050781
0 0.808594 0.107422 0.093750 0.113281
0 0.941406 0.126953 0.101562 0.082031
0 0.896484 0.193359 0.105469 0.082031
0 0.873047 0.031250 0.113281 0.054688
0 0.568359 0.160156 0.089844 0.093750
0 0.515625 0.132812 0.085938 0.093750
