0 0.107422 0.558594 0.128906 0.140625
0 0.187500 0.699219 0.132812 0.148438
0 0.261719 0.861328 0.140625 0.144531
0 0.138672 0.882812 0.105469 0.093750
0 0.035156 0.835938 0.062500 0.085938
0 0.056641 0.720703 0.097656 0.167969
0 0.058594 0.431641 0.101562 0.128906
0 0.037109 0.296875 0.066406 0.109375
0 0.068359 0.072266 0.066406 0.089844
0 0.210938 0.093750 0.164062 0.101562
0 0.136719 0.207031 0.101562 0.117188
0 0.208984 0.343750 0.089844 0.117188
0 0.296875 0.412109 0.093750 0.113281
0 0.322266 0.220703 0.082031 0.121094
0 0.402344 0.283203 0.085938 0.113281
0 0.412109 0.093750 0.089844 0.101562
0 0.478516 0.179688 0.097656 0.109375
0 0.576172 0.345703 0.097656 0.089844
0 0.595703 0.439453 0.089844 0.089844
0 0.443359 0.498047 0.136719 0.167969
0 0.308594 0.576172 0.093750 0.097656
0 0.376953 0.728516 0.089844 0.105469
0 0.398438 0.847656 0.062500 0.093750
0 0.470703 0.744141 0.082031 0.105469
0 0.603516 0.568359 0.121094 0.113281
0 0.611328 0.730469 0.160156 0.140625
0 0.757812 0.677734 0.125000 0.175781
0 0.781250 0.841797 0.101562 0.105469
0 0.568359 0.900391 0.144531 0.113281
0 0.746094 0.939453 0.117188 0.105469
0 0.900391 0.583984 0.144531 0.121094
0 0.794922 0.490234 0.121094 0.113281
0 0.931641 0.484375 0.089844 0.093750
0 0.878906 0.410156 0.109375 0.101562
0 0.763672 0.367188 0.128906 0.125000
0 0.873047 0.300781 0.105469 0.117188
0 0.765625 0.240234 0.132812 0.121094
0 0.677734 0.283203 0.082031 0.113281
0 0.568359 0.132812 0.089844 0.101562
0 0.675781 0.128906 0.109375 0.125000
0 0.835938 0.150391 0.093750 0.113281
0 0.603516 0.042969 0.113281 0.078125
0 0.736328 0.037109 0.105469 0.066406
