0 0.279297 0.390625 0.144531 0.148438
0 0.332031 0.570312 0.132812 0.148438
0 0.492188 0.402344 0.093750 0.125000
0 0.251953 0.224609 0.121094 0.144531
0 0.275391 0.945312 0.105469 0.109375
0 0.562500 0.757812 0.148438 0.109375
0 0.603516 0.898438 0.089844 0.093750
0 0.673828 0.951172 0.089844 0.089844
0 0.474609 0.728516 0.089844 0.128906
0 0.656250 0.570312 0.101562 0.148438
0 0.855469 0.611328 0.125000 0.136719
0 0.826172 0.929688 0.097656 0.109375
0 0.931641 0.439453 0.136719 0.152344
0 0.955078 0.714844 0.089844 0.093750
0 0.509766 0.164062 0.121094 0.148438
0 0.671875 0.378906 0.078125 0.125000
0 0.748047 0.183594 0.113281 0.164062
0 0.660156 0.054688 0.148438 0.085938
0 0.101562 0.714844 0.117188 0.132812
0 0.130859 0.886719 0.128906 0.109375
0 0.072266 0.488281 0.105469 0.171875
