0 0.066406 0.070312 0.117188 0.117188
0 0.058594 0.232422 0.101562 0.136719
0 0.238281 0.224609 0.132812 0.152344
0 0.103516 0.517578 0.089844 0.097656
0 0.185547 0.562500 0.105469 0.117188
0 0.041016 0.695312 0.074219 0.093750
0 0.449219 0.671875 0.078125 0.117188
0 0.537109 0.458984 0.113281 0.136719
0 0.615234 0.320312 0.105469 0.101562
0 0.744141 0.183594 0.105469 0.101562
0 0.703125 0.408203 0.148438 0.121094
0 0.408203 0.771484 0.097656 0.113281
0 0.218750 0.841797 0.125000 0.121094
0 0.367188 0.943359 0.125000 0.113281
0 0.564453 0.705078 0.097656 0.121094
0 0.552734 0.894531 0.105469 0.117188
0 0.689453 0.611328 0.082031 0.113281
0 0.771484 0.599609 0.066406 0.128906
