0 0.343750 0.484375 0.132812 0.117188
0 0.595703 0.373047 0.160156 0.121094
0 0.664062 0.638672 0.109375 0.128906
0 0.527344 0.707031 0.101562 0.109375
0 0.441406 0.779297 0.109375 0.113281
0 0.308594 0.927734 0.125000 0.113281
0 0.162109 0.839844 0.074219 0.140625
0 0.216797 0.687500 0.152344 0.148438
0 0.699219 0.494141 0.109375 0.121094
0 0.203125 0.300781 0.117188 0.101562
0 0.103516 0.330078 0.136719 0.097656
0 0.085938 0.404297 0.148438 0.089844
0 0.107422 0.683594 0.089844 0.132812
0 0.064453 0.871094 0.097656 0.109375
0 0.064453 0.164062 0.089844 0.148438
0 0.556641 0.160156 0.136719 0.085938
0 0.664062 0.175781 0.101562 0.085938
0 0.841797 0.541016 0.105469 0.113281
0 0.806641 0.394531 0.089844 0.164062
0 0.833984 0.654297 0.121094 0.128906
0 0.896484 0.738281 0.136719 0.132812
0 0.648438 0.806641 0.101562 0.074219
0 0.777344 0.082031 0.117188 0.093750
0 0.404297 0.238281 0.121094 0.070312
