0 0.144531 0.609375 0.093750 0.101562
0 0.066406 0.548828 0.109375 0.121094
0 0.046875 0.753906 0.078125 0.070312
0 0.289062 0.496094 0.101562 0.085938
0 0.384766 0.740234 0.113281 0.136719
0 0.542969 0.771484 0.148438 0.097656
0 0.623047 0.666016 0.128906 0.121094
0 0.767578 0.701172 0.128906 0.113281
0 0.835938 0.515625 0.101562 0.093750
0 0.945312 0.464844 0.109375 0.109375
0 0.691406 0.478516 0.125000 0.121094
0 0.519531 0.550781 0.125000 0.093750
0 0.421875 0.576172 0.117188 0.128906
0 0.404297 0.453125 0.105469 0.093750
0 0.492188 0.400391 0.101562 0.082031
0 0.593750 0.431641 0.109375 0.105469
0 0.789062 0.289062 0.109375 0.109375
0 0.970703 0.169922 0.058594 0.121094
0 0.632812 0.187500 0.132812 0.140625
0 0.419922 0.298828 0.144531 0.089844
0 0.138672 0.273438 0.128906 0.125000
0 0.417969 0.187500 0.132812 0.101562
0 0.660156 0.058594 0.125000 0.109375
0 0.837891 0.046875 0.113281 0.085938
