0 0.335938 0.865234 0.109375 0.105469
0 0.472656 0.904297 0.109375 0.097656
0 0.582031 0.822266 0.140625 0.121094
0 0.697266 0.791016 0.113281 0.105469
0 0.705078 0.904297 0.136719 0.105469
0 0.767578 0.632812 0.113281 0.101562
0 0.736328 0.332031 0.113281 0.093750
0 0.621094 0.654297 0.109375 0.105469
0 0.958984 0.652344 0.082031 0.132812
0 0.470703 0.582031 0.082031 0.085938
0 0.537109 0.650391 0.074219 0.105469
0 0.712891 0.445312 0.121094 0.109375
0 0.941406 0.201172 0.117188 0.128906
0 0.880859 0.431641 0.105469 0.121094
