0 0.273438 0.460938 0.109375 0.101562
0 0.214844 0.392578 0.117188 0.105469
0 0.269531 0.273438 0.132812 0.109375
0 0.039062 0.330078 0.070312 0.128906
0 0.029297 0.230469 0.050781 0.093750
0 0.253906 0.166016 0.148438 0.066406
0 0.037109 0.146484 0.066406 0.042969
0 0.253906 0.101562 0.125000 0.054688
0 0.091797 0.035156 0.160156 0.062500
0 0.326172 0.039062 0.121094 0.070312
0 0.521484 0.097656 0.121094 0.117188
0 0.546875 0.263672 0.140625 0.113281
0 0.619141 0.166016 0.113281 0.113281
0 0.697266 0.259766 0.113281 0.121094
0 0.732422 0.148438 0.121094 0.125000
0 0.640625 0.046875 0.125000 0.085938
0 0.724609 0.345703 0.089844 0.089844
0 0.783203 0.394531 0.113281 0.093750
0 0.783203 0.052734 0.097656 0.097656
0 0.841797 0.142578 0.097656 0.113281
0 0.876953 0.246094 0.121094 0.109375
0 0.955078 0.154297 0.089844 0.128906
0 0.904297 0.044922 0.128906 0.082031
0 0.949219 0.601562 0.101562 0.085938
0 0.960938 0.757812 0.078125 0.109375
0 0.931641 0.519531 0.082031 0.085938
