0 0.054688 0.410156 0.093750 0.101562
0 0.054688 0.292969 0.085938 0.109375
0 0.132812 0.119141 0.109375 0.082031
0 0.037109 0.074219 0.066406 0.109375
0 0.230469 0.531250 0.101562 0.117188
0 0.191406 0.658203 0.085938 0.089844
0 0.117188 0.687500 0.109375 0.101562
0 0.113281 0.828125 0.093750 0.085938
0 0.109375 0.902344 0.117188 0.070312
0 0.433594 0.539062 0.093750 0.101562
0 0.513672 0.527344 0.089844 0.093750
0 0.380859 0.693359 0.128906 0.105469
0 0.501953 0.908203 0.128906 0.105469
0 0.724609 0.878906 0.113281 0.109375
0 0.833984 0.832031 0.121094 0.101562
0 0.906250 0.917969 0.109375 0.117188
0 0.771484 0.300781 0.105469 0.109375
0 0.960938 0.800781 0.078125 0.101562
0 0.855469 0.085938 0.148438 0.148438
