0 0.306641 0.226562 0.144531 0.140625
0 0.484375 0.312500 0.171875 0.156250
0 0.523438 0.468750 0.117188 0.117188
0 0.439453 0.648438 0.175781 0.148438
0 0.417969 0.115234 0.171875 0.191406
0 0.591797 0.201172 0.082031 0.105469
0 0.275391 0.492188 0.066406 0.125000
0 0.212891 0.117188 0.066406 0.132812
0 0.171875 0.587891 0.070312 0.121094
0 0.123047 0.173828 0.113281 0.214844
0 0.638672 0.771484 0.121094 0.128906
0 0.699219 0.898438 0.109375 0.125000
0 0.806641 0.849609 0.113281 0.152344
0 0.646484 0.578125 0.105469 0.148438
0 0.851562 0.542969 0.117188 0.148438
0 0.792969 0.419922 0.132812 0.128906
0 0.789062 0.167969 0.140625 0.125000
0 0.949219 0.226562 0.101562 0.148438
