0 0.214844 0.179688 0.101562 0.132812
0 0.099609 0.175781 0.121094 0.125000
0 0.099609 0.337891 0.136719 0.152344
0 0.238281 0.414062 0.093750 0.125000
0 0.310547 0.351562 0.097656 0.109375
0 0.287109 0.181641 0.074219 0.089844
0 0.361328 0.515625 0.097656 0.085938
0 0.169922 0.724609 0.167969 0.128906
0 0.261719 0.646484 0.117188 0.152344
0 0.367188 0.777344 0.171875 0.140625
0 0.404297 0.658203 0.089844 0.105469
0 0.515625 0.892578 0.093750 0.105469
0 0.402344 0.941406 0.156250 0.117188
0 0.207031 0.925781 0.156250 0.148438
