0 0.441406 0.058594 0.101562 0.109375
0 0.806641 0.164062 0.144531 0.148438
0 0.951172 0.226562 0.097656 0.156250
0 0.103516 0.039062 0.121094 0.070312
0 0.142578 0.267578 0.128906 0.089844
0 0.316406 0.376953 0.117188 0.097656
0 0.501953 0.482422 0.105469 0.089844
0 0.490234 0.546875 0.121094 0.085938
0 0.349609 0.478516 0.121094 0.097656
0 0.447266 0.626953 0.121094 0.113281
0 0.375000 0.701172 0.132812 0.128906
0 0.046875 0.343750 0.085938 0.148438
0 0.123047 0.423828 0.097656 0.128906
0 0.189453 0.484375 0.113281 0.117188
0 0.392578 0.875000 0.128906 0.140625
0 0.480469 0.857422 0.125000 0.121094
0 0.589844 0.910156 0.125000 0.109375
0 0.691406 0.960938 0.125000 0.078125
