0 0.121094 0.845703 0.164062 0.167969
0 0.560547 0.775391 0.183594 0.175781
0 0.662109 0.609375 0.160156 0.156250
0 0.933594 0.603516 0.132812 0.152344
0 0.847656 0.832031 0.125000 0.140625
0 0.740234 0.951172 0.136719 0.097656
0 0.511719 0.460938 0.125000 0.132812
0 0.314453 0.697266 0.152344 0.144531
0 0.197266 0.595703 0.152344 0.175781
0 0.335938 0.449219 0.171875 0.164062
0 0.357422 0.292969 0.128906 0.171875
0 0.195312 0.369141 0.171875 0.160156
0 0.201172 0.232422 0.152344 0.160156
0 0.724609 0.343750 0.128906 0.125000
0 0.955078 0.296875 0.089844 0.132812
0 0.945312 0.054688 0.109375 0.101562
