0 0.720703 0.078125 0.136719 0.140625
0 0.826172 0.169922 0.152344 0.136719
0 0.955078 0.128906 0.089844 0.156250
0 0.197266 0.162109 0.152344 0.113281
0 0.328125 0.193359 0.085938 0.097656
0 0.298828 0.380859 0.121094 0.105469
0 0.095703 0.521484 0.167969 0.160156
0 0.062500 0.722656 0.117188 0.179688
0 0.207031 0.707031 0.187500 0.203125
0 0.390625 0.806641 0.187500 0.167969
0 0.480469 0.683594 0.164062 0.179688
0 0.486328 0.458984 0.136719 0.167969
0 0.615234 0.476562 0.128906 0.148438
0 0.683594 0.591797 0.132812 0.175781
0 0.820312 0.482422 0.140625 0.144531
0 0.859375 0.578125 0.132812 0.132812
0 0.851562 0.941406 0.132812 0.117188
