0 0.085938 0.054688 0.125000 0.101562
0 0.343750 0.136719 0.125000 0.164062
0 0.228516 0.203125 0.152344 0.132812
0 0.173828 0.357422 0.128906 0.136719
0 0.328125 0.337891 0.156250 0.160156
0 0.289062 0.470703 0.148438 0.160156
0 0.037109 0.357422 0.066406 0.152344
0 0.068359 0.613281 0.113281 0.140625
0 0.089844 0.933594 0.132812 0.132812
0 0.210938 0.958984 0.125000 0.082031
0 0.355469 0.724609 0.171875 0.121094
0 0.501953 0.681641 0.175781 0.144531
0 0.484375 0.955078 0.132812 0.089844
0 0.744141 0.710938 0.191406 0.179688
0 0.783203 0.941406 0.121094 0.117188
0 0.857422 0.576172 0.136719 0.144531
0 0.957031 0.574219 0.085938 0.140625
0 0.791016 0.433594 0.136719 0.117188
0 0.623047 0.371094 0.152344 0.117188
0 0.701172 0.294922 0.121094 0.113281
0 0.701172 0.158203 0.121094 0.105469
