0 0.164062 0.800781 0.125000 0.164062
0 0.324219 0.927734 0.171875 0.144531
0 0.515625 0.957031 0.109375 0.085938
0 0.693359 0.957031 0.136719 0.085938
0 0.917969 0.914062 0.164062 0.164062
0 0.617188 0.582031 0.156250 0.148438
0 0.380859 0.664062 0.160156 0.156250
0 0.367188 0.431641 0.140625 0.167969
0 0.650391 0.308594 0.175781 0.179688
0 0.312500 0.230469 0.187500 0.125000
0 0.349609 0.044922 0.121094 0.082031
0 0.380859 0.123047 0.113281 0.121094
0 0.490234 0.027344 0.089844 0.046875
0 0.568359 0.085938 0.152344 0.125000
0 0.220703 0.042969 0.105469 0.078125
