0 0.050781 0.718750 0.093750 0.085938
0 0.304688 0.435547 0.132812 0.128906
0 0.343750 0.605469 0.140625 0.132812
0 0.232422 0.138672 0.105469 0.121094
0 0.478516 0.126953 0.183594 0.105469
0 0.677734 0.148438 0.160156 0.117188
0 0.462891 0.259766 0.144531 0.121094
0 0.496094 0.378906 0.117188 0.125000
0 0.609375 0.363281 0.156250 0.148438
0 0.361328 0.859375 0.136719 0.117188
0 0.181641 0.962891 0.121094 0.074219
0 0.484375 0.863281 0.109375 0.109375
0 0.730469 0.951172 0.140625 0.097656
0 0.945312 0.291016 0.109375 0.113281
0 0.958984 0.460938 0.082031 0.156250
0 0.890625 0.912109 0.117188 0.105469
0 0.765625 0.832031 0.085938 0.078125
