0 0.523438 0.906250 0.140625 0.140625
0 0.380859 0.955078 0.121094 0.089844
0 0.533203 0.667969 0.113281 0.070312
0 0.675781 0.322266 0.093750 0.089844
0 0.773438 0.322266 0.101562 0.089844
0 0.890625 0.322266 0.109375 0.097656
0 0.824219 0.513672 0.101562 0.105469
0 0.925781 0.546875 0.101562 0.117188
0 0.822266 0.611328 0.105469 0.113281
0 0.900391 0.648438 0.121094 0.125000
0 0.640625 0.107422 0.093750 0.105469
0 0.515625 0.177734 0.085938 0.105469
0 0.720703 0.232422 0.097656 0.113281
0 0.791016 0.068359 0.105469 0.089844
0 0.853516 0.119141 0.089844 0.089844
0 0.839844 0.218750 0.085938 0.093750
0 0.292969 0.095703 0.125000 0.105469
0 0.052734 0.476562 0.097656 0.101562
