0 0.228516 0.228516 0.089844 0.097656
0 0.326172 0.050781 0.097656 0.078125
0 0.259766 0.382812 0.082031 0.093750
0 0.316406 0.439453 0.085938 0.082031
0 0.341797 0.521484 0.074219 0.089844
0 0.382812 0.587891 0.070312 0.082031
0 0.390625 0.505859 0.078125 0.097656
0 0.505859 0.664062 0.121094 0.132812
0 0.093750 0.289062 0.109375 0.101562
0 0.076172 0.193359 0.097656 0.097656
0 0.160156 0.367188 0.109375 0.101562
0 0.310547 0.660156 0.105469 0.085938
0 0.279297 0.593750 0.082031 0.085938
0 0.386719 0.755859 0.085938 0.097656
0 0.400391 0.859375 0.074219 0.085938
0 0.314453 0.925781 0.136719 0.101562
0 0.337891 0.855469 0.105469 0.109375
0 0.554688 0.851562 0.125000 0.101562
0 0.605469 0.933594 0.109375 0.093750
0 0.462891 0.892578 0.089844 0.105469
0 0.175781 0.902344 0.085938 0.093750
0 0.236328 0.957031 0.113281 0.085938
0 0.041016 0.902344 0.074219 0.117188
0 0.789062 0.945312 0.125000 0.109375
0 0.625000 0.386719 0.101562 0.078125
0 0.535156 0.259766 0.085938 0.074219
0 0.781250 0.496094 0.093750 0.085938
0 0.750000 0.414062 0.109375 0.078125
0 0.521484 0.171875 0.097656 0.078125
0 0.607422 0.167969 0.089844 0.085938
0 0.632812 0.240234 0.101562 0.089844
