0 0.146484 0.394531 0.136719 0.109375
0 0.046875 0.572266 0.085938 0.121094
0 0.046875 0.455078 0.085938 0.128906
0 0.263672 0.250000 0.121094 0.132812
0 0.380859 0.246094 0.113281 0.140625
0 0.416016 0.164062 0.121094 0.101562
0 0.392578 0.070312 0.097656 0.101562
0 0.294922 0.060547 0.097656 0.097656
0 0.107422 0.074219 0.105469 0.101562
0 0.496094 0.097656 0.117188 0.109375
0 0.531250 0.201172 0.109375 0.128906
0 0.697266 0.273438 0.089844 0.093750
0 0.759766 0.197266 0.082031 0.097656
0 0.847656 0.232422 0.078125 0.082031
0 0.853516 0.310547 0.066406 0.089844
0 0.912109 0.279297 0.082031 0.097656
0 0.886719 0.095703 0.148438 0.128906
0 0.759766 0.082031 0.121094 0.109375
0 0.873047 0.427734 0.097656 0.089844
0 0.833984 0.529297 0.113281 0.113281
0 0.835938 0.646484 0.125000 0.105469
0 0.912109 0.707031 0.105469 0.085938
0 0.945312 0.503906 0.101562 0.101562
0 0.931641 0.611328 0.121094 0.105469
