0 0.820312 0.333984 0.125000 0.121094
0 0.769531 0.128906 0.140625 0.132812
0 0.675781 0.070312 0.109375 0.125000
0 0.951172 0.119141 0.097656 0.121094
0 0.875000 0.046875 0.109375 0.085938
0 0.654297 0.412109 0.121094 0.128906
0 0.712891 0.513672 0.136719 0.089844
0 0.689453 0.621094 0.128906 0.125000
0 0.804688 0.558594 0.085938 0.085938
0 0.810547 0.855469 0.160156 0.140625
0 0.910156 0.966797 0.125000 0.066406
0 0.960938 0.845703 0.078125 0.128906
0 0.314453 0.792969 0.097656 0.078125
0 0.302734 0.710938 0.121094 0.101562
0 0.457031 0.777344 0.109375 0.093750
0 0.466797 0.703125 0.082031 0.085938
0 0.439453 0.460938 0.082031 0.101562
0 0.337891 0.445312 0.097656 0.085938
0 0.556641 0.201172 0.105469 0.097656
