0 0.458984 0.099609 0.097656 0.089844
0 0.400391 0.042969 0.128906 0.078125
0 0.123047 0.148438 0.097656 0.093750
0 0.074219 0.300781 0.125000 0.093750
0 0.105469 0.408203 0.148438 0.113281
0 0.162109 0.539062 0.160156 0.132812
0 0.285156 0.550781 0.101562 0.101562
0 0.271484 0.431641 0.082031 0.089844
0 0.203125 0.298828 0.078125 0.097656
0 0.232422 0.218750 0.097656 0.101562
0 0.279297 0.314453 0.082031 0.097656
0 0.384766 0.408203 0.097656 0.089844
0 0.365234 0.496094 0.074219 0.085938
0 0.501953 0.535156 0.113281 0.101562
0 0.373047 0.599609 0.089844 0.105469
0 0.597656 0.376953 0.140625 0.128906
0 0.335938 0.816406 0.109375 0.117188
0 0.292969 0.921875 0.132812 0.117188
0 0.421875 0.753906 0.101562 0.093750
0 0.533203 0.896484 0.144531 0.121094
0 0.683594 0.822266 0.101562 0.121094
0 0.583984 0.662109 0.128906 0.105469
0 0.455078 0.712891 0.066406 0.097656
0 0.509766 0.804688 0.097656 0.117188
0 0.523438 0.685547 0.109375 0.105469
0 0.582031 0.792969 0.070312 0.117188
0 0.759766 0.421875 0.113281 0.101562
0 0.892578 0.843750 0.121094 0.132812
0 0.865234 0.613281 0.082031 0.117188
0 0.855469 0.498047 0.093750 0.105469
0 0.779297 0.287109 0.121094 0.144531
