0 0.29453125 0.01171875 0.0546875 0.0234375
0 0.24609375 0.01328125 0.0453125 0.0265625
0 0.28203125 0.01015625 0.0421875 0.0203125
0 0.2890625 0.01484375 0.05625 0.0296875
0 0.29921875 0.02109375 0.0703125 0.0421875
0 0.3625 0.01484375 0.065625 0.0296875
0 0.35 0.02421875 0.053125 0.0484375
0 0.3890625 0.05546875 0.0734375 0.071875
0 0.38515625 0.1046875 0.0609375 0.0578125
0 0.3421875 0.08828125 0.071875 0.065625
0 0.1953125 0.0390625 0.0671875 0.06875
0 0.165625 0.0703125 0.0421875 0.05625
0 0.12890625 0.15390625 0.0421875 0.04375
0 0.153125 0.1203125 0.059375 0.0609375
0 0.16953125 0.15625 0.0484375 0.0421875
0 0.14609375 0.19609375 0.053125 0.046875
0 0.1953125 0.2 0.0515625 0.0484375
0 0.20625 0.228125 0.053125 0.0515625
0 0.23515625 0.1609375 0.0546875 0.05
0 0.2359375 0.10859375 0.0609375 0.0609375
0 0.2765625 0.134375 0.0484375 0.05625
0 0.2984375 0.2109375 0.0609375 0.0609375
0 0.3171875 0.26328125 0.053125 0.0453125
0 0.36875 0.23046875 0.0640625 0.0640625
0 0.2953125 0.29453125 0.078125 0.06875
0 0.35 0.3421875 0.0546875 0.0484375
0 0.33671875 0.37421875 0.04375 0.0453125
0 0.34921875 0.41484375 0.059375 0.05625
0 0.3859375 0.45546875 0.05625 0.0546875
0 0.415625 0.3890625 0.0765625 0.0765625
0 0.4203125 0.49609375 0.065625 0.06875
0 0.09140625 0.23515625 0.040625 0.0390625
0 0.12578125 0.30703125 0.071875 0.0640625
0 0.07265625 0.275 0.04375 0.0421875
0 0.0625 0.32109375 0.0515625 0.0484375
0 0.04140625 0.33046875 0.0390625 0.04375
0 0.0515625 0.37109375 0.0515625 0.05625
0 0.08515625 0.3859375 0.059375 0.05625
0 0.10625 0.446875 0.08125 0.0703125
0 0.11875 0.37578125 0.0671875 0.0640625
0 0.12890625 0.5015625 0.0578125 0.0578125
0 0.14765625 0.55859375 0.078125 0.078125
0 0.00859375 0.4765625 0.0171875 0.05
0 0.00859375 0.52734375 0.0171875 0.0484375
0 0.009375 0.6625 0.01875 0.046875
0 0.01015625 0.69375 0.0203125 0.05625
0 0.0140625 0.709375 0.028125 0.059375
0 0.0234375 0.5578125 0.046875 0.05625
0 0.08046875 0.58359375 0.0578125 0.0578125
0 0.02734375 0.615625 0.0546875 0.071875
0 0.015625 0.60078125 0.03125 0.0671875
0 0.0140625 0.65703125 0.028125 0.0546875
0 0.02734375 0.68359375 0.046875 0.0453125
0 0.04375 0.640625 0.0484375 0.0484375
0 0.0734375 0.6828125 0.059375 0.0578125
0 0.11484375 0.66328125 0.0578125 0.059375
0 0.14609375 0.6390625 0.065625 0.0625
0 0.16171875 0.6859375 0.0453125 0.0453125
0 0.125 0.71640625 0.0671875 0.06875
0 0.09453125 0.7609375 0.065625 0.05625
0 0.04765625 0.76875 0.059375 0.05625
0 0.0234375 0.73125 0.046875 0.065625
0 0.0640625 0.71953125 0.05625 0.05625
0 0.18984375 0.32890625 0.0625 0.0640625
0 0.171875 0.39140625 0.0484375 0.0484375
0 0.20546875 0.3953125 0.0546875 0.05625
0 0.2390625 0.43125 0.065625 0.0625
0 0.24921875 0.37265625 0.0734375 0.0671875
0 0.27109375 0.4796875 0.0640625 0.05
0 0.23125 0.496875 0.0578125 0.0578125
0 0.25703125 0.51328125 0.0609375 0.0609375
0 0.28671875 0.55078125 0.0625 0.0609375
0 0.24296875 0.54609375 0.0421875 0.04375
0 0.2515625 0.58046875 0.0453125 0.04375
0 0.2796875 0.61171875 0.0515625 0.0484375
0 0.328125 0.590625 0.06875 0.0609375
0 0.2953125 0.65859375 0.0578125 0.05625
0 0.31640625 0.62421875 0.065625 0.0609375
0 0.35546875 0.68046875 0.0765625 0.0734375
0 0.33046875 0.71875 0.0578125 0.0578125
0 0.24765625 0.71796875 0.0765625 0.0734375
0 0.27109375 0.7578125 0.0703125 0.065625
0 0.26015625 0.80078125 0.078125 0.0734375
0 0.2015625 0.73984375 0.059375 0.059375
0 0.2015625 0.7859375 0.0703125 0.065625
0 0.2171875 0.83671875 0.0578125 0.0578125
0 0.30625 0.84921875 0.0703125 0.0625
0 0.25234375 0.87109375 0.065625 0.0609375
0 0.25859375 0.91875 0.0609375 0.0546875
0 0.3 0.92421875 0.0875 0.0828125
0 0.3125 0.95703125 0.053125 0.0359375
0 0.18203125 0.87734375 0.071875 0.0640625
0 0.1234375 0.86328125 0.0703125 0.046875
0 0.0765625 0.83203125 0.0515625 0.046875
0 0.034375 0.81953125 0.053125 0.0375
0 0.396875 0.83671875 0.0546875 0.0609375
0 0.4390625 0.8640625 0.0578125 0.0578125
0 0.40703125 0.89453125 0.0546875 0.0546875
0 0.4359375 0.91015625 0.0546875 0.0546875
0 0.42265625 0.9515625 0.0625 0.0609375
0 0.46640625 0.95234375 0.0578125 0.0578125
0 0.4359375 0.98515625 0.05625 0.0296875
0 0.4703125 0.98125 0.065625 0.0375
0 0.51328125 0.984375 0.0515625 0.03125
0 0.571875 0.9796875 0.08125 0.040625
0 0.55390625 0.6921875 0.0671875 0.0625
0 0.62734375 0.74296875 0.0671875 0.0625
0 0.653125 0.84140625 0.0703125 0.0671875
0 0.67265625 0.8109375 0.05625 0.0546875
0 0.4421875 0.6640625 0.0578125 0.0578125
0 0.38984375 0.5734375 0.08125 0.06875
0 0.45625 0.69921875 0.065625 0.05625
0 0.4640625 0.753125 0.0578125 0.0578125
0 0.5046875 0.69453125 0.0640625 0.0609375
0 0.525 0.7828125 0.0640625 0.0609375
0 0.4859375 0.81640625 0.06875 0.0640625
0 0.54375 0.846875 0.0578125 0.05625
0 0.578125 0.8890625 0.059375 0.0578125
0 0.58203125 0.8078125 0.0625 0.05625
0 0.63671875 0.91484375 0.075 0.0671875
0 0.603125 0.95625 0.06875 0.0640625
0 0.64609375 0.959375 0.071875 0.06875
0 0.5640625 0.9328125 0.0703125 0.0640625
0 0.80625 0.7578125 0.0765625 0.075
0 0.84140625 0.82265625 0.0609375 0.0609375
0 0.865625 0.85 0.046875 0.046875
0 0.85078125 0.88203125 0.05 0.0546875
0 0.82890625 0.865625 0.0625 0.059375
0 0.821875 0.9171875 0.071875 0.06875
0 0.78671875 0.91796875 0.059375 0.0625
0 0.759375 0.86328125 0.0578125 0.0546875
0 0.72109375 0.8328125 0.05625 0.0546875
0 0.7453125 0.89375 0.0640625 0.0640625
0 0.7453125 0.82109375 0.0640625 0.059375
0 0.75546875 0.775 0.075 0.0734375
0 0.72734375 0.73359375 0.075 0.0734375
0 0.7015625 0.78515625 0.0640625 0.0578125
0 0.6484375 0.61875 0.0796875 0.084375
0 0.60234375 0.6234375 0.0828125 0.0765625
0 0.54296875 0.59140625 0.0578125 0.0578125
0 0.5140625 0.55859375 0.0578125 0.05625
0 0.5390625 0.528125 0.0671875 0.065625
0 0.51171875 0.51484375 0.05 0.0484375
0 0.5171875 0.46953125 0.0671875 0.0640625
0 0.484375 0.434375 0.059375 0.05625
0 0.46484375 0.37421875 0.0640625 0.06875
0 0.57421875 0.45625 0.0859375 0.0875
0 0.62578125 0.446875 0.08125 0.071875
0 0.65078125 0.52578125 0.0625 0.059375
0 0.51875 0.42421875 0.0578125 0.05
0 0.50078125 0.3875 0.053125 0.0515625
0 0.50078125 0.33515625 0.059375 0.0578125
0 0.53359375 0.365625 0.0640625 0.059375
0 0.46328125 0.2890625 0.0703125 0.0671875
0 0.540625 0.19375 0.071875 0.0640625
0 0.52109375 0.21953125 0.053125 0.0515625
0 0.571875 0.29921875 0.071875 0.065625
0 0.60546875 0.2890625 0.0546875 0.0546875
0 0.58984375 0.25078125 0.0609375 0.0671875
0 0.55234375 0.24453125 0.05625 0.0578125
0 0.63828125 0.175 0.06875 0.071875
0 0.65390625 0.2703125 0.065625 0.0765625
0 0.61484375 0.13125 0.040625 0.04375
0 0.575 0.134375 0.0515625 0.053125
0 0.59140625 0.084375 0.0546875 0.053125
0 0.55234375 0.10078125 0.0703125 0.0671875
0 0.48359375 0.11640625 0.0671875 0.0671875
0 0.4171875 0.01875 0.078125 0.0375
0 0.40390625 0.01484375 0.0640625 0.0296875
0 0.4484375 0.01171875 0.05 0.0234375
0 0.490625 0.0125 0.0625 0.025
0 0.69921875 0.0671875 0.05625 0.05625
0 0.69453125 0.134375 0.0640625 0.0609375
0 0.7359375 0.1359375 0.071875 0.0640625
0 0.7390625 0.08359375 0.0609375 0.05
0 0.77265625 0.08828125 0.0703125 0.0484375
0 0.62578125 0.02734375 0.0609375 0.0546875
0 0.6984375 0.24453125 0.0578125 0.05
0 0.68984375 0.30703125 0.0625 0.0640625
0 0.74453125 0.33203125 0.071875 0.0703125
0 0.75703125 0.378125 0.0734375 0.071875
0 0.8171875 0.421875 0.08125 0.078125
0 0.81796875 0.36796875 0.090625 0.0828125
0 0.78828125 0.29609375 0.08125 0.0734375
0 0.81328125 0.2125 0.0625 0.059375
0 0.86796875 0.265625 0.0546875 0.05625
0 0.86875 0.20390625 0.05 0.046875
0 0.89765625 0.24140625 0.0671875 0.0625
0 0.8453125 0.2421875 0.0609375 0.06875
0 0.90703125 0.32109375 0.0859375 0.0828125
0 0.90859375 0.4296875 0.0609375 0.0578125
0 0.93515625 0.40625 0.0640625 0.0609375
0 0.93515625 0.4578125 0.05625 0.0546875
0 0.95703125 0.55390625 0.0640625 0.059375
0 0.9609375 0.51328125 0.06875 0.0640625
0 0.825 0.54375 0.075 0.0671875
0 0.81953125 0.59140625 0.0859375 0.0765625
0 0.80859375 0.62890625 0.0875 0.0796875
0 0.7015625 0.528125 0.0609375 0.0609375
0 0.709375 0.57890625 0.059375 0.0578125
0 0.74140625 0.5609375 0.05 0.0515625
0 0.77890625 0.596875 0.071875 0.0703125
0 0.7640625 0.653125 0.08125 0.075
