0 0.009375 0.1078125 0.01875 0.0375
0 0.00546875 0.1703125 0.0109375 0.05
0 0.009375 0.1578125 0.01875 0.0375
0 0.01171875 0.178125 0.0234375 0.053125
0 0.0265625 0.22421875 0.053125 0.0640625
0 0.059375 0.16484375 0.059375 0.05
0 0.07421875 0.20859375 0.0484375 0.04375
0 0.12578125 0.21171875 0.065625 0.0625
0 0.15234375 0.2546875 0.05625 0.0484375
0 0.1078125 0.2671875 0.065625 0.0546875
0 0.0078125 0.3109375 0.015625 0.05625
0 0.00703125 0.3515625 0.0140625 0.05625
0 0.00625 0.44375 0.0125 0.0375
0 0.0078125 0.403125 0.015625 0.05
0 0.0140625 0.42421875 0.028125 0.0328125
0 0.0171875 0.4703125 0.034375 0.0375
0 0.053125 0.4453125 0.0453125 0.040625
0 0.07890625 0.46171875 0.046875 0.0453125
0 0.06171875 0.38984375 0.05 0.0421875
0 0.0328125 0.34609375 0.053125 0.0515625
0 0.08046875 0.34296875 0.040625 0.0515625
0 0.14453125 0.39296875 0.053125 0.0515625
0 0.18984375 0.4234375 0.0484375 0.0359375
0 0.21328125 0.36640625 0.05625 0.05625
0 0.19140625 0.46328125 0.071875 0.0546875
0 0.26484375 0.46953125 0.05 0.040625
0 0.27265625 0.50390625 0.0390625 0.0390625
0 0.3078125 0.5296875 0.053125 0.0484375
0 0.3609375 0.54140625 0.05 0.046875
0 0.34609375 0.46953125 0.06875 0.0671875
0 0.41328125 0.553125 0.05625 0.0625
0 0.009375 0.5328125 0.01875 0.03125
0 0.059375 0.57421875 0.0671875 0.053125
0 0.01640625 0.575 0.0265625 0.0328125
0 0.025 0.621875 0.028125 0.0375
0 0.025 0.6390625 0.021875 0.0390625
0 0.0390625 0.6703125 0.040625 0.05
0 0.07421875 0.6625 0.053125 0.0484375
0 0.1265625 0.70078125 0.0765625 0.05625
0 0.09453125 0.63515625 0.0609375 0.0546875
0 0.178125 0.73203125 0.0515625 0.05
0 0.2265625 0.7671875 0.06875 0.06875
0 0.05390625 0.80546875 0.0234375 0.0515625
0 0.0640625 0.86015625 0.0234375 0.046875
0 0.090625 0.99375 0.025 0.0125
0 0.1203125 0.84453125 0.053125 0.0484375
0 0.18671875 0.828125 0.0515625 0.05
0 0.1546875 0.89140625 0.06875 0.0609375
0 0.1140625 0.90234375 0.0546875 0.0609375
0 0.16015625 0.9390625 0.05 0.046875
0 0.20234375 0.9421875 0.0421875 0.0390625
0 0.190625 0.89609375 0.0421875 0.0421875
0 0.240625 0.9140625 0.053125 0.05
0 0.26171875 0.87265625 0.05 0.053125
0 0.27421875 0.834375 0.0578125 0.053125
0 0.3140625 0.86328125 0.0390625 0.0390625
0 0.30234375 0.91015625 0.0578125 0.0609375
0 0.30390625 0.96484375 0.0625 0.04375
0 0.26875 0.98671875 0.053125 0.0265625
0 0.2234375 0.97890625 0.053125 0.0421875
0 0.2546875 0.9484375 0.05 0.05
0 0.125 0.553125 0.0546875 0.05625
0 0.14765625 0.61640625 0.0421875 0.0421875
0 0.178125 0.6 0.046875 0.05
0 0.22578125 0.60859375 0.0578125 0.053125
0 0.19921875 0.55390625 0.0671875 0.05625
0 0.28125 0.62890625 0.0625 0.0359375
0 0.25859375 0.6671875 0.05 0.0515625
0 0.28984375 0.665625 0.053125 0.0515625
0 0.3359375 0.678125 0.05625 0.053125
0 0.2984375 0.70078125 0.0359375 0.0390625
0 0.325 0.7234375 0.0390625 0.0390625
0 0.3671875 0.73203125 0.0453125 0.040625
0 0.39375 0.68671875 0.0625 0.05
0 0.40703125 0.7609375 0.0515625 0.0484375
0 0.40390625 0.72109375 0.059375 0.0515625
0 0.4703125 0.74296875 0.06875 0.0625
0 0.47265625 0.78984375 0.0515625 0.05
0 0.40390625 0.83828125 0.06875 0.0625
0 0.446875 0.85703125 0.0640625 0.05625
0 0.46328125 0.89921875 0.071875 0.0609375
0 0.37890625 0.88359375 0.0515625 0.0515625
0 0.40625 0.921875 0.0640625 0.05625
0 0.44921875 0.953125 0.0515625 0.05
0 0.5296875 0.9109375 0.065625 0.05
0 0.4984375 0.9609375 0.059375 0.0515625
0 0.53046875 0.98671875 0.0546875 0.0265625
0 0.5671875 0.96953125 0.078125 0.0609375
0 0.44296875 0.990625 0.0640625 0.01875
0 0.59609375 0.84609375 0.0453125 0.05625
0 0.64765625 0.84375 0.0515625 0.05
0 0.6390625 0.88828125 0.046875 0.046875
0 0.6734375 0.88359375 0.046875 0.046875
0 0.68671875 0.925 0.05625 0.053125
0 0.72265625 0.9 0.05 0.0515625
0 0.7265625 0.95078125 0.0453125 0.0390625
0 0.75234375 0.93359375 0.053125 0.0640625
0 0.7859375 0.90703125 0.0453125 0.046875
0 0.83828125 0.90390625 0.053125 0.0578125
0 0.815625 0.9390625 0.0484375 0.03125
0 0.8328125 0.8703125 0.078125 0.0484375
0 0.63984375 0.63515625 0.059375 0.053125
0 0.7296875 0.6328125 0.0625 0.0515625
0 0.809375 0.6984375 0.0625 0.0578125
0 0.80703125 0.66171875 0.05 0.046875
0 0.53125 0.67734375 0.0515625 0.05
0 0.43359375 0.634375 0.078125 0.0546875
0 0.5640625 0.69921875 0.0625 0.04375
0 0.60234375 0.73828125 0.0515625 0.05
0 0.60078125 0.665625 0.0578125 0.0515625
0 0.66953125 0.7265625 0.0578125 0.0515625
0 0.6578125 0.7765625 0.0625 0.053125
0 0.7234375 0.76796875 0.0515625 0.0484375
0 0.7765625 0.78203125 0.053125 0.05
0 0.73125 0.71328125 0.05625 0.046875
0 0.8390625 0.76875 0.06875 0.05625
0 0.8375 0.821875 0.0625 0.053125
0 0.87421875 0.79921875 0.0640625 0.0578125
0 0.79140625 0.82578125 0.0640625 0.053125
0 0.88515625 0.5390625 0.06875 0.065625
0 0.95234375 0.5703125 0.0546875 0.0546875
0 0.98359375 0.57734375 0.0328125 0.0421875
0 0.9875 0.61171875 0.025 0.0515625
0 0.9671875 0.61328125 0.05625 0.0515625
0 0.9796875 0.66015625 0.040625 0.0578125
0 0.9640625 0.68125 0.0515625 0.05625
0 0.909375 0.65234375 0.053125 0.046875
0 0.86015625 0.65078125 0.05 0.046875
0 0.915625 0.6859375 0.05625 0.05625
0 0.8734375 0.6265625 0.0578125 0.0484375
0 0.853125 0.5828125 0.0671875 0.0625
0 0.80546875 0.56484375 0.065625 0.0640625
0 0.81640625 0.6234375 0.059375 0.0484375
0 0.67265625 0.51796875 0.0671875 0.0765625
0 0.63828125 0.55 0.075 0.0640625
0 0.5703125 0.55859375 0.0515625 0.05
0 0.52734375 0.54921875 0.0515625 0.0484375
0 0.5296875 0.509375 0.0578125 0.0578125
0 0.49921875 0.5140625 0.0453125 0.0421875
0 0.4765625 0.47421875 0.0609375 0.0546875
0 0.42890625 0.46484375 0.053125 0.0484375
0 0.37734375 0.42734375 0.053125 0.0625
0 0.515625 0.4296875 0.0734375 0.0765625
0 0.55234375 0.39140625 0.075 0.059375
0 0.6203125 0.440625 0.05625 0.0515625
0 0.4515625 0.43671875 0.0546875 0.040625
0 0.41484375 0.41640625 0.046875 0.0453125
0 0.38359375 0.37421875 0.053125 0.05
0 0.428125 0.38046875 0.0578125 0.0484375
0 0.325 0.35859375 0.0625 0.0578125
0 0.33203125 0.234375 0.065625 0.053125
0 0.33125 0.26640625 0.0484375 0.04375
0 0.42109375 0.303125 0.065625 0.0546875
0 0.44140625 0.27421875 0.046875 0.046875
0 0.40625 0.25234375 0.05 0.0609375
0 0.371875 0.26953125 0.0484375 0.0515625
0 0.40078125 0.16171875 0.0578125 0.0640625
0 0.46953125 0.2296875 0.053125 0.071875
0 0.35546875 0.1390625 0.034375 0.0390625
0 0.325 0.16484375 0.04375 0.0484375
0 0.30859375 0.1140625 0.0484375 0.0453125
0 0.28671875 0.15234375 0.0625 0.0578125
0 0.2390625 0.2046875 0.059375 0.059375
0 0.10390625 0.1328125 0.0703125 0.0671875
0 0.0578125 0.090625 0.0578125 0.0484375
0 0.1046875 0.07890625 0.0453125 0.0390625
0 0.14765625 0.06875 0.0609375 0.0375
0 0.38671875 0.0359375 0.05 0.05
0 0.42265625 0.09375 0.0578125 0.0515625
0 0.4578125 0.07109375 0.0671875 0.053125
0 0.42890625 0.0265625 0.0578125 0.0390625
0 0.4578125 0.01328125 0.071875 0.0265625
0 0.3015625 0.046875 0.0546875 0.046875
0 0.49140625 0.1828125 0.0546875 0.040625
0 0.52109375 0.2390625 0.0546875 0.05625
0 0.58125 0.2265625 0.0640625 0.0625
0 0.61875 0.25703125 0.065625 0.0625
0 0.69453125 0.25625 0.071875 0.0671875
0 0.6625 0.21171875 0.0828125 0.06875
0 0.5953125 0.17109375 0.0734375 0.0609375
0 0.56640625 0.0875 0.05625 0.0515625
0 0.64296875 0.0984375 0.046875 0.05
0 0.60703125 0.04765625 0.0453125 0.0390625
0 0.65234375 0.0609375 0.059375 0.053125
0 0.6109375 0.09296875 0.05 0.0625
0 0.7078125 0.12109375 0.0765625 0.071875
0 0.77421875 0.20859375 0.05625 0.0484375
0 0.78125 0.1734375 0.0578125 0.0515625
0 0.8125 0.215625 0.05 0.046875
0 0.8875 0.2828125 0.0578125 0.0484375
0 0.8671875 0.24609375 0.0625 0.053125
0 0.7734375 0.35234375 0.0703125 0.0546875
0 0.796875 0.39453125 0.078125 0.0625
0 0.81015625 0.43203125 0.0796875 0.0671875
0 0.66328125 0.4125 0.0515625 0.053125
0 0.7 0.44921875 0.053125 0.05
0 0.715625 0.4171875 0.04375 0.046875
0 0.7671875 0.42265625 0.0640625 0.059375
0 0.78828125 0.47890625 0.0734375 0.0640625
