0 0.009375 0.325 0.01875 0.053125
0 0.0140625 0.31171875 0.028125 0.0578125
0 0.0140625 0.315625 0.028125 0.05625
0 0.015625 0.3484375 0.03125 0.059375
0 0.015625 0.38125 0.03125 0.0625
0 0.0328125 0.33359375 0.065625 0.0671875
0 0.065625 0.35859375 0.065625 0.0609375
0 0.1078125 0.33984375 0.0625 0.059375
0 0.065625 0.3046875 0.0609375 0.059375
0 0.0140625 0.2796875 0.028125 0.053125
0 0.01953125 0.30703125 0.0390625 0.0546875
0 0.01640625 0.2765625 0.0328125 0.046875
0 0.01484375 0.45 0.0296875 0.059375
0 0.009375 0.50546875 0.01875 0.0515625
0 0.0125 0.5390625 0.025 0.059375
0 0.01171875 0.58046875 0.0234375 0.0546875
0 0.0234375 0.54765625 0.046875 0.0703125
0 0.0515625 0.58125 0.0734375 0.0703125
0 0.06875 0.53359375 0.0734375 0.0671875
0 0.10078125 0.56875 0.065625 0.0578125
0 0.0234375 0.46796875 0.046875 0.0609375
0 0.059375 0.50859375 0.0671875 0.065625
0 0.134375 0.4765625 0.0640625 0.0609375
0 0.203125 0.43515625 0.0765625 0.075
0 0.1953125 0.4875 0.071875 0.071875
0 0.153125 0.51640625 0.0640625 0.0625
0 0.225 0.5375 0.0765625 0.0734375
0 0.24453125 0.51015625 0.0734375 0.08125
0 0.3015625 0.5046875 0.0859375 0.0828125
0 0.3625 0.49140625 0.0703125 0.0703125
0 0.265625 0.55234375 0.0625 0.0640625
0 0.29921875 0.5546875 0.05625 0.05625
0 0.3375 0.56484375 0.0640625 0.0703125
0 0.378125 0.55546875 0.0859375 0.0890625
0 0.440625 0.5640625 0.1078125 0.1125
0 0.03515625 0.6625 0.0421875 0.053125
0 0.10625 0.6796875 0.08125 0.0859375
0 0.0546875 0.71875 0.028125 0.04375
0 0.0578125 0.70390625 0.0390625 0.040625
0 0.07421875 0.73671875 0.04375 0.053125
0 0.16328125 0.725 0.0625 0.0609375
0 0.16875 0.7703125 0.0640625 0.0609375
0 0.1953125 0.796875 0.0546875 0.05625
0 0.246875 0.784375 0.0703125 0.065625
0 0.28359375 0.8 0.0515625 0.05
0 0.33515625 0.81953125 0.0734375 0.0734375
0 0.2515625 0.95078125 0.0578125 0.0546875
0 0.31484375 0.93359375 0.0640625 0.065625
0 0.31484375 0.89609375 0.06875 0.06875
0 0.2921875 0.971875 0.0625 0.05625
0 0.334375 0.96875 0.065625 0.0609375
0 0.3171875 0.990625 0.05625 0.01875
0 0.36953125 0.98671875 0.0640625 0.0265625
0 0.38515625 0.95859375 0.0859375 0.0828125
0 0.44609375 0.9453125 0.0796875 0.075
0 0.39921875 0.9140625 0.0625 0.059375
0 0.39296875 0.8796875 0.05625 0.053125
0 0.41953125 0.9875 0.0609375 0.025
0 0.4671875 0.97890625 0.075 0.0421875
0 0.16875 0.6296875 0.0546875 0.0515625
0 0.2140625 0.7 0.071875 0.071875
0 0.27265625 0.66484375 0.0734375 0.0671875
0 0.24453125 0.6171875 0.078125 0.06875
0 0.23046875 0.66015625 0.0625 0.0640625
0 0.27734375 0.69453125 0.0609375 0.0625
0 0.32109375 0.71171875 0.065625 0.071875
0 0.31796875 0.67109375 0.0640625 0.065625
0 0.36015625 0.6953125 0.0546875 0.0578125
0 0.38203125 0.73203125 0.0703125 0.065625
0 0.425 0.75 0.059375 0.0625
0 0.41328125 0.69453125 0.0609375 0.0546875
0 0.471875 0.68515625 0.0796875 0.08125
0 0.496875 0.73046875 0.0828125 0.08125
0 0.43671875 0.72734375 0.071875 0.0703125
0 0.47578125 0.7734375 0.059375 0.0609375
0 0.51328125 0.77265625 0.059375 0.0625
0 0.5484375 0.73828125 0.0703125 0.06875
0 0.58671875 0.778125 0.08125 0.0796875
0 0.52578125 0.8453125 0.071875 0.071875
0 0.51796875 0.89296875 0.0625 0.0609375
0 0.55703125 0.91328125 0.0609375 0.059375
0 0.57578125 0.8484375 0.0796875 0.075
0 0.60625 0.89140625 0.0640625 0.0625
0 0.6140625 0.9390625 0.065625 0.0671875
0 0.6546875 0.91015625 0.06875 0.0703125
0 0.66640625 0.8734375 0.078125 0.078125
0 0.6875 0.94140625 0.06875 0.0640625
0 0.73515625 0.9140625 0.065625 0.065625
0 0.6203125 0.9890625 0.04375 0.021875
0 0.725 0.78828125 0.0546875 0.0578125
0 0.77109375 0.77265625 0.071875 0.071875
0 0.77578125 0.82578125 0.0546875 0.05625
0 0.81015625 0.80546875 0.06875 0.0609375
0 0.825 0.84765625 0.059375 0.05625
0 0.859375 0.80234375 0.0765625 0.0703125
0 0.8765625 0.85625 0.05 0.040625
0 0.8953125 0.82734375 0.075 0.0765625
0 0.9484375 0.81015625 0.059375 0.05625
0 0.48828125 0.63671875 0.05625 0.0625
0 0.5953125 0.6421875 0.0578125 0.0578125
0 0.64296875 0.6453125 0.0515625 0.0546875
0 0.64140625 0.671875 0.05 0.0515625
0 0.671875 0.6171875 0.0546875 0.05625
0 0.725 0.6 0.05625 0.053125
0 0.69609375 0.571875 0.0703125 0.0640625
0 0.784375 0.54609375 0.065625 0.0640625
0 0.88515625 0.58359375 0.06875 0.0671875
0 0.7625 0.6203125 0.0703125 0.065625
0 0.80859375 0.6234375 0.0765625 0.075
0 0.9328125 0.6390625 0.0765625 0.0765625
0 0.9734375 0.66484375 0.053125 0.0578125
0 0.94609375 0.6890625 0.075 0.078125
0 0.8921875 0.665625 0.0875 0.0890625
0 0.89765625 0.7109375 0.0578125 0.0578125
0 0.846875 0.70625 0.084375 0.0796875
0 0.84296875 0.6625 0.0640625 0.06875
0 0.7984375 0.67734375 0.0734375 0.0734375
0 0.76640625 0.7125 0.071875 0.065625
0 0.74765625 0.68046875 0.065625 0.0640625
0 0.70390625 0.66640625 0.071875 0.075
0 0.66953125 0.4828125 0.0953125 0.090625
0 0.696875 0.44921875 0.0703125 0.0734375
0 0.61796875 0.3953125 0.05625 0.05625
0 0.53359375 0.3578125 0.0859375 0.0828125
0 0.5140625 0.40625 0.0640625 0.06875
0 0.62578125 0.525 0.0796875 0.0734375
0 0.58984375 0.50859375 0.075 0.0625
0 0.53671875 0.4890625 0.0640625 0.0703125
0 0.5625 0.465625 0.0578125 0.0609375
0 0.49140625 0.49140625 0.05625 0.0546875
0 0.4546875 0.465625 0.075 0.075
0 0.396875 0.44375 0.08125 0.0859375
0 0.34453125 0.4125 0.084375 0.0828125
0 0.303125 0.37734375 0.0921875 0.090625
0 0.37578125 0.3890625 0.059375 0.0609375
0 0.415625 0.38125 0.065625 0.05625
0 0.4515625 0.41953125 0.0671875 0.0625
0 0.37265625 0.315625 0.0703125 0.06875
0 0.40078125 0.278125 0.0609375 0.059375
0 0.36875 0.26171875 0.071875 0.0734375
0 0.32890625 0.29140625 0.06875 0.0671875
0 0.2921875 0.30625 0.06875 0.06875
0 0.26328125 0.2625 0.0765625 0.075
0 0.19140625 0.2953125 0.0609375 0.0625
0 0.196875 0.2484375 0.0875 0.0890625
0 0.20546875 0.20546875 0.053125 0.053125
0 0.24453125 0.19453125 0.046875 0.046875
0 0.21953125 0.15 0.0578125 0.0578125
0 0.259375 0.16015625 0.0640625 0.0578125
0 0.32109375 0.1703125 0.065625 0.0625
0 0.3828125 0.14453125 0.065625 0.0640625
0 0.40546875 0.1875 0.05625 0.059375
0 0.46171875 0.21484375 0.071875 0.071875
0 0.48046875 0.19140625 0.06875 0.0796875
0 0.51640625 0.18984375 0.071875 0.08125
0 0.5125 0.240625 0.06875 0.0703125
0 0.55625 0.2671875 0.0734375 0.0671875
0 0.615625 0.26640625 0.0890625 0.078125
0 0.58984375 0.228125 0.0796875 0.0734375
0 0.5578125 0.203125 0.0828125 0.0796875
0 0.6359375 0.18203125 0.06875 0.0671875
0 0.5984375 0.14296875 0.0640625 0.0609375
0 0.50625 0.13125 0.0640625 0.0625
0 0.621875 0.35625 0.059375 0.0640625
0 0.665625 0.33984375 0.05625 0.0625
0 0.70703125 0.3296875 0.0546875 0.0578125
0 0.74921875 0.31953125 0.0671875 0.06875
0 0.8046875 0.3796875 0.08125 0.0828125
0 0.7375 0.40625 0.0515625 0.0578125
0 0.73671875 0.35546875 0.0578125 0.0640625
0 0.7578125 0.40390625 0.0578125 0.065625
0 0.8046875 0.31640625 0.075 0.071875
0 0.78046875 0.284375 0.078125 0.0734375
0 0.7453125 0.25703125 0.0671875 0.0640625
0 0.803125 0.24921875 0.06875 0.0703125
0 0.7234375 0.20546875 0.0515625 0.05
0 0.69296875 0.16796875 0.0515625 0.053125
0 0.71328125 0.14765625 0.0546875 0.0515625
0 0.6953125 0.12265625 0.0609375 0.0546875
0 0.7078125 0.075 0.046875 0.0453125
0 0.7421875 0.109375 0.0421875 0.0453125
0 0.81171875 0.11953125 0.040625 0.040625
0 0.603125 0.04375 0.05625 0.065625
0 0.578125 0.0875 0.065625 0.0671875
0 0.534375 0.08203125 0.04375 0.046875
0 0.49375 0.0921875 0.0515625 0.0609375
0 0.4515625 0.05546875 0.0546875 0.05625
0 0.54296875 0.0421875 0.0546875 0.053125
0 0.49765625 0.0453125 0.0609375 0.0578125
0 0.478125 0.0140625 0.0625 0.028125
0 0.51875 0.0203125 0.053125 0.040625
0 0.54140625 0.0125 0.0421875 0.025
0 0.334375 0.109375 0.0671875 0.0609375
0 0.34140625 0.06875 0.0734375 0.0671875
0 0.27578125 0.09921875 0.08125 0.08125
0 0.30859375 0.05 0.05625 0.0453125
0 0.290625 0.0515625 0.075 0.0453125
0 0.23984375 0.084375 0.071875 0.053125
0 0.2 0.103125 0.0546875 0.0421875
0 0.08984375 0.2203125 0.08125 0.075
0 0.06640625 0.1703125 0.059375 0.0421875
0 0.0203125 0.23046875 0.040625 0.0484375
0 0.01484375 0.2375 0.0296875 0.059375
0 0.01015625 0.2328125 0.0203125 0.034375
0 0.009375 0.2453125 0.01875 0.028125
0 0.02421875 0.1921875 0.0484375 0.040625
0 0.0125 0.21796875 0.025 0.0390625
