0 0.1703125 0.00546875 0.03125 0.0109375
0 0.2046875 0.0078125 0.046875 0.015625
0 0.2421875 0.009375 0.0375 0.01875
0 0.27890625 0.0109375 0.0484375 0.021875
0 0.32265625 0.01328125 0.0546875 0.0265625
0 0.3203125 0.00625 0.04375 0.0125
0 0.3703125 0.01796875 0.059375 0.0359375
0 0.44921875 0.009375 0.0609375 0.01875
0 0.46796875 0.01484375 0.0515625 0.0296875
0 0.4796875 0.03984375 0.03125 0.028125
0 0.1953125 0.140625 0.0625 0.05
0 0.1734375 0.19296875 0.05625 0.0515625
0 0.09140625 0.19609375 0.0484375 0.0390625
0 0.24140625 0.22578125 0.0484375 0.04375
0 0.296875 0.21328125 0.065625 0.0546875
0 0.38984375 0.23125 0.0484375 0.0421875
0 0.44140625 0.24921875 0.0546875 0.05
0 0.48515625 0.21484375 0.0546875 0.0515625
0 0.62109375 0.1125 0.0453125 0.040625
0 0.6828125 0.1109375 0.0390625 0.0375
0 0.8390625 0.08671875 0.0515625 0.03125
0 0.796875 0.11171875 0.0421875 0.0390625
0 0.76328125 0.125 0.0421875 0.0390625
0 0.5765625 0.13515625 0.046875 0.04375
0 0.03671875 0.33671875 0.0265625 0.0375
0 0.06875 0.34609375 0.0484375 0.0515625
0 0.0890625 0.42265625 0.0375 0.0375
0 0.1234375 0.425 0.0453125 0.0484375
0 0.1453125 0.39140625 0.0375 0.046875
0 0.16953125 0.41484375 0.04375 0.0578125
0 0.1375 0.503125 0.0328125 0.03125
0 0.0140625 0.6234375 0.028125 0.053125
0 0.0234375 0.64140625 0.046875 0.0703125
0 0.07734375 0.64296875 0.059375 0.059375
0 0.12421875 0.628125 0.0421875 0.053125
0 0.25078125 0.534375 0.05 0.0453125
0 0.2546875 0.57109375 0.0390625 0.0421875
0 0.3234375 0.58671875 0.046875 0.04375
0 0.32890625 0.515625 0.0375 0.0390625
0 0.38046875 0.5125 0.0359375 0.034375
0 0.359375 0.590625 0.0359375 0.034375
0 0.40234375 0.5921875 0.040625 0.0421875
0 0.42578125 0.56953125 0.040625 0.0453125
0 0.46796875 0.56953125 0.040625 0.0453125
0 0.51015625 0.5390625 0.046875 0.05
0 0.5203125 0.50234375 0.0359375 0.0375
0 0.55390625 0.5109375 0.040625 0.0421875
0 0.5890625 0.515625 0.0421875 0.0421875
0 0.67421875 0.4671875 0.046875 0.04375
0 0.7359375 0.4046875 0.0421875 0.040625
0 0.7484375 0.4359375 0.0375 0.0375
0 0.81484375 0.4140625 0.05 0.0421875
0 0.8171875 0.37578125 0.0421875 0.0390625
0 0.64296875 0.58515625 0.034375 0.034375
0 0.68515625 0.59375 0.0390625 0.0375
0 0.73984375 0.60859375 0.0453125 0.0484375
0 0.775 0.6265625 0.0359375 0.03125
0 0.83984375 0.621875 0.0375 0.0375
0 0.88125 0.65390625 0.046875 0.046875
0 0.915625 0.6734375 0.04375 0.040625
0 0.9046875 0.82578125 0.053125 0.0546875
0 0.81484375 0.846875 0.0515625 0.0484375
0 0.8625 0.85625 0.0453125 0.040625
0 0.74765625 0.84609375 0.059375 0.0625
0 0.7078125 0.8234375 0.0484375 0.05
0 0.6265625 0.840625 0.0484375 0.0453125
0 0.5765625 0.83984375 0.0640625 0.0515625
0 0.57109375 0.8046875 0.053125 0.0453125
0 0.48125 0.8421875 0.053125 0.046875
0 0.4953125 0.86796875 0.0546875 0.04375
0 0.425 0.89765625 0.053125 0.04375
0 0.46484375 0.90859375 0.046875 0.040625
0 0.384375 0.878125 0.0453125 0.040625
0 0.31015625 0.94453125 0.05625 0.0484375
0 0.23359375 0.93046875 0.0375 0.0328125
0 0.20390625 0.8953125 0.0484375 0.0421875
0 0.43046875 0.98203125 0.0609375 0.0359375
0 0.51171875 0.9953125 0.0640625 0.009375
0 0.9765625 0.14609375 0.046875 0.0421875
