0 0.00859375 0.14765625 0.0171875 0.0296875
0 0.00859375 0.1609375 0.0171875 0.04375
0 0.02265625 0.16484375 0.0453125 0.0484375
0 0.0625 0.14921875 0.053125 0.053125
0 0.04296875 0.11640625 0.0515625 0.0328125
0 0.13046875 0.11171875 0.04375 0.0515625
0 0.17421875 0.0921875 0.0484375 0.0484375
0 0.21484375 0.11796875 0.053125 0.046875
0 0.23984375 0.1453125 0.0453125 0.0421875
0 0.10546875 0.14140625 0.0546875 0.046875
0 0.13515625 0.16171875 0.059375 0.0515625
0 0.2796875 0.1484375 0.0546875 0.05
0 0.390625 0.13046875 0.0546875 0.046875
0 0.36875 0.15703125 0.0421875 0.04375
0 0.4390625 0.0953125 0.0578125 0.053125
0 0.51640625 0.075 0.05 0.046875
0 0.53671875 0.04453125 0.0515625 0.05625
0 0.56171875 0.01171875 0.0640625 0.0234375
0 0.6 0.00859375 0.04375 0.0171875
0 0.6625 0.009375 0.0375 0.01875
0 0.47578125 0.02109375 0.0546875 0.0421875
0 0.7640625 0.0140625 0.059375 0.028125
0 0.740625 0.00703125 0.046875 0.0140625
0 0.85078125 0.0078125 0.0328125 0.015625
0 0.3296875 0.28046875 0.059375 0.05625
0 0.2546875 0.3390625 0.04375 0.0421875
0 0.1609375 0.375 0.05625 0.05625
0 0.053125 0.4171875 0.0609375 0.0625
0 0.3015625 0.3359375 0.053125 0.0578125
0 0.13125 0.41484375 0.0578125 0.0546875
0 0.03359375 0.60078125 0.0546875 0.0484375
0 0.08984375 0.65390625 0.0578125 0.053125
0 0.125 0.64296875 0.0484375 0.0484375
0 0.1328125 0.59921875 0.046875 0.05
0 0.16328125 0.61796875 0.05 0.0546875
0 0.1890625 0.69921875 0.0328125 0.028125
0 0.10234375 0.88046875 0.0453125 0.0578125
0 0.15078125 0.8765625 0.0609375 0.0578125
0 0.19921875 0.8578125 0.0578125 0.05625
0 0.23671875 0.81640625 0.04375 0.0578125
0 0.15546875 0.82109375 0.0515625 0.053125
0 0.2 0.79296875 0.0515625 0.05625
0 0.290625 0.671875 0.0484375 0.046875
0 0.31171875 0.70546875 0.04375 0.04375
0 0.34765625 0.6921875 0.0421875 0.046875
0 0.38515625 0.68046875 0.040625 0.046875
0 0.4234375 0.66015625 0.04375 0.0484375
0 0.446875 0.64296875 0.0421875 0.046875
0 0.45859375 0.6046875 0.046875 0.0546875
0 0.4953125 0.58828125 0.0484375 0.0609375
0 0.5140625 0.5421875 0.053125 0.0515625
0 0.35 0.6125 0.059375 0.0484375
0 0.39609375 0.58671875 0.065625 0.0609375
0 0.496875 0.50390625 0.04375 0.0453125
0 0.53671875 0.4921875 0.0515625 0.0453125
0 0.61484375 0.396875 0.0375 0.040625
0 0.65078125 0.3859375 0.03125 0.0328125
0 0.6359375 0.32421875 0.028125 0.0328125
0 0.6609375 0.3375 0.034375 0.0359375
0 0.70234375 0.28515625 0.0265625 0.034375
0 0.72421875 0.2734375 0.0328125 0.03125
0 0.690625 0.2546875 0.03125 0.0328125
0 0.7734375 0.1953125 0.03125 0.0296875
0 0.8140625 0.20390625 0.0265625 0.034375
0 0.865625 0.1921875 0.0328125 0.028125
0 0.89375 0.20078125 0.0453125 0.04375
0 0.91875 0.171875 0.028125 0.03125
0 0.621875 0.51640625 0.04375 0.0359375
0 0.6453125 0.51484375 0.028125 0.040625
0 0.6890625 0.50234375 0.059375 0.0484375
0 0.73984375 0.4859375 0.05 0.0546875
0 0.78359375 0.47734375 0.046875 0.0484375
0 0.79453125 0.446875 0.046875 0.053125
0 0.834375 0.4515625 0.05 0.0484375
0 0.88359375 0.45546875 0.0484375 0.053125
0 0.9296875 0.45546875 0.0453125 0.05
0 0.9796875 0.58671875 0.040625 0.0578125
0 0.97109375 0.63046875 0.046875 0.0421875
0 0.92578125 0.6484375 0.046875 0.0515625
0 0.8671875 0.6828125 0.0609375 0.0640625
0 0.8234375 0.67578125 0.0484375 0.046875
0 0.7625 0.7421875 0.0578125 0.053125
0 0.72265625 0.75390625 0.0515625 0.040625
0 0.6984375 0.7328125 0.046875 0.0375
0 0.66875 0.83125 0.05 0.0421875
0 0.64140625 0.81484375 0.0484375 0.046875
0 0.61953125 0.88984375 0.05 0.046875
0 0.60859375 0.92109375 0.040625 0.03125
0 0.5828125 0.8953125 0.040625 0.0390625
0 0.434375 0.98828125 0.046875 0.0234375
0 0.4734375 0.9953125 0.05625 0.009375
0 0.5453125 0.98046875 0.053125 0.0390625
0 0.67265625 0.959375 0.0640625 0.0375
0 0.7609375 0.93984375 0.053125 0.028125
0 0.88203125 0.9046875 0.05625 0.0328125
