0 0.3109375 0.01015625 0.040625 0.0203125
0 0.290625 0.0109375 0.0375 0.021875
0 0.36875 0.01328125 0.053125 0.0265625
0 0.4109375 0.01484375 0.059375 0.0296875
0 0.421875 0.01171875 0.05625 0.0234375
0 0.4859375 0.01328125 0.05 0.0265625
0 0.53125 0.01328125 0.053125 0.0265625
0 0.54375 0.03125 0.05625 0.053125
0 0.54375 0.06875 0.0484375 0.046875
0 0.446875 0.01328125 0.059375 0.0265625
0 0.45546875 0.01953125 0.0640625 0.0390625
0 0.571875 0.09765625 0.059375 0.05625
0 0.66484375 0.16015625 0.059375 0.0546875
0 0.6296875 0.16484375 0.046875 0.046875
0 0.725 0.16875 0.0625 0.059375
0 0.79453125 0.20625 0.0546875 0.053125
0 0.83125 0.196875 0.059375 0.0609375
0 0.8921875 0.16640625 0.0703125 0.0640625
0 0.93046875 0.18359375 0.0484375 0.046875
0 0.97265625 0.23125 0.0421875 0.040625
0 0.80546875 0.13515625 0.059375 0.0578125
0 0.5171875 0.2296875 0.0640625 0.0625
0 0.42109375 0.22109375 0.046875 0.046875
0 0.328125 0.1828125 0.0609375 0.0609375
0 0.2203125 0.13984375 0.0671875 0.06875
0 0.45859375 0.25 0.059375 0.0625
0 0.2796875 0.1921875 0.0625 0.0609375
0 0.08359375 0.26328125 0.0546875 0.053125
0 0.0859375 0.3390625 0.0625 0.059375
0 0.11875 0.35546875 0.053125 0.053125
0 0.15390625 0.328125 0.053125 0.0546875
0 0.1640625 0.36328125 0.05625 0.059375
0 0.12734375 0.43984375 0.034375 0.0328125
0 0.01171875 0.515625 0.0234375 0.059375
0 0.01640625 0.54453125 0.0328125 0.0640625
0 0.02890625 0.5625 0.0578125 0.0625
0 0.08203125 0.55859375 0.053125 0.0609375
0 0.0234375 0.50703125 0.046875 0.0578125
0 0.07109375 0.5171875 0.0578125 0.0609375
0 0.2203125 0.4890625 0.053125 0.0515625
0 0.2125 0.5296875 0.0484375 0.0484375
0 0.2484375 0.54375 0.0484375 0.0515625
0 0.28359375 0.56015625 0.046875 0.05
0 0.325 0.57265625 0.0484375 0.0515625
0 0.35546875 0.57578125 0.0484375 0.0515625
0 0.38984375 0.55625 0.0546875 0.059375
0 0.42734375 0.56875 0.0578125 0.0640625
0 0.471875 0.546875 0.0578125 0.0578125
0 0.3046875 0.48671875 0.0625 0.05625
0 0.35625 0.49921875 0.071875 0.06875
0 0.48671875 0.5078125 0.05 0.05
0 0.52421875 0.52578125 0.05625 0.0515625
0 0.64609375 0.509375 0.0421875 0.04375
0 0.68046875 0.5265625 0.0359375 0.0375
0 0.71171875 0.47109375 0.0328125 0.034375
0 0.721875 0.49765625 0.0390625 0.0390625
0 0.7875 0.4875 0.03125 0.0359375
0 0.8109375 0.49375 0.0375 0.0359375
0 0.80078125 0.45703125 0.0359375 0.0375
0 0.9015625 0.47109375 0.034375 0.0328125
0 0.925 0.5046875 0.03125 0.0359375
0 0.97109375 0.53125 0.034375 0.0328125
0 0.98046875 0.55625 0.0390625 0.05
0 0.5703125 0.603125 0.046875 0.0421875
0 0.58828125 0.6171875 0.034375 0.0421875
0 0.62890625 0.63828125 0.0625 0.05625
0 0.67734375 0.6609375 0.05625 0.059375
0 0.71484375 0.684375 0.0515625 0.053125
0 0.74453125 0.66875 0.053125 0.05625
0 0.7703125 0.69921875 0.0546875 0.0546875
0 0.80390625 0.73671875 0.0546875 0.0578125
0 0.8375 0.76796875 0.0515625 0.053125
0 0.7890625 0.90390625 0.059375 0.0625
0 0.7484375 0.925 0.0515625 0.0484375
0 0.703125 0.90703125 0.053125 0.05625
0 0.6359375 0.89296875 0.06875 0.0703125
0 0.60859375 0.8578125 0.053125 0.0515625
0 0.51875 0.8640625 0.0625 0.059375
0 0.48125 0.846875 0.0546875 0.046875
0 0.478125 0.8140625 0.05 0.04375
0 0.3890625 0.865625 0.053125 0.0484375
0 0.38046875 0.83515625 0.053125 0.0515625
0 0.3125 0.87578125 0.0546875 0.053125
0 0.28359375 0.88984375 0.0421875 0.0375
0 0.28203125 0.85390625 0.0453125 0.04375
0 0.103125 0.82890625 0.05 0.046875
0 0.12578125 0.85859375 0.053125 0.0375
0 0.1953125 0.8890625 0.0515625 0.04375
0 0.30703125 0.95625 0.0578125 0.0375
0 0.3859375 0.99453125 0.046875 0.0109375
0 0.0109375 0.69921875 0.021875 0.0390625
