0 0.0109375 0.15390625 0.021875 0.0421875
0 0.0109375 0.13828125 0.021875 0.0234375
0 0.0109375 0.15234375 0.021875 0.0203125
0 0.0125 0.16171875 0.025 0.0296875
0 0.015625 0.1703125 0.03125 0.046875
0 0.01171875 0.21953125 0.0234375 0.0390625
0 0.01015625 0.2078125 0.0203125 0.053125
0 0.02265625 0.315625 0.0453125 0.0625
0 0.1078125 0.32734375 0.0890625 0.0828125
0 0.09453125 0.24453125 0.05 0.0390625
0 0.1421875 0.259375 0.059375 0.046875
0 0.16484375 0.315625 0.046875 0.0484375
0 0.11015625 0.39453125 0.0640625 0.0609375
0 0.15234375 0.41015625 0.06875 0.0796875
0 0.21015625 0.3984375 0.0640625 0.0734375
0 0.2359375 0.353125 0.075 0.0671875
0 0.09765625 0.47734375 0.075 0.078125
0 0.03515625 0.53515625 0.0703125 0.0640625
0 0.06953125 0.58046875 0.0890625 0.075
0 0.0453125 0.62734375 0.0578125 0.0671875
0 0.11171875 0.6546875 0.0671875 0.071875
0 0.15859375 0.66640625 0.0578125 0.0515625
0 0.1265625 0.6015625 0.08125 0.071875
0 0.1796875 0.6125 0.0796875 0.06875
0 0.2109375 0.659375 0.0734375 0.0640625
0 0.18046875 0.53125 0.06875 0.0828125
0 0.22578125 0.484375 0.0796875 0.0796875
0 0.24140625 0.53125 0.0703125 0.06875
0 0.33671875 0.5890625 0.065625 0.065625
0 0.34296875 0.50859375 0.0625 0.0609375
0 0.31171875 0.4578125 0.0671875 0.0640625
0 0.40703125 0.51953125 0.0640625 0.0609375
0 0.40546875 0.578125 0.0625 0.059375
0 0.48203125 0.5796875 0.06875 0.06875
0 0.5234375 0.5953125 0.0703125 0.0734375
0 0.41875 0.61640625 0.0796875 0.0734375
0 0.478125 0.62578125 0.0609375 0.05625
0 0.49453125 0.490625 0.05625 0.0609375
0 0.5265625 0.53125 0.0609375 0.06875
0 0.5875 0.57578125 0.065625 0.065625
0 0.35 0.6796875 0.096875 0.0890625
0 0.41171875 0.72421875 0.0875 0.0796875
0 0.421875 0.67109375 0.0703125 0.0828125
0 0.46875 0.7171875 0.06875 0.0796875
0 0.4953125 0.690625 0.0671875 0.075
0 0.54375 0.7375 0.071875 0.08125
0 0.28828125 0.77578125 0.071875 0.059375
0 0.24609375 0.75703125 0.0640625 0.0703125
0 0.346875 0.790625 0.05625 0.053125
0 0.37265625 0.78359375 0.06875 0.06875
0 0.39296875 0.84921875 0.0609375 0.06875
0 0.27734375 0.81328125 0.0703125 0.0671875
0 0.33046875 0.83046875 0.06875 0.0765625
0 0.4328125 0.784375 0.0859375 0.0875
0 0.49453125 0.7859375 0.0765625 0.0796875
0 0.465625 0.86796875 0.071875 0.075
0 0.16484375 0.76875 0.0640625 0.059375
0 0.06796875 0.7296875 0.053125 0.0640625
0 0.11328125 0.81640625 0.0546875 0.05625
0 0.0828125 0.81875 0.03125 0.05625
0 0.1390625 0.85390625 0.046875 0.0453125
0 0.1484375 0.96640625 0.059375 0.065625
0 0.22890625 0.91875 0.0515625 0.04375
0 0.246875 0.9515625 0.0421875 0.04375
0 0.30078125 0.97734375 0.0546875 0.0453125
0 0.38359375 0.91953125 0.065625 0.0640625
0 0.403125 0.96484375 0.0703125 0.059375
0 0.446875 0.98125 0.06875 0.0375
0 0.328125 0.96875 0.0546875 0.05
0 0.29609375 0.95703125 0.05625 0.0484375
0 0.53359375 0.9828125 0.0484375 0.034375
0 0.56796875 0.97265625 0.0609375 0.0546875
0 0.56015625 0.996875 0.0328125 0.00625
0 0.57734375 0.8921875 0.065625 0.059375
0 0.634375 0.90234375 0.0609375 0.0625
0 0.6765625 0.8609375 0.053125 0.0515625
0 0.7234375 0.825 0.0578125 0.053125
0 0.77265625 0.8171875 0.0515625 0.0515625
0 0.7234375 0.87734375 0.0609375 0.053125
0 0.67890625 0.8 0.0546875 0.053125
0 0.70234375 0.79296875 0.06875 0.0609375
0 0.73515625 0.778125 0.0453125 0.05625
0 0.7328125 0.7375 0.0578125 0.053125
0 0.646875 0.75078125 0.0703125 0.059375
0 0.6375 0.69609375 0.05625 0.0609375
0 0.69296875 0.7109375 0.075 0.0703125
0 0.66015625 0.5421875 0.046875 0.0515625
0 0.4328125 0.4078125 0.0453125 0.0484375
0 0.496875 0.434375 0.053125 0.0578125
