0 0.09765625 0.03828125 0.04296875 0.0296875
0 0.134375 0.0171875 0.03125 0.02734375
0 0.17578125 0.0140625 0.0390625 0.0234375
0 0.21875 0.01875 0.0390625 0.0296875
0 0.0984375 0.0734375 0.040625 0.0296875
0 0.0703125 0.0953125 0.04296875 0.03125
0 0.05546875 0.15546875 0.053125 0.053125
0 0.13671875 0.15703125 0.04296875 0.0375
0 0.17265625 0.1 0.0453125 0.03125
0 0.22734375 0.11328125 0.040625 0.03125
0 0.215625 0.05546875 0.040625 0.0328125
0 0.26171875 0.04296875 0.03515625 0.03515625
0 0.26953125 0.0875 0.03515625 0.03125
0 0.30625 0.08125 0.046875 0.0296875
0 0.2875 0.1171875 0.03515625 0.03125
0 0.30390625 0.0265625 0.0328125 0.0296875
0 0.33984375 0.05546875 0.03125 0.0328125
0 0.37109375 0.03203125 0.03515625 0.0296875
0 0.18046875 0.2265625 0.0453125 0.03125
0 0.14765625 0.25 0.0375 0.03125
0 0.0984375 0.24140625 0.0375 0.040625
0 0.0578125 0.265625 0.0453125 0.03515625
0 0.0703125 0.29375 0.0390625 0.040625
0 0.1 0.3125 0.0546875 0.046875
0 0.06953125 0.3734375 0.0375 0.0390625
0 0.01953125 0.40234375 0.0390625 0.046875
0 0.053125 0.4046875 0.03125 0.0390625
0 0.0125 0.303125 0.025 0.03515625
0 0.11328125 0.35078125 0.04296875 0.040625
0 0.1546875 0.359375 0.0390625 0.046875
0 0.184375 0.3390625 0.0328125 0.0375
0 0.1890625 0.29609375 0.03125 0.0375
0 0.215625 0.26875 0.040625 0.0375
0 0.24609375 0.28125 0.03515625 0.0390625
0 0.27734375 0.27421875 0.03515625 0.0375
0 0.23046875 0.31953125 0.03125 0.040625
0 0.2625 0.32734375 0.0328125 0.040625
0 0.30546875 0.3234375 0.0375 0.0375
0 0.21484375 0.36875 0.0390625 0.03125
0 0.35 0.18359375 0.0390625 0.0390625
0 0.37109375 0.2171875 0.0390625 0.0390625
0 0.40546875 0.10234375 0.0296875 0.0328125
0 0.4421875 0.08515625 0.0453125 0.0296875
0 0.428125 0.0484375 0.03515625 0.03515625
0 0.4890625 0.103125 0.040625 0.03125
0 0.53046875 0.08125 0.0375 0.0375
0 0.5734375 0.07109375 0.0453125 0.0296875
0 0.6171875 0.078125 0.0390625 0.0390625
0 0.58984375 0.1046875 0.046875 0.0375
0 0.66015625 0.06171875 0.03515625 0.0484375
0 0.42890625 0.184375 0.0296875 0.053125
0 0.471875 0.1828125 0.0375 0.0296875
0 0.4671875 0.20625 0.03515625 0.0375
0 0.44375 0.2296875 0.0390625 0.0328125
0 0.421875 0.259375 0.03125 0.0390625
0 0.43046875 0.3078125 0.040625 0.040625
0 0.4546875 0.26640625 0.03515625 0.0375
0 0.48515625 0.3109375 0.0375 0.0390625
0 0.52421875 0.284375 0.0328125 0.0328125
0 0.5453125 0.315625 0.03125 0.0296875
0 0.515625 0.3328125 0.03125 0.025
0 0.4921875 0.25390625 0.03125 0.0390625
0 0.52421875 0.2359375 0.0453125 0.03125
0 0.515625 0.190625 0.05078125 0.05625
0 0.55859375 0.17265625 0.0390625 0.0453125
0 0.58515625 0.20703125 0.0375 0.0390625
0 0.6109375 0.2515625 0.046875 0.046875
0 0.5921875 0.31875 0.03125 0.03515625
0 0.64375 0.3015625 0.040625 0.0484375
0 0.68046875 0.303125 0.0328125 0.04296875
0 0.6515625 0.2453125 0.0484375 0.0453125
0 0.6203125 0.19609375 0.040625 0.0453125
0 0.6671875 0.1578125 0.0375 0.0546875
0 0.73828125 0.13203125 0.04296875 0.0328125
0 0.71875 0.18671875 0.046875 0.040625
0 0.71796875 0.2296875 0.0328125 0.0328125
0 0.75703125 0.2640625 0.0375 0.04296875
0 0.79765625 0.26171875 0.0453125 0.0390625
0 0.7703125 0.21015625 0.05625 0.0484375
0 0.7765625 0.16328125 0.0609375 0.0453125
0 0.8359375 0.13671875 0.0546875 0.0390625
0 0.8453125 0.1703125 0.04296875 0.0390625
0 0.8328125 0.240625 0.040625 0.04296875
0 0.8671875 0.2640625 0.04296875 0.03125
0 0.890625 0.2265625 0.0390625 0.04296875
0 0.890625 0.1765625 0.0390625 0.040625
0 0.928125 0.16328125 0.04296875 0.0484375
0 0.909375 0.259375 0.0453125 0.03515625
0 0.79375 0.03515625 0.040625 0.04296875
0 0.74921875 0.03203125 0.0328125 0.0375
0 0.74609375 0.078125 0.0390625 0.0390625
0 0.7984375 0.08125 0.0390625 0.0296875
0 0.83984375 0.040625 0.04296875 0.0390625
0 0.8671875 0.090625 0.05078125 0.040625
0 0.8875 0.05625 0.0375 0.03515625
0 0.9265625 0.03984375 0.040625 0.040625
0 0.96484375 0.05625 0.03125 0.0390625
0 0.934375 0.09453125 0.0328125 0.0375
0 0.9828125 0.03125 0.03125 0.0390625
0 0.753125 0.3265625 0.0453125 0.03125
0 0.71796875 0.35546875 0.0375 0.03125
0 0.7265625 0.3828125 0.046875 0.046875
0 0.7734375 0.41015625 0.0390625 0.04296875
0 0.81328125 0.41328125 0.0375 0.0484375
0 0.8015625 0.3328125 0.0484375 0.0375
0 0.85234375 0.31640625 0.0375 0.02734375
0 0.82734375 0.29375 0.0453125 0.025
0 0.89765625 0.303125 0.0453125 0.03125
0 0.9234375 0.3296875 0.046875 0.0390625
0 0.9765625 0.3734375 0.04296875 0.04296875
0 0.9859375 0.28515625 0.0234375 0.03515625
0 0.89140625 0.378125 0.0484375 0.0453125
0 0.83515625 0.3671875 0.0484375 0.03515625
0 0.840625 0.44140625 0.040625 0.0546875
0 0.915625 0.41015625 0.05078125 0.04296875
0 0.93046875 0.453125 0.05625 0.05078125
0 0.88984375 0.49296875 0.0375 0.0296875
0 0.98515625 0.51171875 0.025 0.046875
0 0.94921875 0.515625 0.04296875 0.04296875
0 0.8109375 0.50859375 0.05859375 0.0453125
0 0.8578125 0.55625 0.06640625 0.0390625
0 0.80390625 0.5921875 0.040625 0.03515625
0 0.73515625 0.5984375 0.053125 0.040625
0 0.68828125 0.61015625 0.040625 0.0453125
0 0.68828125 0.65625 0.0375 0.03515625
0 0.73046875 0.63671875 0.03515625 0.02734375
0 0.75390625 0.4734375 0.0390625 0.0453125
0 0.73515625 0.5015625 0.0375 0.04296875
0 0.70703125 0.521875 0.0390625 0.04296875
0 0.69375 0.5546875 0.0390625 0.04296875
0 0.65234375 0.590625 0.04296875 0.040625
0 0.62578125 0.53125 0.0375 0.03125
0 0.6703125 0.49921875 0.03515625 0.0328125
0 0.66328125 0.5375 0.0484375 0.05078125
0 0.53203125 0.58203125 0.0484375 0.05078125
0 0.5578125 0.63359375 0.053125 0.0453125
0 0.621875 0.65234375 0.05625 0.04296875
0 0.60625 0.61640625 0.0453125 0.040625
0 0.54609375 0.6734375 0.05625 0.03515625
0 0.5578125 0.54375 0.0453125 0.025
0 0.53125 0.51484375 0.05078125 0.0328125
0 0.453125 0.565625 0.05078125 0.0296875
0 0.446875 0.6046875 0.03515625 0.040625
0 0.484375 0.61796875 0.04296875 0.0375
0 0.52265625 0.3765625 0.0453125 0.03515625
0 0.44453125 0.35625 0.053125 0.0328125
0 0.4140625 0.36328125 0.05859375 0.04296875
0 0.3671875 0.3578125 0.04296875 0.03125
0 0.32890625 0.38125 0.053125 0.0390625
0 0.26953125 0.378125 0.05078125 0.0296875
0 0.2484375 0.4015625 0.04296875 0.0328125
0 0.2 0.4390625 0.0296875 0.04296875
0 0.2234375 0.453125 0.0375 0.05078125
0 0.2484375 0.4421875 0.02734375 0.0453125
0 0.28125 0.4453125 0.04296875 0.05078125
0 0.296875 0.41796875 0.04296875 0.03515625
0 0.3515625 0.4578125 0.078125 0.0765625
0 0.39765625 0.421875 0.040625 0.03515625
0 0.415625 0.4515625 0.03125 0.03515625
0 0.4484375 0.46015625 0.0328125 0.0328125
0 0.475 0.440625 0.03515625 0.0328125
0 0.453125 0.403125 0.06640625 0.0375
0 0.3265625 0.515625 0.046875 0.05078125
0 0.275 0.51640625 0.04296875 0.0484375
0 0.2265625 0.51640625 0.0390625 0.0453125
0 0.175 0.4828125 0.0453125 0.05078125
0 0.1140625 0.55390625 0.0453125 0.0328125
0 0.07734375 0.5109375 0.0484375 0.0484375
0 0.071875 0.56171875 0.05859375 0.0484375
0 0.103125 0.43359375 0.0546875 0.0390625
0 0.0578125 0.45625 0.0375 0.0296875
0 0.021875 0.4484375 0.04296875 0.025
0 0.0234375 0.5046875 0.046875 0.0296875
0 0.02265625 0.5265625 0.0375 0.040625
0 0.00703125 0.6953125 0.0140625 0.04296875
0 0.0328125 0.6359375 0.0390625 0.025
0 0.040625 0.6765625 0.03125 0.040625
0 0.0671875 0.68359375 0.0453125 0.0390625
0 0.11640625 0.709375 0.040625 0.04296875
0 0.06875 0.71953125 0.04296875 0.0296875
0 0.090625 0.74296875 0.0484375 0.0328125
0 0.08125 0.634375 0.0328125 0.046875
0 0.11875 0.63359375 0.0390625 0.0296875
0 0.1265625 0.6640625 0.046875 0.03515625
0 0.1515625 0.6171875 0.0453125 0.03515625
0 0.1828125 0.590625 0.0484375 0.0375
0 0.19921875 0.5625 0.04296875 0.03515625
0 0.25625 0.58515625 0.0546875 0.040625
0 0.41796875 0.51640625 0.05078125 0.025
0 0.35546875 0.5671875 0.05859375 0.025
0 0.359375 0.596875 0.05859375 0.0375
0 0.3625 0.6515625 0.05625 0.053125
0 0.296875 0.65625 0.0546875 0.0390625
0 0.2640625 0.625 0.05078125 0.0390625
0 0.2234375 0.65625 0.053125 0.0390625
0 0.26953125 0.70390625 0.0546875 0.0328125
0 0.221875 0.70234375 0.05625 0.040625
0 0.184375 0.7328125 0.0484375 0.03515625
0 0.3296875 0.6890625 0.04296875 0.03125
0 0.075 0.8453125 0.0609375 0.05078125
0 0.0296875 0.83984375 0.0390625 0.04296875
0 0.0140625 0.8859375 0.02734375 0.0453125
0 0.1078125 0.88671875 0.0546875 0.0390625
0 0.16796875 0.89140625 0.05859375 0.040625
0 0.14375 0.9328125 0.0484375 0.053125
0 0.08984375 0.93671875 0.046875 0.040625
0 0.028125 0.9796875 0.0375 0.0375
0 0.08984375 0.97265625 0.0390625 0.03515625
0 0.18359375 0.94453125 0.046875 0.0328125
0 0.2 0.96953125 0.0296875 0.0484375
0 0.21953125 0.95625 0.0328125 0.0609375
0 0.25 0.96484375 0.04296875 0.0390625
0 0.246875 0.89375 0.0484375 0.040625
0 0.1921875 0.8 0.0453125 0.0484375
0 0.221875 0.765625 0.040625 0.03125
0 0.24140625 0.81328125 0.0453125 0.040625
0 0.27734375 0.771875 0.04296875 0.03515625
0 0.3234375 0.7609375 0.040625 0.0375
0 0.3484375 0.7984375 0.0453125 0.0390625
0 0.34296875 0.8359375 0.040625 0.05078125
0 0.3859375 0.8328125 0.0453125 0.0484375
0 0.36640625 0.73515625 0.0484375 0.0328125
0 0.41328125 0.71875 0.0484375 0.0390625
0 0.44140625 0.75390625 0.04296875 0.03515625
0 0.446875 0.79609375 0.046875 0.0328125
0 0.48046875 0.7796875 0.03515625 0.0390625
0 0.48359375 0.8125 0.0484375 0.04296875
0 0.45 0.82734375 0.0375 0.0375
0 0.47265625 0.85546875 0.0546875 0.03125
0 0.52265625 0.784375 0.0453125 0.0484375
0 0.5734375 0.8296875 0.06875 0.04296875
0 0.584375 0.7703125 0.0390625 0.040625
0 0.5578125 0.8 0.040625 0.0375
0 0.62109375 0.77265625 0.04296875 0.040625
0 0.64140625 0.72578125 0.0453125 0.0453125
0 0.61640625 0.73828125 0.040625 0.04296875
0 0.58203125 0.70703125 0.03515625 0.03125
0 0.5359375 0.71484375 0.0453125 0.04296875
0 0.471875 0.70703125 0.05625 0.0390625
0 0.68671875 0.77265625 0.05625 0.040625
0 0.7015625 0.73046875 0.04296875 0.046875
0 0.7109375 0.8109375 0.0546875 0.05078125
0 0.6734375 0.81875 0.04296875 0.0390625
0 0.6328125 0.82890625 0.046875 0.0375
0 0.746875 0.796875 0.0484375 0.04296875
0 0.78203125 0.73046875 0.0453125 0.0390625
0 0.790625 0.78125 0.03515625 0.03515625
0 0.809375 0.75078125 0.0375 0.0375
0 0.85546875 0.7609375 0.05078125 0.0484375
0 0.865625 0.69921875 0.046875 0.05078125
0 0.8890625 0.72734375 0.04296875 0.0453125
0 0.778125 0.6640625 0.0484375 0.046875
0 0.840625 0.65234375 0.0453125 0.046875
0 0.86640625 0.61640625 0.0375 0.0375
0 0.90546875 0.6515625 0.0484375 0.0484375
0 0.9671875 0.6453125 0.05859375 0.053125
0 0.94140625 0.59296875 0.05078125 0.0453125
0 0.9796875 0.7578125 0.0375 0.04296875
0 0.928125 0.7578125 0.046875 0.03125
0 0.42265625 0.96015625 0.06875 0.05625
0 0.384375 0.9796875 0.04296875 0.0375
0 0.47578125 0.90546875 0.0484375 0.025
0 0.49921875 0.9203125 0.053125 0.0390625
0 0.5640625 0.89453125 0.07421875 0.05078125
0 0.6421875 0.87109375 0.078125 0.0390625
0 0.6875 0.9109375 0.0546875 0.040625
0 0.571875 0.959375 0.05078125 0.046875
0 0.5328125 0.96796875 0.046875 0.0375
0 0.61796875 0.9625 0.040625 0.02734375
0 0.70625 0.940625 0.0484375 0.0328125
0 0.76484375 0.92578125 0.040625 0.03515625
0 0.78046875 0.9 0.0375 0.04296875
0 0.765625 0.8703125 0.046875 0.0375
0 0.8109375 0.85234375 0.04296875 0.0375
0 0.81640625 0.81875 0.0625 0.03515625
0 0.85625 0.840625 0.0296875 0.0296875
0 0.890625 0.8109375 0.0390625 0.03125
0 0.934375 0.821875 0.0453125 0.0390625
0 0.896875 0.8703125 0.046875 0.0375
0 0.9796875 0.8703125 0.0375 0.0375
0 0.9828125 0.83984375 0.03125 0.03515625
0 0.9625 0.91015625 0.046875 0.03515625
0 0.865625 0.90703125 0.04296875 0.0375
0 0.8234375 0.90703125 0.0375 0.0375
0 0.79375 0.96953125 0.053125 0.0484375
0 0.84296875 0.97734375 0.0375 0.0375
0 0.85859375 0.9484375 0.0375 0.0375
0 0.88203125 0.975 0.0328125 0.02734375
0 0.9265625 0.9734375 0.0375 0.0328125
0 0.94921875 0.97734375 0.0390625 0.040625
0 0.9796875 0.9609375 0.0375 0.05078125
