0 0.01171875 0.11640625 0.0234375 0.05625
0 0.06328125 0.0953125 0.0328125 0.04296875
0 0.10234375 0.071875 0.0375 0.0234375
0 0.1078125 0.04296875 0.0390625 0.03515625
0 0.13125 0.01875 0.0390625 0.0296875
0 0.1734375 0.01484375 0.0390625 0.0296875
0 0.21484375 0.01640625 0.04296875 0.0296875
0 0.20625 0.05546875 0.053125 0.0375
0 0.17109375 0.10234375 0.053125 0.053125
0 0.0484375 0.140625 0.04296875 0.02734375
0 0.06875 0.16875 0.04296875 0.040625
0 0.1453125 0.1625 0.0484375 0.04296875
0 0.19609375 0.15 0.0484375 0.0390625
0 0.22734375 0.10625 0.0484375 0.05625
0 0.25703125 0.04765625 0.040625 0.05625
0 0.30078125 0.03203125 0.05078125 0.040625
0 0.26953125 0.0921875 0.04296875 0.03125
0 0.3046875 0.07734375 0.0390625 0.0375
0 0.34296875 0.05546875 0.0453125 0.040625
0 0.37578125 0.03203125 0.0375 0.0484375
0 0.32890625 0.1125 0.0375 0.0296875
0 0.28125 0.1265625 0.02734375 0.03515625
0 0.24921875 0.17578125 0.0609375 0.03515625
0 0.12890625 0.2125 0.04296875 0.03125
0 0.0546875 0.2609375 0.046875 0.0375
0 0.06875 0.2984375 0.04296875 0.05078125
0 0.10078125 0.31953125 0.0453125 0.0328125
0 0.1109375 0.2890625 0.046875 0.03515625
0 0.1515625 0.2453125 0.05625 0.040625
0 0.2125 0.26484375 0.0390625 0.0296875
0 0.190625 0.2953125 0.0453125 0.03515625
0 0.1875 0.3390625 0.03515625 0.0453125
0 0.15625 0.35859375 0.04296875 0.0484375
0 0.115625 0.35234375 0.0390625 0.0375
0 0.10234375 0.39453125 0.0328125 0.03125
0 0.06875 0.3734375 0.04296875 0.03515625
0 0.01484375 0.38671875 0.0296875 0.02734375
0 0.01875 0.4140625 0.0375 0.03125
0 0.009375 0.340625 0.015625 0.0484375
0 0.03125 0.30390625 0.04296875 0.0453125
0 0.3453125 0.1828125 0.046875 0.0328125
0 0.375 0.2125 0.05078125 0.0390625
0 0.28203125 0.2765625 0.0484375 0.0453125
0 0.240625 0.27421875 0.046875 0.040625
0 0.22734375 0.32109375 0.0375 0.0375
0 0.2546875 0.3265625 0.040625 0.03125
0 0.3015625 0.3140625 0.040625 0.03125
0 0.403125 0.0984375 0.0328125 0.0375
0 0.4390625 0.08515625 0.0390625 0.0328125
0 0.4296875 0.0453125 0.05859375 0.05859375
0 0.42109375 0.13671875 0.040625 0.02734375
0 0.46015625 0.1328125 0.0328125 0.0234375
0 0.4890625 0.10546875 0.040625 0.04296875
0 0.5296875 0.0765625 0.0390625 0.03125
0 0.5375 0.1109375 0.02734375 0.03125
0 0.575 0.0765625 0.040625 0.046875
0 0.58984375 0.11015625 0.03125 0.0328125
0 0.615625 0.0734375 0.04296875 0.040625
0 0.66328125 0.059375 0.040625 0.0375
0 0.6578125 0.08671875 0.02734375 0.0296875
0 0.36328125 0.28203125 0.0390625 0.040625
0 0.42109375 0.18828125 0.0375 0.0484375
0 0.4328125 0.23046875 0.0296875 0.03125
0 0.43125 0.309375 0.05078125 0.0375
0 0.409375 0.2734375 0.0296875 0.03515625
0 0.459375 0.27265625 0.04296875 0.0375
0 0.48515625 0.303125 0.0328125 0.03515625
0 0.49296875 0.2515625 0.0453125 0.03125
0 0.4609375 0.21171875 0.03515625 0.0328125
0 0.4671875 0.184375 0.03125 0.040625
0 0.49375 0.19921875 0.03515625 0.03125
0 0.5234375 0.19609375 0.03125 0.0375
0 0.51953125 0.22578125 0.03515625 0.0453125
0 0.54609375 0.1828125 0.040625 0.0453125
0 0.58984375 0.1671875 0.0546875 0.040625
0 0.5921875 0.2046875 0.04296875 0.0390625
0 0.625 0.190625 0.03125 0.0296875
0 0.6046875 0.25703125 0.040625 0.040625
0 0.64140625 0.23828125 0.0453125 0.046875
0 0.52734375 0.2859375 0.0390625 0.0328125
0 0.6546875 0.29765625 0.0390625 0.0453125
0 0.68828125 0.30078125 0.025 0.0390625
0 0.58984375 0.32109375 0.0390625 0.0375
0 0.53984375 0.3015625 0.0375 0.0328125
0 0.50625 0.3375 0.03515625 0.03515625
0 0.56953125 0.34765625 0.0484375 0.02734375
0 0.665625 0.1640625 0.0390625 0.0390625
0 0.721875 0.1875 0.053125 0.0390625
0 0.71796875 0.23515625 0.0328125 0.0328125
0 0.746875 0.2640625 0.0328125 0.03515625
0 0.78984375 0.26640625 0.0328125 0.0296875
0 0.775 0.2125 0.0546875 0.04296875
0 0.778125 0.1625 0.0609375 0.046875
0 0.7390625 0.1296875 0.0453125 0.0375
0 0.83515625 0.13671875 0.053125 0.03515625
0 0.83984375 0.1734375 0.0390625 0.03125
0 0.884375 0.178125 0.04296875 0.0390625
0 0.92265625 0.1609375 0.0453125 0.0328125
0 0.925 0.19140625 0.0453125 0.04296875
0 0.890625 0.2328125 0.0546875 0.04296875
0 0.83515625 0.246875 0.0484375 0.0484375
0 0.86796875 0.26875 0.0296875 0.0296875
0 0.9203125 0.2578125 0.04296875 0.03515625
0 0.753125 0.0375 0.0375 0.03125
0 0.74140625 0.06953125 0.0296875 0.0328125
0 0.790625 0.03515625 0.0390625 0.04296875
0 0.803125 0.0796875 0.0546875 0.03515625
0 0.8421875 0.03203125 0.04296875 0.0375
0 0.86796875 0.0953125 0.071875 0.0390625
0 0.89375 0.0546875 0.0484375 0.0546875
0 0.925 0.0265625 0.0375 0.040625
0 0.9546875 0.0546875 0.0390625 0.03125
0 0.93359375 0.0953125 0.046875 0.0390625
0 0.98359375 0.0234375 0.0296875 0.03125
0 0.0203125 0.45 0.040625 0.0375
0 0.05390625 0.4578125 0.053125 0.0484375
0 0.09453125 0.43125 0.053125 0.03515625
0 0.0203125 0.528125 0.0375 0.0375
0 0.05546875 0.55859375 0.040625 0.04296875
0 0.1109375 0.55625 0.046875 0.0390625
0 0.078125 0.5171875 0.04296875 0.04296875
0 0.16875 0.47578125 0.0453125 0.0609375
0 0.221875 0.5125 0.040625 0.0484375
0 0.20234375 0.4140625 0.0328125 0.0390625
0 0.246875 0.40625 0.0375 0.03515625
0 0.215625 0.37109375 0.040625 0.03125
0 0.31875 0.3796875 0.046875 0.0296875
0 0.35859375 0.35859375 0.053125 0.040625
0 0.41015625 0.359375 0.0390625 0.02734375
0 0.4421875 0.396875 0.0640625 0.046875
0 0.53046875 0.42109375 0.040625 0.053125
0 0.49921875 0.45625 0.05625 0.05625
0 0.45234375 0.4640625 0.0484375 0.053125
0 0.41484375 0.4484375 0.0484375 0.0609375
0 0.29765625 0.4140625 0.0484375 0.0390625
0 0.2796875 0.44921875 0.05078125 0.05078125
0 0.2484375 0.446875 0.05078125 0.05078125
0 0.27734375 0.515625 0.0546875 0.05078125
0 0.32421875 0.5171875 0.04296875 0.0546875
0 0.35 0.45390625 0.06640625 0.0796875
0 0.4140625 0.52421875 0.05078125 0.0453125
0 0.7453125 0.32421875 0.040625 0.0390625
0 0.72265625 0.359375 0.03515625 0.03125
0 0.72734375 0.3953125 0.0375 0.0375
0 0.76640625 0.4109375 0.040625 0.0453125
0 0.79375 0.3234375 0.040625 0.0453125
0 0.8140625 0.41328125 0.0390625 0.0453125
0 0.8328125 0.3703125 0.0375 0.040625
0 0.890625 0.37578125 0.04296875 0.0484375
0 0.9171875 0.32890625 0.0484375 0.0484375
0 0.8484375 0.31640625 0.0484375 0.03515625
0 0.9796875 0.36796875 0.0375 0.040625
0 0.9859375 0.290625 0.0234375 0.0390625
0 0.93359375 0.45390625 0.03515625 0.053125
0 0.909375 0.41484375 0.053125 0.040625
0 0.83125 0.4640625 0.0375 0.0328125
0 0.875 0.45625 0.05078125 0.0328125
0 0.84453125 0.434375 0.0453125 0.053125
0 0.8875 0.49296875 0.040625 0.0375
0 0.98828125 0.51640625 0.01953125 0.040625
0 0.9484375 0.5171875 0.025 0.03515625
0 0.68359375 0.48359375 0.046875 0.0296875
0 0.0359375 0.68046875 0.040625 0.0484375
0 0.01171875 0.69921875 0.0234375 0.05078125
0 0.0703125 0.696875 0.03515625 0.05859375
0 0.11640625 0.7015625 0.0375 0.0390625
0 0.0875 0.7421875 0.05859375 0.0390625
0 0.12578125 0.665625 0.0484375 0.0390625
0 0.0921875 0.63125 0.046875 0.046875
0 0.125 0.59453125 0.04296875 0.040625
0 0.18828125 0.59375 0.0484375 0.03515625
0 0.2015625 0.56640625 0.05078125 0.03515625
0 0.29609375 0.565625 0.0484375 0.0328125
0 0.34453125 0.559375 0.040625 0.0296875
0 0.365625 0.59296875 0.05078125 0.0375
0 0.3546875 0.634375 0.0453125 0.03515625
0 0.359375 0.6640625 0.046875 0.0390625
0 0.2609375 0.58515625 0.053125 0.0375
0 0.2515625 0.6109375 0.046875 0.03125
0 0.26484375 0.63671875 0.0375 0.0234375
0 0.29765625 0.65546875 0.0453125 0.040625
0 0.325 0.68828125 0.0375 0.0296875
0 0.275 0.7109375 0.05859375 0.0390625
0 0.17890625 0.73125 0.053125 0.0375
0 0.2171875 0.70703125 0.05078125 0.0390625
0 0.22734375 0.66015625 0.0609375 0.046875
0 0.4515625 0.55859375 0.04296875 0.046875
0 0.48359375 0.61875 0.0640625 0.05078125
0 0.5328125 0.5765625 0.046875 0.046875
0 0.5453125 0.53828125 0.046875 0.0296875
0 0.5875 0.5125 0.03515625 0.0296875
0 0.628125 0.53515625 0.040625 0.04296875
0 0.64765625 0.5828125 0.0484375 0.0453125
0 0.6046875 0.609375 0.0484375 0.03515625
0 0.5859375 0.6578125 0.03515625 0.03515625
0 0.5328125 0.65703125 0.04296875 0.0375
0 0.5625 0.62890625 0.05078125 0.0625
0 0.61875 0.64140625 0.05078125 0.0484375
0 0.6921875 0.61328125 0.040625 0.03515625
0 0.734375 0.60078125 0.0546875 0.0453125
0 0.69140625 0.55390625 0.046875 0.0484375
0 0.7078125 0.5140625 0.040625 0.046875
0 0.7390625 0.4890625 0.0328125 0.0375
0 0.77734375 0.50390625 0.02734375 0.03125
0 0.8171875 0.5140625 0.0484375 0.04296875
0 0.85625 0.56953125 0.0453125 0.040625
0 0.8046875 0.59296875 0.046875 0.040625
0 0.9390625 0.59375 0.0625 0.05078125
0 0.96796875 0.64375 0.05625 0.040625
0 0.9015625 0.64921875 0.0484375 0.040625
0 0.8640625 0.6109375 0.0375 0.03125
0 0.84375 0.64765625 0.046875 0.0375
0 0.7875 0.653125 0.05078125 0.0375
0 0.74375 0.6703125 0.0390625 0.04296875
0 0.684375 0.66328125 0.040625 0.0375
0 0.7734375 0.734375 0.0546875 0.046875
0 0.809375 0.75078125 0.0375 0.0375
0 0.790625 0.775 0.0390625 0.0390625
0 0.84765625 0.759375 0.0390625 0.03125
0 0.86640625 0.6921875 0.040625 0.0296875
0 0.88984375 0.725 0.0375 0.04296875
0 0.91875 0.75859375 0.053125 0.0375
0 0.6953125 0.7296875 0.05859375 0.0453125
0 0.68046875 0.7671875 0.0453125 0.04296875
0 0.61640625 0.7296875 0.0375 0.040625
0 0.5921875 0.70234375 0.046875 0.040625
0 0.5359375 0.7125 0.040625 0.0390625
0 0.5828125 0.7734375 0.0453125 0.046875
0 0.66875 0.8359375 0.0328125 0.0390625
0 0.72578125 0.828125 0.0453125 0.0390625
0 0.7515625 0.796875 0.04296875 0.03515625
0 0.9859375 0.74609375 0.0234375 0.03125
0 0.47578125 0.70625 0.053125 0.040625
0 0.4078125 0.71796875 0.05859375 0.0453125
0 0.4453125 0.75625 0.046875 0.0390625
0 0.45 0.7984375 0.0484375 0.046875
0 0.4546875 0.83203125 0.05078125 0.0390625
0 0.4671875 0.86015625 0.0390625 0.0375
0 0.51953125 0.78125 0.05078125 0.05078125
0 0.553125 0.82109375 0.05078125 0.040625
0 0.621875 0.834375 0.0375 0.03125
0 0.3203125 0.765625 0.0390625 0.03125
0 0.35 0.796875 0.0546875 0.04296875
0 0.3453125 0.88125 0.0390625 0.0390625
0 0.3828125 0.8921875 0.04296875 0.02734375
0 0.384375 0.82890625 0.046875 0.040625
0 0.34375 0.84375 0.0390625 0.0390625
0 0.28046875 0.775 0.0375 0.03515625
0 0.25078125 0.828125 0.0609375 0.03515625
0 0.18828125 0.803125 0.0375 0.0390625
0 0.21796875 0.775 0.0375 0.02734375
0 0.2515625 0.79296875 0.04296875 0.04296875
0 0.07421875 0.84296875 0.04296875 0.053125
0 0.02734375 0.8328125 0.046875 0.0484375
0 0.0140625 0.884375 0.02734375 0.0390625
0 0.04765625 0.91484375 0.0484375 0.0375
0 0.08984375 0.93046875 0.0390625 0.040625
0 0.140625 0.9359375 0.0546875 0.0390625
0 0.1109375 0.884375 0.05859375 0.03125
0 0.16875 0.890625 0.0453125 0.03515625
0 0.2421875 0.88671875 0.05078125 0.03125
0 0.228125 0.934375 0.03515625 0.0296875
0 0.22265625 0.9625 0.02734375 0.05078125
0 0.19609375 0.96015625 0.025 0.0375
0 0.25703125 0.9625 0.040625 0.03515625
0 0.090625 0.9671875 0.0328125 0.03515625
0 0.05859375 0.984375 0.0390625 0.02734375
0 0.03046875 0.9640625 0.0375 0.0296875
