0 0.15390625 0.01484375 0.0359375 0.0296875
0 0.1796875 0.01640625 0.05 0.0328125
0 0.18828125 0.05078125 0.046875 0.040625
0 0.22265625 0.0125 0.0578125 0.025
0 0.26484375 0.065625 0.05625 0.05
0 0.31796875 0.06796875 0.0578125 0.0515625
0 0.31171875 0.01953125 0.0546875 0.0390625
0 0.359375 0.034375 0.0625 0.0640625
0 0.23359375 0.009375 0.0390625 0.01875
0 0.27265625 0.0109375 0.0546875 0.021875
0 0.3109375 0.00859375 0.046875 0.0171875
0 0.3484375 0.0078125 0.0375 0.015625
0 0.35703125 0.0125 0.0515625 0.025
0 0.41015625 0.0109375 0.0453125 0.021875
0 0.396875 0.0359375 0.0546875 0.0546875
0 0.40703125 0.075 0.05625 0.0484375
0 0.4640625 0.07890625 0.0609375 0.053125
0 0.4421875 0.03515625 0.0515625 0.0515625
0 0.45390625 0.01328125 0.0578125 0.0265625
0 0.4875 0.01953125 0.0375 0.0390625
0 0.52734375 0.0140625 0.0515625 0.028125
0 0.53515625 0.08125 0.0375 0.0390625
0 0.57421875 0.08203125 0.05 0.0546875
0 0.57421875 0.0453125 0.03125 0.028125
0 0.53984375 0.13125 0.0546875 0.0515625
0 0.58515625 0.13984375 0.0609375 0.0578125
0 0.61328125 0.1171875 0.0515625 0.05
0 0.6609375 0.10234375 0.0578125 0.0578125
0 0.70390625 0.11328125 0.0546875 0.0578125
0 0.746875 0.121875 0.0453125 0.053125
0 0.7890625 0.13046875 0.053125 0.0640625
0 0.80546875 0.17421875 0.0546875 0.0421875
0 0.75234375 0.17890625 0.0546875 0.04375
0 0.7078125 0.1515625 0.0484375 0.0390625
0 0.65625 0.14375 0.06875 0.05
0 0.8890625 0.13125 0.046875 0.046875
0 0.865625 0.16328125 0.0421875 0.0421875
0 0.9265625 0.14140625 0.046875 0.0484375
0 0.92265625 0.19375 0.075 0.0625
0 0.97421875 0.16640625 0.0515625 0.0578125
0 0.97421875 0.22421875 0.0515625 0.0578125
0 0.99140625 0.31875 0.0171875 0.059375
0 0.97265625 0.27734375 0.0484375 0.0421875
0 0.93203125 0.253125 0.0484375 0.046875
0 0.8984375 0.26328125 0.0515625 0.0578125
0 0.97421875 0.31875 0.0515625 0.05
0 0.92890625 0.29140625 0.05625 0.05
0 0.8546875 0.24375 0.0484375 0.0515625
0 0.809375 0.25859375 0.05625 0.0609375
0 0.7953125 0.3140625 0.046875 0.05
0 0.81796875 0.34921875 0.05 0.05625
0 0.85625 0.36171875 0.05 0.05
0 0.903125 0.35703125 0.0609375 0.0578125
0 0.95390625 0.35703125 0.0546875 0.0515625
0 0.93046875 0.4 0.0515625 0.0484375
0 0.97421875 0.4046875 0.0515625 0.05
0 0.85234375 0.3125 0.05625 0.053125
0 0.70859375 0.20703125 0.0453125 0.04375
0 0.7203125 0.24296875 0.0546875 0.0546875
0 0.7265625 0.2921875 0.05625 0.0671875
0 0.71171875 0.3515625 0.046875 0.0671875
0 0.74453125 0.37421875 0.053125 0.0609375
0 0.6796875 0.29609375 0.0609375 0.0609375
0 0.6828125 0.25234375 0.0484375 0.053125
0 0.6640625 0.20078125 0.053125 0.0484375
0 0.6140625 0.18671875 0.0515625 0.0421875
0 0.584375 0.1859375 0.04375 0.0453125
0 0.59765625 0.21328125 0.053125 0.0484375
0 0.609375 0.2453125 0.0625 0.0546875
0 0.5953125 0.29609375 0.05625 0.0484375
0 0.64453125 0.3546875 0.0515625 0.0453125
0 0.61328125 0.37578125 0.0515625 0.0421875
0 0.60546875 0.334375 0.065625 0.059375
0 0.571875 0.353125 0.0625 0.0578125
0 0.54921875 0.3125 0.0625 0.0640625
0 0.56796875 0.2625 0.0515625 0.05
0 0.5359375 0.27109375 0.0546875 0.0578125
0 0.503125 0.29296875 0.05 0.05
0 0.490625 0.2609375 0.04375 0.0390625
0 0.51875 0.2234375 0.046875 0.05625
0 0.5625 0.20625 0.0515625 0.0546875
0 0.45546875 0.140625 0.0546875 0.0484375
0 0.4734375 0.18671875 0.0578125 0.0515625
0 0.47421875 0.225 0.0421875 0.0421875
0 0.43984375 0.25390625 0.0625 0.0546875
0 0.3609375 0.21640625 0.05625 0.05625
0 0.3703125 0.2703125 0.059375 0.053125
0 0.32734375 0.25859375 0.0484375 0.05625
0 0.2984375 0.2421875 0.0453125 0.046875
0 0.3234375 0.20078125 0.04375 0.0453125
0 0.36796875 0.1125 0.071875 0.053125
0 0.30078125 0.18828125 0.0484375 0.0421875
0 0.26875 0.209375 0.0640625 0.05625
0 0.25390625 0.24453125 0.0546875 0.05
0 0.2625 0.2765625 0.0421875 0.0421875
0 0.21171875 0.2515625 0.0484375 0.0609375
0 0.17734375 0.23828125 0.0546875 0.053125
0 0.1578125 0.28046875 0.06875 0.065625
0 0.128125 0.24296875 0.05 0.0515625
0 0.09921875 0.27890625 0.0515625 0.05
0 0.07734375 0.24453125 0.05 0.05625
0 0.065625 0.27734375 0.04375 0.040625
0 0.08359375 0.1921875 0.03125 0.053125
0 0.1078125 0.16171875 0.0515625 0.0515625
0 0.140625 0.16875 0.0640625 0.0671875
0 0.1703125 0.19765625 0.05 0.05
0 0.19453125 0.17578125 0.0578125 0.0609375
0 0.25078125 0.15234375 0.0640625 0.059375
0 0.2625 0.11640625 0.04375 0.0453125
0 0.3015625 0.121875 0.0515625 0.05
0 0.22578125 0.11484375 0.0609375 0.0515625
0 0.084375 0.31484375 0.0609375 0.053125
0 0.13359375 0.31015625 0.059375 0.05
0 0.04140625 0.334375 0.0375 0.05
0 0.0359375 0.37265625 0.053125 0.0625
0 0.00859375 0.4421875 0.0171875 0.028125
0 0.034375 0.4484375 0.053125 0.040625
0 0.065625 0.4171875 0.0546875 0.0546875
0 0.1125 0.43359375 0.065625 0.05625
0 0.09765625 0.38515625 0.0640625 0.05625
0 0.19140625 0.38203125 0.0671875 0.0734375
0 0.23203125 0.42734375 0.0609375 0.0671875
0 0.278125 0.4484375 0.0546875 0.0546875
0 0.32421875 0.4578125 0.0671875 0.06875
0 0.2796875 0.37265625 0.0625 0.0578125
0 0.334375 0.359375 0.0546875 0.0515625
0 0.3609375 0.32578125 0.05 0.0390625
0 0.4109375 0.3265625 0.0578125 0.0546875
0 0.4484375 0.3421875 0.0484375 0.0390625
0 0.35625 0.38984375 0.05625 0.053125
0 0.38671875 0.41328125 0.04375 0.040625
0 0.42421875 0.39375 0.0515625 0.0546875
0 0.43515625 0.42734375 0.04375 0.0453125
0 0.46953125 0.43828125 0.053125 0.0546875
0 0.5125 0.45078125 0.059375 0.0640625
0 0.46875 0.3765625 0.04375 0.0453125
0 0.5015625 0.39765625 0.0484375 0.0515625
0 0.55546875 0.4265625 0.0484375 0.05
0 0.409375 0.49453125 0.0609375 0.0484375
0 0.8015625 0.41484375 0.0546875 0.0484375
0 0.84453125 0.428125 0.0609375 0.0578125
0 0.8953125 0.4296875 0.053125 0.0484375
0 0.9484375 0.46484375 0.0484375 0.05
0 0.98984375 0.52734375 0.0203125 0.0578125
0 0.8609375 0.4734375 0.0546875 0.0515625
0 0.78828125 0.4953125 0.059375 0.0578125
0 0.75 0.46328125 0.0484375 0.05
0 0.75859375 0.425 0.0453125 0.04375
0 0.83046875 0.50546875 0.0546875 0.0546875
0 0.8796875 0.52265625 0.0453125 0.046875
0 0.921875 0.53984375 0.05 0.0515625
0 0.88515625 0.5609375 0.0515625 0.0546875
0 0.8625 0.578125 0.046875 0.0453125
0 0.76328125 0.55 0.0515625 0.05
0 0.79921875 0.5734375 0.0484375 0.040625
0 0.83046875 0.5671875 0.0484375 0.0515625
0 0.93046875 0.5765625 0.040625 0.0421875
0 0.92109375 0.6046875 0.05 0.0515625
0 0.875 0.61796875 0.046875 0.0421875
0 0.96484375 0.6625 0.0328125 0.059375
0 0.92265625 0.66328125 0.0671875 0.0640625
0 0.90234375 0.78046875 0.0765625 0.075
0 0.8921875 0.725 0.059375 0.05
0 0.784375 0.74609375 0.046875 0.0484375
0 0.815625 0.72734375 0.05625 0.0453125
0 0.73046875 0.73984375 0.0578125 0.0515625
0 0.68515625 0.74765625 0.0625 0.0546875
0 0.6921875 0.81328125 0.065625 0.053125
0 0.79140625 0.79375 0.071875 0.075
0 0.803125 0.84609375 0.0640625 0.0609375
0 0.75859375 0.86171875 0.0609375 0.0515625
0 0.721875 0.83984375 0.0453125 0.0453125
0 0.6953125 0.85234375 0.0484375 0.046875
0 0.7515625 0.89453125 0.0453125 0.04375
0 0.78671875 0.89765625 0.0515625 0.0453125
0 0.81953125 0.87890625 0.0515625 0.0421875
0 0.83359375 0.9109375 0.05 0.0484375
0 0.86953125 0.91171875 0.0546875 0.059375
0 0.8859375 0.88671875 0.0375 0.046875
0 0.8984375 0.84140625 0.04375 0.0546875
0 0.84375 0.775 0.075 0.06875
0 0.81875 0.68203125 0.0640625 0.0609375
0 0.7578125 0.69375 0.0703125 0.0671875
0 0.69140625 0.671875 0.0578125 0.0546875
0 0.6453125 0.66953125 0.0515625 0.0609375
0 0.6203125 0.71484375 0.0515625 0.0515625
0 0.68671875 0.7125 0.0546875 0.04375
0 0.78125 0.59765625 0.084375 0.06875
0 0.72890625 0.56640625 0.0671875 0.065625
0 0.69453125 0.575 0.0546875 0.053125
0 0.66015625 0.60078125 0.0671875 0.0609375
0 0.61875 0.57109375 0.0703125 0.0578125
0 0.615625 0.625 0.05625 0.059375
0 0.5625 0.6328125 0.0765625 0.071875
0 0.54296875 0.678125 0.0671875 0.059375
0 0.484375 0.66640625 0.071875 0.0625
0 0.44765625 0.61640625 0.090625 0.08125
0 0.50625 0.5859375 0.084375 0.0796875
0 0.53046875 0.534375 0.075 0.065625
0 0.44609375 0.5453125 0.0671875 0.0609375
0 0.3375 0.5453125 0.0734375 0.0609375
0 0.31796875 0.60234375 0.065625 0.071875
0 0.25234375 0.58515625 0.059375 0.05625
0 0.22578125 0.525 0.0734375 0.0609375
0 0.2359375 0.559375 0.0578125 0.053125
0 0.1890625 0.575 0.0484375 0.04375
0 0.21953125 0.628125 0.0515625 0.0421875
0 0.15625 0.60390625 0.0734375 0.059375
0 0.1265625 0.63515625 0.0796875 0.0640625
0 0.08671875 0.5359375 0.071875 0.0609375
0 0.07421875 0.49765625 0.0828125 0.06875
0 0.02890625 0.56171875 0.0578125 0.0640625
0 0.0203125 0.53046875 0.040625 0.0734375
0 0.1796875 0.48515625 0.0546875 0.0515625
0 0.01875 0.6953125 0.0375 0.075
0 0.0140625 0.66796875 0.028125 0.0609375
0 0.01015625 0.72109375 0.0203125 0.0578125
0 0.01640625 0.75390625 0.0328125 0.0515625
0 0.01328125 0.75 0.0265625 0.0375
0 0.02265625 0.746875 0.0453125 0.0390625
0 0.0609375 0.7734375 0.05625 0.0453125
0 0.025 0.80625 0.05 0.071875
0 0.015625 0.7859375 0.03125 0.05625
0 0.01484375 0.8078125 0.0296875 0.05625
0 0.0890625 0.8484375 0.06875 0.065625
0 0.1265625 0.7953125 0.0703125 0.0578125
0 0.1171875 0.68984375 0.065625 0.0625
0 0.1546875 0.6671875 0.0734375 0.059375
0 0.1671875 0.73046875 0.0765625 0.071875
0 0.18359375 0.70234375 0.0625 0.0515625
0 0.24453125 0.69609375 0.0625 0.059375
0 0.26015625 0.7359375 0.065625 0.0515625
0 0.22890625 0.8171875 0.0625 0.046875
0 0.2625 0.7828125 0.0828125 0.0671875
0 0.3484375 0.6859375 0.0671875 0.053125
0 0.36875 0.73125 0.0625 0.0484375
0 0.3640625 0.7734375 0.06875 0.0625
0 0.35390625 0.80625 0.0609375 0.0484375
0 0.3578125 0.8375 0.059375 0.0484375
0 0.4375 0.778125 0.0609375 0.06875
0 0.45625 0.8296875 0.071875 0.0625
0 0.46484375 0.865625 0.0484375 0.040625
0 0.50078125 0.7890625 0.0609375 0.0609375
0 0.47265625 0.71796875 0.0546875 0.0515625
0 0.5203125 0.73046875 0.0734375 0.059375
0 0.540625 0.7625 0.05625 0.05625
0 0.59765625 0.81015625 0.065625 0.0625
0 0.51640625 0.8625 0.053125 0.04375
0 0.559375 0.8734375 0.0390625 0.0375
0 0.6109375 0.88046875 0.0609375 0.0578125
0 0.64765625 0.8625 0.0546875 0.05
0 0.83984375 0.98515625 0.0578125 0.0296875
0 0.6265625 0.97734375 0.05625 0.0453125
0 0.63203125 0.9359375 0.053125 0.0546875
0 0.6953125 0.9390625 0.0515625 0.0484375
0 0.74765625 0.934375 0.05625 0.05
0 0.68515625 0.98125 0.0484375 0.0375
0 0.72890625 0.98671875 0.0515625 0.0265625
0 0.76953125 0.96875 0.0609375 0.0609375
0 0.55625 0.978125 0.059375 0.04375
0 0.5421875 0.95 0.0515625 0.05
0 0.43046875 0.89921875 0.065625 0.0546875
0 0.36328125 0.8921875 0.05 0.046875
0 0.3359375 0.87109375 0.059375 0.0671875
0 0.271875 0.87265625 0.0671875 0.05625
0 0.2421875 0.8828125 0.0484375 0.04375
0 0.24609375 0.921875 0.0546875 0.0515625
0 0.2875 0.92421875 0.065625 0.0671875
0 0.36328125 0.9625 0.05625 0.0453125
0 0.41484375 0.96640625 0.0625 0.059375
0 0.4640625 0.975 0.065625 0.05
