0 0.0140625 0.115625 0.0234375 0.05859375
0 0.046875 0.1390625 0.03125 0.0390625
0 0.06640625 0.17578125 0.0390625 0.03515625
0 0.14140625 0.15703125 0.040625 0.0375
0 0.10625 0.0359375 0.0328125 0.025
0 0.08984375 0.07109375 0.03515625 0.0296875
0 0.07890625 0.09765625 0.0375 0.04296875
0 0.1734375 0.10546875 0.05078125 0.05078125
0 0.1890625 0.14765625 0.04296875 0.025
0 0.22578125 0.1078125 0.0453125 0.04296875
0 0.2078125 0.05625 0.0375 0.03125
0 0.178125 0.0234375 0.02734375 0.03125
0 0.14375 0.01484375 0.0296875 0.025
0 0.21796875 0.025 0.0296875 0.02734375
0 0.25859375 0.046875 0.0453125 0.0390625
0 0.2671875 0.090625 0.0390625 0.0375
0 0.28515625 0.125 0.0390625 0.0234375
0 0.33125 0.1140625 0.040625 0.0296875
0 0.303125 0.0765625 0.0390625 0.04296875
0 0.29765625 0.03125 0.0453125 0.04296875
0 0.33671875 0.05 0.0296875 0.0328125
0 0.37421875 0.0265625 0.040625 0.0296875
0 0.384375 0.06328125 0.046875 0.0328125
0 0.4390625 0.0828125 0.03515625 0.0296875
0 0.409375 0.10078125 0.040625 0.040625
0 0.421875 0.13984375 0.03515625 0.0296875
0 0.4640625 0.13203125 0.0328125 0.0375
0 0.4875 0.10859375 0.0375 0.0375
0 0.52734375 0.0796875 0.0390625 0.03125
0 0.53515625 0.11015625 0.0390625 0.0296875
0 0.57421875 0.07109375 0.0390625 0.025
0 0.5875 0.11015625 0.04296875 0.040625
0 0.615625 0.0734375 0.03515625 0.0453125
0 0.66875 0.05625 0.0453125 0.03515625
0 0.65625 0.08515625 0.03125 0.0296875
0 0.6375 0.12109375 0.053125 0.02734375
0 0.74609375 0.03203125 0.0390625 0.040625
0 0.7390625 0.075 0.0375 0.0453125
0 0.7046875 0.0484375 0.02734375 0.0390625
0 0.6859375 0.090625 0.0390625 0.0375
0 0.790625 0.03515625 0.0390625 0.046875
0 0.7890625 0.0953125 0.03125 0.03125
0 0.8109375 0.08125 0.046875 0.0296875
0 0.840625 0.03203125 0.040625 0.040625
0 0.828125 0.1109375 0.03515625 0.02734375
0 0.8546875 0.08671875 0.0375 0.0375
0 0.8875 0.05625 0.040625 0.0390625
0 0.9234375 0.0359375 0.03515625 0.0296875
0 0.959375 0.046875 0.046875 0.04296875
0 0.984375 0.02421875 0.02734375 0.025
0 0.9375 0.10625 0.04296875 0.0375
0 0.89921875 0.12109375 0.0328125 0.0234375
0 0.88359375 0.10546875 0.0484375 0.03125
0 0.984375 0.07421875 0.02734375 0.03125
0 0.971875 0.10625 0.0375 0.021875
0 0.98125 0.13203125 0.0328125 0.0296875
0 0.97578125 0.15703125 0.0328125 0.0375
0 0.928125 0.16796875 0.04296875 0.04296875
0 0.88125 0.140625 0.0390625 0.03125
0 0.8390625 0.1390625 0.040625 0.03515625
0 0.803125 0.1515625 0.02734375 0.0328125
0 0.84296875 0.171875 0.040625 0.03125
0 0.8875 0.23046875 0.040625 0.0390625
0 0.91328125 0.259375 0.0484375 0.04296875
0 0.87421875 0.27421875 0.053125 0.0453125
0 0.834375 0.2453125 0.05078125 0.053125
0 0.7796875 0.21875 0.0625 0.046875
0 0.7609375 0.15234375 0.0484375 0.04296875
0 0.7171875 0.1796875 0.05078125 0.046875
0 0.715625 0.228125 0.040625 0.0390625
0 0.75 0.25390625 0.04296875 0.04296875
0 0.79375 0.2625 0.040625 0.0484375
0 0.659375 0.1578125 0.05625 0.046875
0 0.60234375 0.1578125 0.0453125 0.0390625
0 0.62578125 0.1921875 0.040625 0.0453125
0 0.6453125 0.23359375 0.0453125 0.0484375
0 0.64921875 0.29375 0.0375 0.040625
0 0.6828125 0.30390625 0.040625 0.040625
0 0.60859375 0.25390625 0.053125 0.046875
0 0.60078125 0.21171875 0.0484375 0.0375
0 0.5609375 0.1625 0.0390625 0.03125
0 0.5109375 0.165625 0.0375 0.03515625
0 0.52421875 0.2296875 0.040625 0.0375
0 0.584375 0.31640625 0.0390625 0.03125
0 0.6109375 0.34375 0.04296875 0.03125
0 0.5671875 0.353125 0.0375 0.03515625
0 0.5140625 0.33671875 0.04296875 0.0296875
0 0.53828125 0.309375 0.0375 0.0328125
0 0.525 0.2859375 0.0390625 0.0296875
0 0.4875 0.309375 0.0484375 0.040625
0 0.43359375 0.30390625 0.0390625 0.040625
0 0.409375 0.271875 0.0328125 0.046875
0 0.4359375 0.23359375 0.03125 0.040625
0 0.4578125 0.26875 0.05625 0.0453125
0 0.49921875 0.25625 0.0453125 0.03515625
0 0.4984375 0.20390625 0.03515625 0.0296875
0 0.4640625 0.2078125 0.0453125 0.0484375
0 0.48125 0.1859375 0.040625 0.0390625
0 0.34375 0.17890625 0.046875 0.040625
0 0.3765625 0.2109375 0.05078125 0.03515625
0 0.390625 0.24921875 0.0390625 0.0328125
0 0.3703125 0.28203125 0.0453125 0.0328125
0 0.2765625 0.275 0.0375 0.0390625
0 0.29765625 0.31953125 0.0453125 0.0296875
0 0.3109375 0.3484375 0.046875 0.025
0 0.240625 0.271875 0.03125 0.0390625
0 0.209375 0.26875 0.0390625 0.0375
0 0.1875 0.296875 0.03515625 0.03125
0 0.190625 0.33515625 0.0484375 0.0375
0 0.21171875 0.36875 0.053125 0.03515625
0 0.26484375 0.31875 0.0375 0.03125
0 0.2234375 0.31875 0.040625 0.046875
0 0.253125 0.1828125 0.053125 0.0328125
0 0.196875 0.209375 0.05078125 0.0390625
0 0.15 0.2453125 0.05078125 0.0328125
0 0.11328125 0.284375 0.046875 0.0375
0 0.10234375 0.31875 0.040625 0.03125
0 0.11796875 0.35078125 0.0453125 0.0375
0 0.15234375 0.3546875 0.046875 0.0453125
0 0.06328125 0.30078125 0.0453125 0.046875
0 0.0203125 0.29765625 0.040625 0.0375
0 0.015625 0.384375 0.02734375 0.0390625
0 0.06875 0.378125 0.04296875 0.0453125
0 0.1 0.39375 0.0390625 0.0375
0 0.0484375 0.409375 0.04296875 0.0375
0 0.01640625 0.41484375 0.0296875 0.0296875
0 0.0984375 0.4359375 0.05625 0.046875
0 0.0515625 0.4609375 0.0609375 0.046875
0 0.01171875 0.49296875 0.0234375 0.0453125
0 0.021875 0.5265625 0.03515625 0.053125
0 0.0671875 0.559375 0.0484375 0.06875
0 0.1109375 0.55 0.04296875 0.053125
0 0.07734375 0.51171875 0.0484375 0.046875
0 0.165625 0.4796875 0.0390625 0.0609375
0 0.2234375 0.51484375 0.040625 0.053125
0 0.27265625 0.51640625 0.053125 0.0609375
0 0.3234375 0.5140625 0.05625 0.06640625
0 0.2453125 0.44609375 0.040625 0.0484375
0 0.29609375 0.4125 0.0484375 0.05078125
0 0.315625 0.378125 0.0375 0.0328125
0 0.34375 0.45 0.05859375 0.0484375
0 0.40546875 0.43359375 0.0453125 0.05078125
0 0.4453125 0.45390625 0.0390625 0.0453125
0 0.49609375 0.446875 0.05078125 0.05078125
0 0.471875 0.4078125 0.0484375 0.046875
0 0.43046875 0.3921875 0.0453125 0.04296875
0 0.40703125 0.5265625 0.0640625 0.053125
0 0.53515625 0.41796875 0.0390625 0.05078125
0 0.771875 0.40625 0.04296875 0.05078125
0 0.8328125 0.36640625 0.0453125 0.0453125
0 0.81171875 0.41015625 0.0375 0.04296875
0 0.75078125 0.3265625 0.040625 0.0390625
0 0.7984375 0.33125 0.0390625 0.0375
0 0.909375 0.33125 0.0453125 0.040625
0 0.978125 0.3609375 0.0390625 0.04296875
0 0.984375 0.28515625 0.02734375 0.0390625
0 0.91015625 0.41015625 0.05078125 0.046875
0 0.85859375 0.4109375 0.053125 0.040625
0 0.8796875 0.4421875 0.040625 0.0375
0 0.93359375 0.4359375 0.03515625 0.02734375
0 0.9328125 0.46953125 0.0453125 0.040625
0 0.88125 0.49609375 0.0546875 0.03515625
0 0.85546875 0.4609375 0.0390625 0.04296875
0 0.75859375 0.4625 0.0484375 0.02734375
0 0.85625 0.571875 0.0484375 0.046875
0 0.8015625 0.596875 0.0484375 0.0453125
0 0.73359375 0.6015625 0.053125 0.04296875
0 0.7984375 0.5109375 0.0703125 0.0453125
0 0.7375 0.4984375 0.0609375 0.04296875
0 0.684375 0.55 0.05625 0.040625
0 0.65546875 0.50859375 0.053125 0.0375
0 0.63125 0.53515625 0.05078125 0.03515625
0 0.6484375 0.5859375 0.05078125 0.0625
0 0.6890625 0.6046875 0.04296875 0.05625
0 0.5984375 0.609375 0.0453125 0.046875
0 0.5890625 0.65546875 0.0375 0.0328125
0 0.534375 0.659375 0.0640625 0.0453125
0 0.534375 0.559375 0.0484375 0.040625
0 0.59453125 0.51484375 0.053125 0.0453125
0 0.540625 0.5234375 0.0390625 0.03515625
0 0.45390625 0.5578125 0.0484375 0.0484375
0 0.4828125 0.625 0.0703125 0.05859375
0 0.3625 0.590625 0.05625 0.0453125
0 0.3453125 0.634375 0.0546875 0.04296875
0 0.3578125 0.66484375 0.046875 0.0375
0 0.2890625 0.659375 0.06640625 0.0484375
0 0.32109375 0.69375 0.040625 0.0390625
0 0.2484375 0.6078125 0.0390625 0.0390625
0 0.221875 0.6578125 0.0484375 0.0390625
0 0.25 0.68046875 0.03515625 0.040625
0 0.27265625 0.70390625 0.0640625 0.040625
0 0.2125 0.696875 0.0546875 0.05078125
0 0.184375 0.73046875 0.05625 0.04296875
0 0.190625 0.58984375 0.053125 0.0546875
0 0.1234375 0.6609375 0.05078125 0.0453125
0 0.084375 0.6328125 0.0546875 0.0390625
0 0.11796875 0.70390625 0.040625 0.040625
0 0.078125 0.6953125 0.0546875 0.0546875
0 0.08515625 0.7359375 0.06875 0.04296875
0 0.03828125 0.684375 0.0484375 0.05625
0 0.02265625 0.83515625 0.0453125 0.0640625
0 0.07109375 0.84453125 0.05625 0.05625
0 0.01875 0.88984375 0.0375 0.053125
0 0.03125 0.975 0.05078125 0.046875
0 0.0890625 0.93671875 0.05625 0.040625
0 0.1375 0.93125 0.053125 0.0546875
0 0.1625 0.88984375 0.0546875 0.05625
0 0.22265625 0.94921875 0.05859375 0.0625
0 0.23828125 0.8890625 0.06640625 0.03515625
0 0.1921875 0.796875 0.0453125 0.0390625
0 0.221875 0.7734375 0.0375 0.03515625
0 0.24921875 0.82890625 0.053125 0.0484375
0 0.253125 0.7921875 0.0484375 0.040625
0 0.3171875 0.7703125 0.0609375 0.05625
0 0.34375 0.796875 0.05078125 0.04296875
0 0.4390625 0.7546875 0.05078125 0.0375
0 0.4109375 0.728125 0.0453125 0.03515625
0 0.45390625 0.79375 0.0640625 0.040625
0 0.4546875 0.8328125 0.046875 0.0328125
0 0.4640625 0.8609375 0.05625 0.03515625
0 0.3453125 0.878125 0.046875 0.0375
0 0.3671875 0.8328125 0.0703125 0.053125
0 0.53515625 0.709375 0.05859375 0.05078125
0 0.58515625 0.703125 0.0484375 0.03515625
0 0.6140625 0.73515625 0.0609375 0.0484375
0 0.5828125 0.765625 0.053125 0.0546875
0 0.5296875 0.7765625 0.0546875 0.0484375
0 0.553125 0.82109375 0.05078125 0.0375
0 0.56875 0.85078125 0.04296875 0.0328125
0 0.61640625 0.8375 0.053125 0.05078125
0 0.6546875 0.8390625 0.02734375 0.0296875
0 0.6875 0.77265625 0.0546875 0.05625
0 0.696875 0.734375 0.046875 0.0390625
0 0.684375 0.66015625 0.053125 0.05078125
0 0.7484375 0.66484375 0.05078125 0.0328125
0 0.790625 0.65625 0.046875 0.03515625
0 0.84453125 0.6484375 0.0484375 0.0390625
0 0.9625 0.6421875 0.05859375 0.05078125
0 0.98359375 0.696875 0.0296875 0.04296875
0 0.98515625 0.74921875 0.025 0.0453125
0 0.9265625 0.76640625 0.05625 0.0484375
0 0.8734375 0.6890625 0.05078125 0.04296875
0 0.8859375 0.72734375 0.0453125 0.0375
0 0.9046875 0.64765625 0.05078125 0.053125
0 0.85859375 0.75390625 0.0609375 0.046875
0 0.7828125 0.7359375 0.0546875 0.05859375
0 0.753125 0.79296875 0.0453125 0.046875
0 0.72265625 0.81640625 0.0546875 0.04296875
0 0.92890625 0.825 0.0609375 0.0328125
0 0.971875 0.86796875 0.053125 0.05625
0 0.953125 0.91328125 0.0703125 0.0640625
0 0.9234375 0.9734375 0.06640625 0.040625
0 0.8796875 0.978125 0.040625 0.0390625
0 0.834375 0.978125 0.05859375 0.0390625
0 0.8625 0.9 0.040625 0.0390625
0 0.90234375 0.85625 0.046875 0.0453125
0 0.859375 0.8375 0.04296875 0.0390625
0 0.809375 0.846875 0.053125 0.0484375
0 0.828125 0.9046875 0.0390625 0.04296875
0 0.75859375 0.8734375 0.0453125 0.03515625
0 0.76640625 0.9140625 0.053125 0.0546875
0 0.68828125 0.9328125 0.053125 0.0453125
0 0.61328125 0.9640625 0.0546875 0.0484375
0 0.5640625 0.9640625 0.04296875 0.053125
0 0.55546875 0.89765625 0.05625 0.040625
0 0.52734375 0.9671875 0.046875 0.04296875
0 0.490625 0.9125 0.0390625 0.02734375
0 0.434375 0.9671875 0.0609375 0.05859375
0 0.3921875 0.975 0.05078125 0.0390625
0 0.39375 0.9359375 0.05625 0.03125
