0 0.1625 0.0109375 0.040625 0.021875
0 0.13125 0.00546875 0.05 0.0109375
0 0.09375 0.009375 0.04375 0.01875
0 0.07734375 0.01875 0.0484375 0.0375
0 0.12265625 0.02890625 0.0421875 0.0375
0 0.103125 0.0671875 0.0609375 0.0578125
0 0.05703125 0.0609375 0.01875 0.040625
0 0.053125 0.1328125 0.03125 0.06875
0 0.18671875 0.03359375 0.065625 0.0390625
0 0.26484375 0.01796875 0.0515625 0.0359375
0 0.36953125 0.0171875 0.0421875 0.034375
0 0.4046875 0.0125 0.034375 0.025
0 0.275 0.00546875 0.05 0.0109375
0 0.39921875 0.00625 0.0484375 0.0125
0 0.43984375 0.00546875 0.0359375 0.0109375
0 0.515625 0.00625 0.028125 0.0125
0 0.48828125 0.0078125 0.0296875 0.015625
0 0.4703125 0.01953125 0.053125 0.0390625
0 0.52109375 0.01875 0.0515625 0.0375
0 0.5890625 0.015625 0.0484375 0.0234375
0 0.41640625 0.0578125 0.034375 0.021875
0 0.403125 0.08671875 0.065625 0.05
0 0.43671875 0.11953125 0.078125 0.040625
0 0.4703125 0.084375 0.0453125 0.0421875
0 0.41796875 0.1609375 0.0640625 0.053125
0 0.31484375 0.15390625 0.053125 0.0421875
0 0.28125 0.1859375 0.059375 0.0546875
0 0.27890625 0.22421875 0.05 0.053125
0 0.33046875 0.2 0.053125 0.053125
0 0.20859375 0.26640625 0.0421875 0.0453125
0 0.125 0.3390625 0.0421875 0.0375
0 0.10546875 0.36171875 0.04375 0.046875
0 0.2265625 0.19375 0.040625 0.0453125
0 0.01484375 0.42890625 0.021875 0.034375
0 0.00390625 0.53359375 0.0078125 0.0390625
0 0.00859375 0.5203125 0.0171875 0.0375
0 0.04375 0.4734375 0.05 0.05
0 0.02734375 0.4203125 0.04375 0.046875
0 0.1171875 0.44609375 0.0375 0.04375
0 0.16875 0.44453125 0.0484375 0.04375
0 0.1953125 0.3875 0.04375 0.0390625
0 0.2890625 0.36640625 0.0578125 0.046875
0 0.2828125 0.41640625 0.0546875 0.0546875
0 0.340625 0.41015625 0.0359375 0.0375
0 0.3734375 0.41171875 0.0359375 0.0375
0 0.50390625 0.34375 0.05625 0.0546875
0 0.53359375 0.31796875 0.0421875 0.0375
0 0.45390625 0.371875 0.0421875 0.0453125
0 0.440625 0.39921875 0.0296875 0.0296875
0 0.41796875 0.4125 0.03125 0.0328125
0 0.459375 0.42265625 0.0359375 0.0421875
0 0.49921875 0.409375 0.053125 0.05
0 0.5296875 0.38671875 0.0390625 0.034375
0 0.59296875 0.35859375 0.0578125 0.05
0 0.621875 0.32265625 0.0328125 0.0375
0 0.64921875 0.2921875 0.034375 0.0453125
0 0.55625 0.28203125 0.0390625 0.0359375
0 0.5921875 0.26796875 0.0453125 0.0390625
0 0.646875 0.22734375 0.0375 0.0421875
0 0.6796875 0.22890625 0.03125 0.0359375
0 0.70546875 0.140625 0.04375 0.0375
0 0.759375 0.16953125 0.040625 0.040625
0 0.75859375 0.12734375 0.0328125 0.04375
0 0.79375 0.134375 0.05 0.046875
0 0.778125 0.0875 0.04375 0.0390625
0 0.928125 0.06015625 0.04375 0.0265625
0 0.88125 0.0515625 0.034375 0.0203125
0 0.8828125 0.09765625 0.05 0.05
0 0.71171875 0.30703125 0.0390625 0.04375
0 0.753125 0.296875 0.046875 0.04375
0 0.83125 0.2234375 0.03125 0.034375
0 0.85625 0.25078125 0.0390625 0.0375
0 0.8734375 0.275 0.0296875 0.0359375
0 0.92578125 0.221875 0.053125 0.0484375
0 0.984375 0.27890625 0.03125 0.0453125
0 0.0703125 0.69921875 0.0375 0.0421875
0 0.02421875 0.7328125 0.0484375 0.0375
0 0.0109375 0.75859375 0.021875 0.0390625
0 0.08515625 0.74296875 0.0390625 0.028125
0 0.16015625 0.6859375 0.0484375 0.0375
0 0.1859375 0.66171875 0.0515625 0.05
0 0.1234375 0.6390625 0.0453125 0.0453125
0 0.209375 0.59453125 0.028125 0.028125
0 0.24609375 0.5765625 0.04375 0.0375
0 0.346875 0.5234375 0.0390625 0.0375
0 0.3921875 0.48125 0.0375 0.04375
0 0.43828125 0.49140625 0.0375 0.04375
0 0.36640625 0.56796875 0.0671875 0.0609375
0 0.33203125 0.57265625 0.040625 0.0421875
0 0.4078125 0.540625 0.05625 0.059375
0 0.00546875 0.80625 0.0109375 0.040625
0 0.0046875 0.928125 0.009375 0.01875
0 0.00546875 0.91875 0.0109375 0.0375
0 0.009375 0.9 0.01875 0.0375
0 0.1421875 0.86640625 0.0453125 0.046875
0 0.09921875 0.859375 0.0328125 0.0359375
0 0.05859375 0.86953125 0.034375 0.03125
0 0.03125 0.8734375 0.0375 0.0328125
0 0.103125 0.803125 0.0359375 0.0421875
0 0.13984375 0.7953125 0.0390625 0.05
0 0.17734375 0.809375 0.0328125 0.04375
0 0.2078125 0.79921875 0.0453125 0.046875
0 0.30859375 0.76953125 0.046875 0.046875
0 0.38125 0.79765625 0.0359375 0.0359375
0 0.4 0.7703125 0.03125 0.034375
0 0.42421875 0.7546875 0.04375 0.0484375
0 0.434375 0.8078125 0.0421875 0.0421875
0 0.4796875 0.7828125 0.053125 0.053125
0 0.46328125 0.72578125 0.046875 0.046875
0 0.5484375 0.665625 0.0421875 0.0375
0 0.5875 0.6390625 0.04375 0.046875
0 0.63125 0.60234375 0.0359375 0.0390625
0 0.55234375 0.7546875 0.0375 0.0375
0 0.57578125 0.72734375 0.03125 0.0359375
0 0.62578125 0.71328125 0.046875 0.0453125
0 0.65390625 0.68671875 0.0390625 0.04375
0 0.6734375 0.634375 0.0390625 0.05
0 0.34453125 0.8609375 0.0484375 0.05625
0 0.75625 0.609375 0.0484375 0.0453125
0 0.7078125 0.665625 0.0390625 0.04375
0 0.7484375 0.65390625 0.05 0.05625
0 0.93984375 0.584375 0.046875 0.05
0 0.90703125 0.609375 0.0515625 0.05
0 0.6453125 0.925 0.0484375 0.0453125
0 0.58984375 0.92265625 0.05 0.046875
0 0.54765625 0.940625 0.05 0.05
0 0.51328125 0.96015625 0.059375 0.046875
0 0.29609375 0.95859375 0.0359375 0.0390625
0 0.25546875 0.95546875 0.053125 0.0421875
0 0.78828125 0.92734375 0.040625 0.0484375
0 0.7359375 0.90390625 0.034375 0.0390625
0 0.7578125 0.4546875 0.0390625 0.05
0 0.72734375 0.4828125 0.040625 0.0515625
0 0.834375 0.4140625 0.04375 0.0375
0 0.85859375 0.38828125 0.028125 0.040625
0 0.94609375 0.365625 0.040625 0.0453125
0 0.94453125 0.3296875 0.034375 0.03125
0 0.98046875 0.3375 0.0390625 0.0375
0 0.87890625 0.44296875 0.05 0.0375
0 0.84765625 0.47421875 0.0453125 0.046875
0 0.8046875 0.85546875 0.0453125 0.0421875
0 0.8953125 0.890625 0.0546875 0.0546875
0 0.86875 0.815625 0.03125 0.0515625
0 0.91484375 0.85625 0.0421875 0.0421875
0 0.92890625 0.771875 0.040625 0.0421875
0 0.95078125 0.7390625 0.0375 0.0421875
