0 0.00546875 0.08515625 0.0109375 0.0640625
0 0.0046875 0.2109375 0.009375 0.0625
0 0.00546875 0.23203125 0.0109375 0.0484375
0 0.00546875 0.18515625 0.0109375 0.0421875
0 0.00625 0.15625 0.0125 0.046875
0 0.00625 0.13515625 0.0125 0.0484375
0 0.00546875 0.10078125 0.0109375 0.0453125
0 0.00625 0.08359375 0.0125 0.0484375
0 0.00625 0.0609375 0.0125 0.034375
0 0.0109375 0.171875 0.021875 0.05
0 0.00546875 0.21015625 0.0109375 0.0390625
0 0.00703125 0.25 0.0140625 0.04375
0 0.0078125 0.30546875 0.015625 0.0578125
0 0.00703125 0.34453125 0.0140625 0.0484375
0 0.00703125 0.29609375 0.0140625 0.0484375
0 0.040625 0.26953125 0.046875 0.05
0 0.0140625 0.29921875 0.028125 0.0421875
0 0.05859375 0.31328125 0.0546875 0.0484375
0 0.0140625 0.34375 0.028125 0.040625
0 0.07734375 0.36875 0.0453125 0.0453125
0 0.028125 0.359375 0.040625 0.040625
0 0.06875 0.40625 0.0546875 0.0484375
0 0.0140625 0.39921875 0.028125 0.0515625
0 0.00625 0.42109375 0.0125 0.0484375
0 0.04296875 0.44453125 0.0515625 0.0515625
0 0.0421875 0.48515625 0.0609375 0.05
0 0.128125 0.4828125 0.0484375 0.0546875
0 0.10546875 0.51796875 0.053125 0.0515625
0 0.05546875 0.53203125 0.0484375 0.0453125
0 0.06953125 0.5828125 0.053125 0.0578125
0 0.15703125 0.55625 0.059375 0.059375
0 0.1921875 0.5671875 0.0390625 0.040625
0 0.13203125 0.6375 0.05625 0.0734375
0 0.11484375 0.69609375 0.0484375 0.05625
0 0.14921875 0.72578125 0.04375 0.05625
0 0.19453125 0.72265625 0.0515625 0.059375
0 0.2203125 0.64140625 0.0515625 0.0546875
0 0.2625 0.76171875 0.0578125 0.0640625
0 0.24375 0.83984375 0.053125 0.059375
0 0.21328125 0.8390625 0.04375 0.05625
0 0.28203125 0.86796875 0.0609375 0.0671875
0 0.2828125 0.91796875 0.075 0.065625
0 0.00625 0.41015625 0.0125 0.0484375
0 0.003125 0.4203125 0.00625 0.028125
0 0.00625 0.45859375 0.0125 0.0609375
0 0.0109375 0.51953125 0.021875 0.0484375
0 0.0109375 0.559375 0.01875 0.0375
0 0.01640625 0.59609375 0.025 0.05
0 0.0109375 0.54296875 0.021875 0.04375
0 0.01796875 0.584375 0.028125 0.0390625
0 0.0171875 0.5796875 0.028125 0.0625
0 0.028125 0.621875 0.04375 0.0546875
0 0.02421875 0.66171875 0.0265625 0.0421875
0 0.03125 0.7078125 0.034375 0.0546875
0 0.034375 0.75546875 0.0328125 0.053125
0 0.040625 0.69375 0.05625 0.0640625
0 0.0515625 0.7375 0.059375 0.046875
0 0.0484375 0.78125 0.046875 0.053125
0 0.10078125 0.77578125 0.04375 0.059375
0 0.07578125 0.84140625 0.0625 0.0625
0 0.03828125 0.81953125 0.03125 0.0671875
0 0.1390625 0.82734375 0.0546875 0.04375
0 0.11796875 0.86484375 0.053125 0.0546875
0 0.06640625 0.89609375 0.0484375 0.053125
0 0.04375 0.909375 0.025 0.05
0 0.09375 0.96640625 0.0625 0.0671875
0 0.14921875 0.99140625 0.0640625 0.0171875
0 0.1859375 0.93828125 0.0609375 0.0640625
0 0.0515625 0.94609375 0.0328125 0.0515625
0 0.02578125 0.759375 0.0140625 0.053125
0 0.046875 0.97265625 0.0171875 0.0453125
0 0.0484375 0.9828125 0.01875 0.034375
0 0.046875 0.978125 0.01875 0.04375
0 0.0109375 0.04765625 0.021875 0.0140625
0 0.0265625 0.05 0.046875 0.0234375
0 0.0203125 0.08515625 0.040625 0.0546875
0 0.065625 0.06484375 0.05625 0.0484375
0 0.06015625 0.1125 0.0546875 0.0578125
0 0.03203125 0.14453125 0.05625 0.0625
0 0.11484375 0.1390625 0.06875 0.075
0 0.10546875 0.203125 0.065625 0.075
0 0.103125 0.25546875 0.05625 0.0625
0 0.1765625 0.34921875 0.053125 0.0703125
0 0.25078125 0.4015625 0.0703125 0.0625
0 0.2828125 0.3765625 0.0484375 0.0546875
0 0.23515625 0.46015625 0.059375 0.0546875
0 0.24453125 0.51484375 0.05625 0.071875
0 0.3078125 0.48828125 0.075 0.075
0 0.29140625 0.5484375 0.065625 0.065625
0 0.31484375 0.621875 0.0609375 0.0625
0 0.3703125 0.628125 0.0609375 0.0515625
0 0.38828125 0.66953125 0.0515625 0.05625
0 0.409375 0.72578125 0.053125 0.053125
0 0.39921875 0.76953125 0.053125 0.0484375
0 0.44140625 0.7640625 0.0515625 0.0546875
0 0.30078125 0.678125 0.059375 0.0546875
0 0.346875 0.70859375 0.0546875 0.071875
0 0.3125 0.7390625 0.0484375 0.05625
0 0.33359375 0.77734375 0.04375 0.053125
0 0.36875 0.81015625 0.065625 0.065625
0 0.37578125 0.86484375 0.040625 0.046875
0 0.41953125 0.8328125 0.046875 0.053125
0 0.47109375 0.878125 0.06875 0.075
0 0.42734375 0.925 0.065625 0.0765625
0 0.453125 0.97265625 0.05 0.0546875
0 0.4828125 0.94296875 0.05625 0.0640625
0 0.70390625 0.9484375 0.0484375 0.0546875
0 0.7015625 0.8984375 0.0671875 0.0546875
0 0.67421875 0.9640625 0.053125 0.05
0 0.62578125 0.92421875 0.0453125 0.04375
0 0.66953125 0.91015625 0.0453125 0.0359375
0 0.63828125 0.8796875 0.0515625 0.0546875
0 0.65 0.8390625 0.065625 0.0515625
0 0.5953125 0.8765625 0.040625 0.040625
0 0.5640625 0.82109375 0.0625 0.0703125
0 0.6078125 0.7984375 0.059375 0.0546875
0 0.64921875 0.7765625 0.053125 0.046875
0 0.5921875 0.7328125 0.0703125 0.075
0 0.528125 0.7625 0.0625 0.0578125
0 0.46640625 0.696875 0.0421875 0.05
0 0.56015625 0.66953125 0.0671875 0.05625
0 0.6015625 0.64453125 0.053125 0.06875
0 0.5 0.67265625 0.065625 0.0515625
0 0.50234375 0.640625 0.053125 0.0578125
0 0.5421875 0.609375 0.059375 0.0484375
0 0.56328125 0.5703125 0.053125 0.04375
0 0.47890625 0.58828125 0.053125 0.046875
0 0.428125 0.5703125 0.0546875 0.0625
0 0.46484375 0.53203125 0.059375 0.0578125
0 0.50234375 0.50234375 0.0453125 0.0359375
0 0.4828125 0.46796875 0.0546875 0.053125
0 0.43203125 0.48515625 0.0578125 0.06875
0 0.3984375 0.43203125 0.059375 0.059375
0 0.33125 0.32890625 0.0546875 0.0578125
0 0.3453125 0.28828125 0.0484375 0.053125
0 0.2953125 0.2953125 0.0640625 0.05
0 0.31015625 0.26328125 0.0515625 0.034375
0 0.35859375 0.25390625 0.0609375 0.046875
0 0.34453125 0.22421875 0.040625 0.0359375
0 0.3375 0.19921875 0.0578125 0.0546875
0 0.27265625 0.246875 0.0828125 0.0625
0 0.2890625 0.18203125 0.0484375 0.0546875
0 0.246875 0.18359375 0.05625 0.0515625
0 0.25078125 0.134375 0.0515625 0.0515625
0 0.21953125 0.1390625 0.0578125 0.0546875
0 0.31796875 0.15078125 0.0453125 0.04375
0 0.2796875 0.0875 0.0828125 0.0578125
0 0.29609375 0.0328125 0.040625 0.0375
0 0.19296875 0.05390625 0.0546875 0.04375
0 0.165625 0.0375 0.040625 0.0234375
0 0.2265625 0.034375 0.059375 0.0296875
0 0.403125 0.01875 0.0546875 0.0296875
0 0.36484375 0.0453125 0.046875 0.0546875
0 0.39609375 0.071875 0.04375 0.04375
0 0.44140625 0.04375 0.0546875 0.04375
0 0.434375 0.10078125 0.0640625 0.05
0 0.396875 0.134375 0.034375 0.0421875
0 0.40703125 0.18046875 0.046875 0.053125
0 0.44765625 0.15234375 0.0484375 0.059375
0 0.49609375 0.10859375 0.0359375 0.0359375
0 0.5203125 0.078125 0.0390625 0.05
0 0.5109375 0.140625 0.0359375 0.0375
0 0.51015625 0.1828125 0.05 0.0390625
0 0.534375 0.2125 0.046875 0.040625
0 0.55390625 0.16484375 0.0484375 0.0484375
0 0.56015625 0.25546875 0.05 0.0484375
0 0.53671875 0.28828125 0.04375 0.053125
0 0.48671875 0.2359375 0.0484375 0.053125
0 0.44296875 0.22578125 0.0546875 0.0578125
0 0.48671875 0.28359375 0.0625 0.05625
0 0.4828125 0.33671875 0.0484375 0.04375
0 0.503125 0.38984375 0.0484375 0.05
0 0.53984375 0.3765625 0.0421875 0.05625
0 0.63125 0.2875 0.0453125 0.040625
0 0.61171875 0.325 0.04375 0.0453125
0 0.6640625 0.32578125 0.0453125 0.04375
0 0.65546875 0.371875 0.0484375 0.0546875
0 0.58828125 0.37109375 0.0390625 0.040625
0 0.57578125 0.4171875 0.0484375 0.04375
0 0.609375 0.43984375 0.040625 0.040625
0 0.66796875 0.42734375 0.0484375 0.0453125
0 0.6515625 0.5109375 0.053125 0.053125
0 0.621875 0.54765625 0.0609375 0.0515625
0 0.57890625 0.50234375 0.05625 0.0515625
0 0.56328125 0.46328125 0.0390625 0.0421875
0 0.7359375 0.54453125 0.0625 0.065625
0 0.79453125 0.52890625 0.0609375 0.0765625
0 0.8046875 0.57890625 0.0484375 0.0484375
0 0.7515625 0.59765625 0.059375 0.04375
0 0.74296875 0.65546875 0.04375 0.05625
0 0.71171875 0.66015625 0.0578125 0.0625
0 0.73828125 0.7078125 0.053125 0.046875
0 0.79140625 0.634375 0.059375 0.053125
0 0.82109375 0.66953125 0.053125 0.0578125
0 0.85625 0.64140625 0.046875 0.05
0 0.83984375 0.71640625 0.053125 0.0578125
0 0.78515625 0.71875 0.046875 0.053125
0 0.75703125 0.759375 0.0484375 0.053125
0 0.80234375 0.7609375 0.0390625 0.040625
0 0.78203125 0.8046875 0.04375 0.05
0 0.74375 0.803125 0.0375 0.053125
0 0.8328125 0.8046875 0.0515625 0.059375
0 0.86015625 0.865625 0.05625 0.0515625
0 0.86328125 0.9171875 0.059375 0.0578125
0 0.88203125 0.95703125 0.0515625 0.028125
0 0.93828125 0.9515625 0.0515625 0.028125
0 0.95390625 0.90390625 0.04375 0.05
0 0.921875 0.8671875 0.059375 0.059375
0 0.784375 0.8484375 0.0578125 0.0375
0 0.8203125 0.93515625 0.05 0.0390625
0 0.7921875 0.9671875 0.0359375 0.021875
0 0.98046875 0.7625 0.0390625 0.040625
0 0.95234375 0.72890625 0.0515625 0.059375
0 0.98359375 0.66171875 0.0328125 0.0546875
0 0.984375 0.71640625 0.03125 0.0421875
0 0.91640625 0.63125 0.04375 0.0453125
0 0.98671875 0.57890625 0.0265625 0.0515625
0 0.97109375 0.54765625 0.0546875 0.0546875
0 0.91328125 0.5515625 0.059375 0.04375
0 0.93046875 0.4953125 0.053125 0.0515625
0 0.96171875 0.4671875 0.0484375 0.0703125
0 0.9359375 0.45390625 0.05625 0.04375
0 0.89453125 0.428125 0.0484375 0.0546875
0 0.875 0.4890625 0.0546875 0.0578125
0 0.6625 0.2375 0.0484375 0.0484375
0 0.69609375 0.17890625 0.0453125 0.0484375
0 0.72890625 0.15546875 0.046875 0.05
0 0.7171875 0.22265625 0.04375 0.04375
0 0.64921875 0.18359375 0.046875 0.0546875
0 0.6484375 0.14375 0.046875 0.05
0 0.69140625 0.09609375 0.0546875 0.0515625
0 0.64296875 0.08359375 0.0609375 0.0640625
0 0.5875 0.07578125 0.05 0.0609375
0 0.5734375 0.01953125 0.0375 0.0390625
0 0.596875 0.0078125 0.040625 0.015625
0 0.6734375 0.02109375 0.04375 0.0421875
0 0.634375 0.015625 0.05 0.03125
0 0.690625 0.0046875 0.04375 0.009375
0 0.79765625 0.00625 0.0640625 0.0125
0 0.8234375 0.01328125 0.0625 0.0265625
0 0.87578125 0.0109375 0.0484375 0.021875
0 0.8828125 0.00625 0.0625 0.0125
0 0.8796875 0.03359375 0.065625 0.0671875
0 0.93046875 0.065625 0.05 0.06875
0 0.8890625 0.1125 0.078125 0.05625
0 0.80078125 0.05234375 0.0484375 0.04375
0 0.8359375 0.08125 0.0484375 0.053125
0 0.83515625 0.140625 0.0453125 0.04375
0 0.86640625 0.1859375 0.0421875 0.0359375
0 0.93203125 0.1578125 0.05 0.0484375
