0 0.01171875 0.16796875 0.0234375 0.0484375
0 0.0109375 0.1609375 0.021875 0.05
0 0.021875 0.146875 0.04375 0.046875
0 0.221875 0.08515625 0.053125 0.04375
0 0.1609375 0.15 0.0609375 0.0640625
0 0.240625 0.18671875 0.0515625 0.0625
0 0.3015625 0.228125 0.0578125 0.065625
0 0.36875 0.28984375 0.0515625 0.046875
0 0.4203125 0.2625 0.0671875 0.0578125
0 0.359375 0.2015625 0.0484375 0.0484375
0 0.5078125 0.24609375 0.0625 0.053125
0 0.4609375 0.221875 0.046875 0.0453125
0 0.51875 0.21328125 0.0578125 0.0578125
0 0.59296875 0.203125 0.0453125 0.053125
0 0.603125 0.16328125 0.065625 0.0453125
0 0.66796875 0.1609375 0.0484375 0.0484375
0 0.7703125 0.0953125 0.0515625 0.0484375
0 0.73984375 0.19375 0.0609375 0.0453125
0 0.7625 0.1359375 0.0546875 0.046875
0 0.85 0.13125 0.0625 0.05625
0 0.90078125 0.1109375 0.0265625 0.0453125
0 0.91328125 0.1546875 0.0265625 0.0421875
0 0.9515625 0.284375 0.01875 0.03125
0 0.93984375 0.3078125 0.05 0.0515625
0 0.89765625 0.33125 0.0625 0.05
0 0.8953125 0.3796875 0.0484375 0.0609375
0 0.884375 0.42265625 0.0625 0.065625
0 0.83125 0.43515625 0.053125 0.053125
0 0.7984375 0.403125 0.05 0.0546875
0 0.8015625 0.36875 0.0421875 0.0390625
0 0.72890625 0.40078125 0.04375 0.040625
0 0.71484375 0.471875 0.0484375 0.0453125
0 0.659375 0.503125 0.0453125 0.0359375
0 0.68125 0.53125 0.0390625 0.0359375
0 0.59453125 0.64140625 0.0546875 0.0546875
0 0.4921875 0.6421875 0.0515625 0.05
0 0.54375 0.65390625 0.0453125 0.0515625
0 0.43203125 0.615625 0.0515625 0.05
0 0.42421875 0.6484375 0.0453125 0.0484375
0 0.3890625 0.6546875 0.034375 0.0375
0 0.36796875 0.63671875 0.0453125 0.05
0 0.33984375 0.59453125 0.0515625 0.0546875
0 0.33515625 0.64765625 0.05625 0.05625
0 0.284375 0.640625 0.0453125 0.0375
0 0.2703125 0.60390625 0.0421875 0.0421875
0 0.18359375 0.6140625 0.0375 0.034375
0 0.1171875 0.5984375 0.046875 0.04375
0 0.14296875 0.59765625 0.0375 0.034375
0 0.0703125 0.55703125 0.046875 0.04375
0 0.0578125 0.51484375 0.0421875 0.04375
0 0.0375 0.54453125 0.0453125 0.040625
0 0.01328125 0.565625 0.0265625 0.034375
0 0.08359375 0.66484375 0.0546875 0.04375
0 0.04375 0.67578125 0.0359375 0.0484375
0 0.98203125 0.69921875 0.0359375 0.0546875
0 0.9609375 0.7359375 0.0484375 0.0453125
0 0.88515625 0.6875 0.0609375 0.0578125
0 0.809375 0.70859375 0.05 0.05
0 0.8171875 0.7421875 0.053125 0.05
0 0.7515625 0.628125 0.0421875 0.0375
0 0.12890625 0.93671875 0.0515625 0.0390625
0 0.1328125 0.98046875 0.0375 0.0390625
0 0.165625 0.98203125 0.046875 0.0359375
0 0.18671875 0.94765625 0.0515625 0.046875
0 0.228125 0.9125 0.059375 0.0515625
0 0.265625 0.9265625 0.040625 0.0375
0 0.39296875 0.98046875 0.0453125 0.0375
0 0.44765625 0.9921875 0.0453125 0.015625
0 0.5484375 0.98671875 0.040625 0.0265625
0 0.60859375 0.98125 0.046875 0.0265625
