0 0.00625 0.1140625 0.0125 0.028125
0 0.0046875 0.115625 0.009375 0.028125
0 0.00546875 0.109375 0.0109375 0.01875
0 0.00625 0.11171875 0.0125 0.0234375
0 0.00703125 0.1125 0.0140625 0.025
0 0.0109375 0.121875 0.021875 0.046875
0 0.00859375 0.14609375 0.0171875 0.0515625
0 0.01171875 0.12265625 0.0234375 0.0421875
0 0.009375 0.17578125 0.01875 0.0640625
0 0.01640625 0.18671875 0.0328125 0.0578125
0 0.00703125 0.20859375 0.0140625 0.0453125
0 0.00625 0.2609375 0.0125 0.04375
0 0.00859375 0.30078125 0.0171875 0.0640625
0 0.00859375 0.3421875 0.0171875 0.06875
0 0.00703125 0.40234375 0.0140625 0.0515625
0 0.0078125 0.45625 0.015625 0.0625
0 0.00625 0.53046875 0.0125 0.0546875
0 0.0140625 0.5328125 0.028125 0.065625
0 0.02109375 0.58359375 0.0390625 0.0640625
0 0.02109375 0.53203125 0.0421875 0.0765625
0 0.00859375 0.4703125 0.0171875 0.06875
0 0.0109375 0.41796875 0.021875 0.0671875
0 0.01015625 0.3734375 0.0203125 0.06875
0 0.0078125 0.3359375 0.015625 0.05625
0 0.009375 0.29453125 0.01875 0.0640625
0 0.00703125 0.23828125 0.0140625 0.0515625
0 0.0109375 0.4125 0.021875 0.05625
0 0.02421875 0.459375 0.0484375 0.059375
0 0.03984375 0.703125 0.03125 0.0734375
0 0.08046875 0.90859375 0.0328125 0.0703125
0 0.078125 0.8953125 0.03125 0.0625
0 0.08828125 0.93828125 0.0375 0.0703125
0 0.1015625 0.978125 0.040625 0.04375
0 0.1 0.97890625 0.040625 0.0421875
0 0.04375 0.721875 0.03125 0.0640625
0 0.03671875 0.684375 0.028125 0.0421875
0 0.0453125 0.70546875 0.0390625 0.05625
0 0.0359375 0.6546875 0.0390625 0.053125
0 0.05859375 0.63828125 0.0484375 0.059375
0 0.1578125 0.7640625 0.0484375 0.0578125
0 0.08671875 0.83984375 0.065625 0.0671875
0 0.11953125 0.88359375 0.071875 0.075
0 0.12578125 0.8328125 0.05 0.0578125
0 0.18203125 0.82109375 0.075 0.0734375
0 0.22109375 0.79375 0.0625 0.0734375
0 0.18671875 0.771875 0.0515625 0.0625
0 0.16796875 0.88125 0.0578125 0.05
0 0.18046875 0.92734375 0.0671875 0.0671875
0 0.24765625 0.903125 0.05625 0.0671875
0 0.21875 0.87109375 0.0421875 0.0515625
0 0.24375 0.84375 0.0578125 0.059375
0 0.28828125 0.87578125 0.05625 0.078125
0 0.21796875 0.96328125 0.0671875 0.0609375
0 0.25234375 0.9796875 0.0765625 0.040625
0 0.30390625 0.98203125 0.0671875 0.0359375
0 0.35546875 0.984375 0.0515625 0.03125
0 0.3453125 0.95234375 0.053125 0.0625
0 0.3 0.9265625 0.0640625 0.06875
0 0.021875 0.265625 0.04375 0.071875
0 0.05 0.246875 0.0703125 0.065625
0 0.08984375 0.28359375 0.06875 0.0609375
0 0.12890625 0.29609375 0.0625 0.053125
0 0.0375 0.33671875 0.075 0.0734375
0 0.04140625 0.38125 0.071875 0.0640625
0 0.1015625 0.334375 0.0703125 0.0734375
0 0.15 0.3546875 0.075 0.0671875
0 0.08828125 0.409375 0.0734375 0.0640625
0 0.10625 0.46953125 0.084375 0.0796875
0 0.1390625 0.4078125 0.078125 0.0671875
0 0.18203125 0.39765625 0.059375 0.059375
0 0.175 0.446875 0.0703125 0.06875
0 0.1875 0.50859375 0.0640625 0.0578125
0 0.13203125 0.565625 0.075 0.06875
0 0.1703125 0.546875 0.071875 0.06875
0 0.184375 0.60546875 0.075 0.071875
0 0.2203125 0.559375 0.0625 0.0515625
0 0.25625 0.5453125 0.0703125 0.0578125
0 0.24453125 0.60703125 0.071875 0.06875
0 0.21796875 0.65390625 0.0796875 0.0765625
0 0.2859375 0.6546875 0.06875 0.0609375
0 0.28984375 0.59765625 0.0625 0.059375
0 0.26171875 0.753125 0.0796875 0.084375
0 0.3109375 0.72265625 0.0859375 0.084375
0 0.33046875 0.68203125 0.0578125 0.053125
0 0.365625 0.68984375 0.05625 0.0453125
0 0.41875 0.84765625 0.065625 0.0546875
0 0.4125 0.88515625 0.0671875 0.0515625
0 0.40234375 0.925 0.075 0.0578125
0 0.4390625 0.97109375 0.0671875 0.05
0 0.50234375 0.95390625 0.065625 0.0546875
0 0.49375 0.87265625 0.0671875 0.0625
0 0.45625 0.91171875 0.0515625 0.0453125
0 0.5140625 0.98125 0.053125 0.0375
0 0.56171875 0.9828125 0.04375 0.034375
0 0.58359375 0.965625 0.05 0.053125
0 0.60625 0.98359375 0.065625 0.021875
0 0.01328125 0.1015625 0.0265625 0.03125
0 0.05390625 0.084375 0.071875 0.028125
0 0.028125 0.0953125 0.0515625 0.034375
0 0.06796875 0.0875 0.0453125 0.0328125
0 0.0140625 0.10234375 0.028125 0.0390625
0 0.02578125 0.1140625 0.0515625 0.05625
0 0.08125 0.10234375 0.071875 0.065625
0 0.1375 0.0765625 0.0625 0.040625
0 0.18515625 0.06484375 0.05 0.0328125
0 0.17734375 0.090625 0.0609375 0.0546875
0 0.17890625 0.128125 0.059375 0.059375
0 0.11953125 0.14453125 0.0578125 0.059375
0 0.071875 0.15703125 0.065625 0.0671875
0 0.09921875 0.20234375 0.059375 0.0546875
0 0.13984375 0.22890625 0.071875 0.0546875
0 0.1515625 0.18046875 0.0625 0.0734375
0 0.221875 0.165625 0.0640625 0.0578125
0 0.25703125 0.12734375 0.06875 0.075
0 0.2890625 0.2171875 0.059375 0.0734375
0 0.23359375 0.22421875 0.0578125 0.0390625
0 0.22890625 0.2640625 0.0625 0.05625
0 0.2734375 0.3 0.0546875 0.0546875
0 0.24296875 0.32109375 0.0609375 0.053125
0 0.2921875 0.41015625 0.0546875 0.05625
0 0.30703125 0.4625 0.0671875 0.078125
0 0.35390625 0.4984375 0.0609375 0.06875
0 0.396875 0.53671875 0.065625 0.065625
0 0.40859375 0.584375 0.071875 0.078125
0 0.46015625 0.55 0.06875 0.0609375
0 0.503125 0.54375 0.0703125 0.078125
0 0.4875 0.496875 0.065625 0.071875
0 0.48671875 0.4609375 0.071875 0.06875
0 0.43125 0.47578125 0.0625 0.059375
0 0.3703125 0.45625 0.065625 0.0578125
0 0.396875 0.49296875 0.05625 0.05625
0 0.425 0.43125 0.06875 0.0640625
0 0.41015625 0.3890625 0.0640625 0.0625
0 0.32421875 0.37421875 0.053125 0.0578125
0 0.4515625 0.671875 0.08125 0.0640625
0 0.4640625 0.74765625 0.0640625 0.0578125
0 0.5109375 0.653125 0.0828125 0.0734375
0 0.58203125 0.65234375 0.0515625 0.05625
0 0.53046875 0.70390625 0.0734375 0.0640625
0 0.56171875 0.753125 0.075 0.0578125
0 0.5375 0.78359375 0.071875 0.065625
0 0.61875 0.78125 0.0859375 0.071875
0 0.58359375 0.81953125 0.0625 0.05625
0 0.628125 0.853125 0.06875 0.053125
0 0.66328125 0.88671875 0.078125 0.078125
0 0.69921875 0.909375 0.0703125 0.065625
0 0.66875 0.64453125 0.0640625 0.0578125
0 0.69921875 0.61015625 0.0671875 0.0625
0 0.7390625 0.58671875 0.0703125 0.0546875
0 0.7359375 0.659375 0.0796875 0.0828125
0 0.771875 0.7046875 0.0625 0.0515625
0 0.715625 0.7703125 0.06875 0.075
0 0.775 0.7984375 0.078125 0.071875
0 0.7671875 0.846875 0.071875 0.075
0 0.81875 0.79375 0.090625 0.0765625
0 0.80390625 0.73515625 0.0703125 0.06875
0 0.81328125 0.62421875 0.059375 0.059375
0 0.82421875 0.6703125 0.06875 0.0640625
0 0.87578125 0.7265625 0.071875 0.06875
0 0.87109375 0.771875 0.0703125 0.059375
0 0.89453125 0.81328125 0.0796875 0.071875
0 0.93046875 0.76796875 0.0703125 0.0703125
0 0.8296875 0.8609375 0.0671875 0.0609375
0 0.88671875 0.865625 0.0546875 0.0453125
0 0.878125 0.90390625 0.046875 0.0546875
0 0.82421875 0.90859375 0.0640625 0.06875
0 0.925 0.9 0.0640625 0.0625
0 0.98359375 0.89140625 0.0328125 0.0515625
0 0.97109375 0.83828125 0.0578125 0.0578125
0 0.9828125 0.7171875 0.034375 0.05625
0 0.953125 0.678125 0.0484375 0.059375
0 0.91328125 0.64609375 0.0625 0.0703125
0 0.89921875 0.55859375 0.0828125 0.06875
0 0.971875 0.621875 0.05625 0.06875
0 0.9453125 0.57421875 0.065625 0.0546875
0 0.79921875 0.47578125 0.065625 0.0578125
0 0.84453125 0.50234375 0.090625 0.071875
0 0.83125 0.42578125 0.0703125 0.0703125
0 0.76640625 0.40390625 0.0609375 0.0546875
0 0.7109375 0.48046875 0.0578125 0.059375
0 0.71796875 0.415625 0.0625 0.05625
0 0.6765625 0.38671875 0.071875 0.0640625
0 0.725 0.36484375 0.059375 0.059375
0 0.67734375 0.328125 0.075 0.06875
0 0.64609375 0.21796875 0.059375 0.046875
0 0.6203125 0.24921875 0.059375 0.0546875
0 0.6140625 0.296875 0.046875 0.0484375
0 0.625 0.340625 0.05625 0.05625
0 0.6421875 0.415625 0.078125 0.071875
0 0.6921875 0.2578125 0.0515625 0.0625
0 0.728125 0.23125 0.0640625 0.071875
0 0.75 0.30703125 0.0796875 0.0875
0 0.54375 0.41875 0.065625 0.05625
0 0.54140625 0.3734375 0.0828125 0.065625
0 0.48515625 0.3609375 0.0640625 0.0578125
0 0.47734375 0.32109375 0.065625 0.0703125
0 0.3984375 0.28515625 0.0625 0.0640625
0 0.42109375 0.2484375 0.075 0.0734375
0 0.4734375 0.25 0.0671875 0.0609375
0 0.515625 0.2625 0.0625 0.059375
0 0.54609375 0.30546875 0.0703125 0.0625
0 0.5546875 0.23125 0.06875 0.0703125
0 0.51015625 0.1984375 0.0734375 0.059375
0 0.48203125 0.1625 0.065625 0.078125
0 0.4296875 0.1625 0.0765625 0.078125
0 0.38125 0.1328125 0.0875 0.078125
0 0.57578125 0.18046875 0.059375 0.0515625
0 0.53984375 0.16015625 0.0578125 0.053125
0 0.5015625 0.12421875 0.071875 0.0578125
0 0.4953125 0.06875 0.0671875 0.065625
0 0.44296875 0.08046875 0.065625 0.0578125
0 0.45390625 0.025 0.0609375 0.05
0 0.41484375 0.03671875 0.053125 0.046875
0 0.3875 0.03046875 0.065625 0.0453125
0 0.41953125 0.01875 0.0609375 0.0359375
0 0.3890625 0.01796875 0.0453125 0.01875
0 0.50078125 0.01171875 0.0671875 0.0234375
0 0.5453125 0.009375 0.059375 0.01875
0 0.5453125 0.04765625 0.075 0.0578125
0 0.5828125 0.08359375 0.0625 0.0484375
0 0.62109375 0.1078125 0.06875 0.0609375
0 0.65546875 0.15546875 0.0640625 0.0609375
0 0.24765625 0.05390625 0.0625 0.0375
0 0.32109375 0.03515625 0.06875 0.03125
