0 0.1640625 0.00859375 0.03125 0.0171875
0 0.1859375 0.00703125 0.053125 0.0140625
0 0.15703125 0.01328125 0.0296875 0.0265625
0 0.21328125 0.01015625 0.0640625 0.0203125
0 0.184375 0.01640625 0.071875 0.0328125
0 0.22734375 0.01484375 0.0765625 0.0296875
0 0.18046875 0.01640625 0.0578125 0.0328125
0 0.2453125 0.01171875 0.053125 0.0234375
0 0.1296875 0.01328125 0.028125 0.0265625
0 0.11953125 0.05234375 0.0359375 0.059375
0 0.13203125 0.03203125 0.0421875 0.0453125
0 0.12421875 0.08203125 0.059375 0.0609375
0 0.15078125 0.11015625 0.05625 0.05
0 0.13203125 0.14609375 0.0640625 0.0640625
0 0.1125 0.09140625 0.0390625 0.05
0 0.09765625 0.1296875 0.0375 0.0625
0 0.07890625 0.18359375 0.03125 0.0609375
0 0.09609375 0.16875 0.0515625 0.05625
0 0.09375 0.215625 0.071875 0.071875
0 0.1125 0.26875 0.071875 0.078125
0 0.1 0.32265625 0.0703125 0.071875
0 0.05703125 0.32265625 0.065625 0.0765625
0 0.07734375 0.36796875 0.0765625 0.0671875
0 0.065625 0.23671875 0.034375 0.0546875
0 0.0515625 0.27734375 0.025 0.040625
0 0.0078125 0.475 0.015625 0.05625
0 0.0125 0.50078125 0.025 0.0578125
0 0.0625 0.5 0.059375 0.0625
0 0.078125 0.4546875 0.0546875 0.05625
0 0.028125 0.46953125 0.05625 0.0640625
0 0.0078125 0.67109375 0.015625 0.0546875
0 0.009375 0.65 0.01875 0.046875
0 0.0078125 0.70703125 0.015625 0.0453125
0 0.0140625 0.71328125 0.028125 0.0546875
0 0.0140625 0.7671875 0.028125 0.053125
0 0.01328125 0.7578125 0.0265625 0.059375
0 0.015625 0.80546875 0.03125 0.0515625
0 0.00703125 0.8203125 0.0140625 0.040625
0 0.01328125 0.83515625 0.0265625 0.0546875
0 0.0125 0.84765625 0.025 0.0421875
0 0.01015625 0.83671875 0.0203125 0.0359375
0 0.03984375 0.63125 0.0796875 0.10625
0 0.08046875 0.65 0.0671875 0.0625
0 0.125 0.5953125 0.05625 0.059375
0 0.1546875 0.62109375 0.053125 0.0609375
0 0.178125 0.65859375 0.0625 0.059375
0 0.134375 0.6609375 0.0625 0.065625
0 0.04921875 0.68671875 0.0609375 0.05625
0 0.08671875 0.70390625 0.05625 0.0578125
0 0.09140625 0.7546875 0.0578125 0.05
0 0.13125 0.71640625 0.05625 0.0515625
0 0.1484375 0.76171875 0.06875 0.065625
0 0.17109375 0.69140625 0.0546875 0.05625
0 0.1921875 0.73359375 0.0546875 0.0515625
0 0.1984375 0.78359375 0.06875 0.065625
0 0.1921875 0.80625 0.0546875 0.059375
0 0.10234375 0.78984375 0.0640625 0.0578125
0 0.11328125 0.83984375 0.0640625 0.05625
0 0.11796875 0.89453125 0.0671875 0.046875
0 0.2078125 0.928125 0.0625 0.03125
0 0.165625 0.91875 0.0453125 0.0234375
0 0.2296875 0.10078125 0.071875 0.084375
0 0.27421875 0.09765625 0.059375 0.0625
0 0.28671875 0.15078125 0.0578125 0.0578125
0 0.2234375 0.165625 0.0703125 0.0703125
0 0.2046875 0.21796875 0.0640625 0.0640625
0 0.26875 0.20078125 0.0765625 0.0859375
0 0.30703125 0.2375 0.0625 0.065625
0 0.23203125 0.2671875 0.0484375 0.05
0 0.27421875 0.27421875 0.0546875 0.059375
0 0.22109375 0.315625 0.0671875 0.06875
0 0.28515625 0.33046875 0.075 0.0671875
0 0.31796875 0.28125 0.0921875 0.0875
0 0.27421875 0.38046875 0.0703125 0.0609375
0 0.20546875 0.41328125 0.0546875 0.0546875
0 0.240625 0.42109375 0.0390625 0.0546875
0 0.27421875 0.43828125 0.059375 0.0734375
0 0.31171875 0.44609375 0.0515625 0.0625
0 0.22109375 0.46796875 0.071875 0.078125
0 0.2296875 0.53203125 0.046875 0.053125
0 0.2859375 0.55859375 0.065625 0.06875
0 0.31875 0.515625 0.059375 0.06875
0 0.271875 0.4984375 0.0421875 0.053125
0 0.2859375 0.63984375 0.0578125 0.0578125
0 0.2296875 0.63984375 0.065625 0.0703125
0 0.325 0.60546875 0.0546875 0.053125
0 0.33671875 0.7984375 0.0765625 0.065625
0 0.30625 0.8171875 0.0546875 0.0515625
0 0.296875 0.8515625 0.0578125 0.05
0 0.2984375 0.9109375 0.078125 0.065625
0 0.3546875 0.9171875 0.05 0.0375
0 0.3640625 0.8890625 0.0453125 0.0421875
0 0.37421875 0.84765625 0.06875 0.0609375
0 0.34921875 0.95859375 0.0546875 0.0453125
0 0.41796875 0.9609375 0.046875 0.046875
0 0.42265625 0.9890625 0.0578125 0.021875
0 0.28984375 0.01015625 0.0640625 0.0203125
0 0.35703125 0.00859375 0.0671875 0.0171875
0 0.340625 0.00703125 0.05 0.0140625
0 0.3015625 0.009375 0.059375 0.01875
0 0.3140625 0.0125 0.05625 0.025
0 0.37265625 0.01796875 0.0734375 0.0359375
0 0.43046875 0.01328125 0.0703125 0.0265625
0 0.48046875 0.01171875 0.0640625 0.0234375
0 0.4515625 0.02578125 0.071875 0.0515625
0 0.4375 0.0640625 0.0671875 0.0625
0 0.37421875 0.04375 0.0578125 0.053125
0 0.32734375 0.03515625 0.075 0.06875
0 0.33984375 0.0890625 0.06875 0.0609375
0 0.3484375 0.12890625 0.0734375 0.0703125
0 0.38828125 0.096875 0.0734375 0.06875
0 0.45 0.115625 0.06875 0.065625
0 0.50234375 0.09375 0.071875 0.0703125
0 0.496875 0.19140625 0.0671875 0.075
0 0.4390625 0.171875 0.0765625 0.065625
0 0.4234375 0.20234375 0.0625 0.0609375
0 0.434375 0.253125 0.0609375 0.053125
0 0.37890625 0.2140625 0.075 0.071875
0 0.46328125 0.33984375 0.0484375 0.053125
0 0.4125 0.35703125 0.0640625 0.071875
0 0.39609375 0.41328125 0.0625 0.0671875
0 0.45 0.43203125 0.0671875 0.0625
0 0.44765625 0.37734375 0.0484375 0.053125
0 0.51796875 0.37890625 0.0546875 0.0546875
0 0.509375 0.43046875 0.06875 0.0671875
0 0.49921875 0.4765625 0.06875 0.075
0 0.54453125 0.5015625 0.0734375 0.0921875
0 0.49921875 0.55078125 0.090625 0.08125
0 0.43359375 0.5484375 0.065625 0.0703125
0 0.446875 0.50703125 0.0578125 0.065625
0 0.42890625 0.46328125 0.053125 0.0578125
0 0.43515625 0.65234375 0.0640625 0.0703125
0 0.49453125 0.64375 0.078125 0.071875
0 0.4140625 0.715625 0.040625 0.05
0 0.55859375 0.690625 0.0421875 0.0578125
0 0.48359375 0.69921875 0.053125 0.053125
0 0.503125 0.76640625 0.05625 0.059375
0 0.45859375 0.7828125 0.0703125 0.0765625
0 0.52421875 0.809375 0.0734375 0.0703125
0 0.475 0.83125 0.0765625 0.0734375
0 0.50546875 0.8796875 0.0671875 0.0671875
0 0.5140625 0.92734375 0.078125 0.071875
0 0.55078125 0.971875 0.0671875 0.05625
0 0.54140625 0.01015625 0.0546875 0.0203125
0 0.59609375 0.01484375 0.0453125 0.025
0 0.61328125 0.14375 0.065625 0.0640625
0 0.634375 0.19765625 0.075 0.0796875
0 0.58828125 0.278125 0.06875 0.0671875
0 0.6375 0.2921875 0.059375 0.0609375
0 0.68515625 0.26640625 0.0625 0.0609375
0 0.66875 0.3328125 0.0828125 0.08125
0 0.61328125 0.34921875 0.0703125 0.065625
0 0.57421875 0.346875 0.053125 0.0578125
0 0.60078125 0.39765625 0.065625 0.071875
0 0.64375 0.428125 0.0703125 0.065625
0 0.62890625 0.478125 0.0484375 0.053125
0 0.68125 0.3828125 0.0703125 0.0734375
0 0.63125 0.725 0.065625 0.0625
0 0.6703125 0.70234375 0.0546875 0.0515625
0 0.721875 0.6953125 0.0546875 0.053125
0 0.69375 0.66640625 0.0453125 0.0390625
0 0.684375 0.7546875 0.0546875 0.0453125
0 0.671875 0.78984375 0.06875 0.0671875
0 0.7625 0.76328125 0.053125 0.0609375
0 0.76015625 0.82109375 0.0609375 0.059375
0 0.70546875 0.83203125 0.0703125 0.0640625
0 0.71328125 0.87578125 0.071875 0.0640625
0 0.7765625 0.890625 0.0703125 0.0703125
0 0.75546875 0.92734375 0.0578125 0.053125
0 0.709375 0.9203125 0.05625 0.05
0 0.66015625 0.9109375 0.0640625 0.059375
0 0.625 0.865625 0.053125 0.053125
0 0.63125 0.95 0.05 0.04375
0 0.759375 0.9734375 0.059375 0.053125
0 0.79375 0.9515625 0.0515625 0.0484375
0 0.71796875 0.9671875 0.0515625 0.0453125
0 0.68125 0.98046875 0.0625 0.0390625
0 0.72265625 0.98515625 0.0734375 0.0296875
0 0.88515625 0.9265625 0.0359375 0.0484375
0 0.8625 0.87421875 0.053125 0.0421875
0 0.909375 0.84296875 0.034375 0.05
0 0.85625 0.83984375 0.0703125 0.071875
0 0.86015625 0.7671875 0.0609375 0.0703125
0 0.90859375 0.7859375 0.0578125 0.0578125
0 0.815625 0.64296875 0.0875 0.0859375
0 0.8734375 0.61015625 0.0796875 0.0796875
0 0.83359375 0.571875 0.09375 0.078125
0 0.74375 0.596875 0.053125 0.053125
0 0.77734375 0.53515625 0.0640625 0.05
0 0.80546875 0.509375 0.0796875 0.071875
0 0.778125 0.41875 0.065625 0.0578125
0 0.76796875 0.46171875 0.0640625 0.059375
0 0.809375 0.45390625 0.059375 0.05625
0 0.71328125 0.5125 0.053125 0.046875
0 0.8578125 0.471875 0.075 0.08125
0 0.8234375 0.4125 0.0734375 0.078125
0 0.79375 0.3515625 0.05625 0.0609375
0 0.76171875 0.28125 0.05 0.0578125
0 0.7390625 0.24609375 0.053125 0.053125
0 0.76328125 0.2046875 0.0578125 0.05625
0 0.7265625 0.20625 0.0578125 0.065625
0 0.73515625 0.14765625 0.053125 0.0546875
0 0.6796875 0.08046875 0.04375 0.0484375
0 0.66328125 0.0484375 0.059375 0.0546875
0 0.69921875 0.05546875 0.0765625 0.053125
0 0.78359375 0.075 0.0609375 0.040625
0 0.81796875 0.11171875 0.065625 0.05625
0 0.7890625 0.1484375 0.06875 0.0609375
0 0.796875 0.18828125 0.0625 0.0546875
0 0.83046875 0.22734375 0.059375 0.0546875
0 0.828125 0.28125 0.0484375 0.0453125
