0 0.0046875 0.19453125 0.009375 0.0390625
0 0.0046875 0.21953125 0.009375 0.0359375
0 0.00546875 0.14296875 0.0109375 0.0234375
0 0.00546875 0.14375 0.0109375 0.025
0 0.01171875 0.23125 0.0234375 0.053125
0 0.01015625 0.2734375 0.0203125 0.04375
0 0.0140625 0.30703125 0.028125 0.0296875
0 0.0390625 0.28046875 0.040625 0.0328125
0 0.01875 0.37578125 0.0375 0.0453125
0 0.02109375 0.478125 0.0421875 0.046875
0 0.01171875 0.4359375 0.0234375 0.040625
0 0.00859375 0.54296875 0.0171875 0.0390625
0 0.0078125 0.52265625 0.015625 0.0421875
0 0.009375 0.16328125 0.01875 0.0359375
0 0.00859375 0.20390625 0.0171875 0.0390625
0 0.0125 0.2359375 0.025 0.04375
0 0.01953125 0.59375 0.03125 0.0453125
0 0.01015625 0.553125 0.0203125 0.04375
0 0.0140625 0.584375 0.025 0.04375
0 0.0421875 0.68828125 0.028125 0.0390625
0 0.0234375 0.62109375 0.0265625 0.0421875
0 0.0390625 0.6828125 0.028125 0.05
0 0.05234375 0.73671875 0.0265625 0.0453125
0 0.06796875 0.79921875 0.025 0.034375
0 0.07421875 0.825 0.0265625 0.046875
0 0.05078125 0.73125 0.0265625 0.04375
0 0.06640625 0.775 0.0328125 0.040625
0 0.10625 0.840625 0.0484375 0.0453125
0 0.0921875 0.86796875 0.0375 0.04375
0 0.12265625 0.9265625 0.040625 0.04375
0 0.12578125 0.9625 0.0296875 0.0359375
0 0.13828125 0.9890625 0.0359375 0.021875
0 0.209375 0.984375 0.04375 0.03125
0 0.18515625 0.96328125 0.0515625 0.046875
0 0.16484375 0.921875 0.040625 0.040625
0 0.14921875 0.80546875 0.0390625 0.0328125
0 0.16328125 0.7796875 0.0359375 0.03125
0 0.18828125 0.80546875 0.0515625 0.04375
0 0.1828125 0.83359375 0.0453125 0.0359375
0 0.16875 0.696875 0.04375 0.05
0 0.17734375 0.63671875 0.0390625 0.053125
0 0.2359375 0.6140625 0.040625 0.04375
0 0.2265625 0.57578125 0.040625 0.0390625
0 0.20234375 0.54296875 0.0421875 0.0453125
0 0.175 0.5125 0.0609375 0.0625
0 0.15 0.54453125 0.053125 0.053125
0 0.06484375 0.459375 0.0390625 0.0453125
0 0.121875 0.4421875 0.0328125 0.0296875
0 0.10234375 0.40859375 0.0296875 0.0328125
0 0.065625 0.2578125 0.04375 0.0453125
0 0.1328125 0.17109375 0.05 0.0453125
0 0.146875 0.2 0.04375 0.034375
0 0.153125 0.22734375 0.04375 0.0328125
0 0.1375 0.13359375 0.046875 0.046875
0 0.20625 0.1 0.0421875 0.0390625
0 0.19296875 0.06875 0.0484375 0.025
0 0.19375 0.18828125 0.0390625 0.0421875
0 0.25390625 0.17421875 0.0546875 0.0484375
0 0.27890625 0.20703125 0.0390625 0.028125
0 0.29296875 0.33828125 0.04375 0.040625
0 0.25703125 0.375 0.053125 0.0421875
0 0.30625 0.41328125 0.046875 0.046875
0 0.22734375 0.5046875 0.0484375 0.0390625
0 0.35703125 0.32890625 0.0546875 0.0484375
0 0.30546875 0.24296875 0.0484375 0.053125
0 0.31796875 0.2 0.0515625 0.0515625
0 0.38984375 0.19296875 0.0609375 0.0578125
0 0.34140625 0.27109375 0.046875 0.040625
0 0.3828125 0.3703125 0.05 0.04375
0 0.36171875 0.41484375 0.0625 0.0609375
0 0.4203125 0.46875 0.0421875 0.0390625
0 0.43828125 0.43828125 0.0484375 0.046875
0 0.47421875 0.4796875 0.0484375 0.046875
0 0.5 0.5109375 0.0546875 0.0546875
0 0.4421875 0.53203125 0.034375 0.034375
0 0.45078125 0.56796875 0.034375 0.0328125
0 0.43515625 0.61171875 0.046875 0.0421875
0 0.38515625 0.71796875 0.05625 0.046875
0 0.34609375 0.73828125 0.05 0.04375
0 0.32109375 0.7703125 0.0390625 0.0359375
0 0.2875 0.74375 0.05625 0.0484375
0 0.24375 0.69609375 0.05 0.05
0 0.28046875 0.6640625 0.0515625 0.059375
0 0.36328125 0.77265625 0.04375 0.0515625
0 0.375 0.94765625 0.0515625 0.05
0 0.3296875 0.95390625 0.059375 0.046875
0 0.3671875 0.98828125 0.046875 0.0234375
0 0.4890625 0.99296875 0.040625 0.0140625
0 0.51015625 0.96875 0.0375 0.0328125
0 0.45625 0.9828125 0.040625 0.034375
0 0.42734375 0.88125 0.034375 0.0453125
0 0.40078125 0.92265625 0.0375 0.0421875
0 0.4578125 0.90859375 0.0453125 0.04375
0 0.39453125 0.80234375 0.0421875 0.0453125
0 0.4125 0.75625 0.0453125 0.0421875
0 0.434375 0.71875 0.04375 0.0453125
0 0.45625 0.64140625 0.0390625 0.040625
0 0.5 0.63828125 0.0375 0.0375
0 0.5203125 0.58046875 0.046875 0.05625
0 0.56015625 0.6953125 0.0390625 0.0421875
0 0.58125 0.66484375 0.053125 0.0578125
0 0.578125 0.81796875 0.0328125 0.025
0 0.60546875 0.8484375 0.05 0.040625
0 0.53359375 0.9265625 0.05 0.0453125
0 0.57109375 0.94765625 0.04375 0.0328125
0 0.64921875 0.82890625 0.0453125 0.05
0 0.68125 0.85234375 0.03125 0.0359375
0 0.7078125 0.803125 0.046875 0.0421875
0 0.67578125 0.74921875 0.053125 0.0625
0 0.709375 0.803125 0.05 0.0515625
0 0.7296875 0.89921875 0.040625 0.040625
0 0.7609375 0.88671875 0.05 0.0515625
0 0.7734375 0.83203125 0.0546875 0.046875
0 0.75546875 0.93671875 0.0484375 0.0390625
0 0.99609375 0.84921875 0.0078125 0.0453125
0 0.95859375 0.865625 0.0390625 0.040625
0 0.9859375 0.82109375 0.028125 0.0359375
0 0.99375 0.78828125 0.0125 0.0546875
0 0.9859375 0.746875 0.028125 0.034375
0 0.95078125 0.78515625 0.0421875 0.0390625
0 0.9265625 0.76015625 0.04375 0.05
0 0.809375 0.86953125 0.0359375 0.03125
0 0.8078125 0.765625 0.0375 0.0421875
0 0.85390625 0.76875 0.0375 0.0359375
0 0.8609375 0.7421875 0.0359375 0.0296875
0 0.8359375 0.715625 0.0375 0.0359375
0 0.8046875 0.7171875 0.0390625 0.034375
0 0.84921875 0.640625 0.0390625 0.040625
0 0.87890625 0.690625 0.0421875 0.0453125
0 0.92109375 0.62578125 0.0546875 0.05
0 0.871875 0.5515625 0.0390625 0.0359375
0 0.84921875 0.58984375 0.03125 0.034375
0 0.9046875 0.53671875 0.0375 0.0359375
0 0.9234375 0.51171875 0.0390625 0.0421875
0 0.9640625 0.52734375 0.0375 0.0328125
0 0.98125 0.45 0.0375 0.04375
0 0.94765625 0.4234375 0.034375 0.04375
0 0.95625 0.3890625 0.034375 0.034375
0 0.96171875 0.35078125 0.0390625 0.040625
0 0.9671875 0.32734375 0.0171875 0.034375
0 0.5953125 0.77890625 0.0359375 0.0296875
0 0.59296875 0.75234375 0.0296875 0.0234375
0 0.6671875 0.65546875 0.04375 0.0375
0 0.68984375 0.61796875 0.046875 0.046875
0 0.6515625 0.5859375 0.0421875 0.0453125
0 0.67109375 0.55859375 0.046875 0.0328125
0 0.7125 0.55078125 0.0453125 0.04375
0 0.68515625 0.51015625 0.0375 0.0359375
0 0.7 0.484375 0.0421875 0.0375
0 0.7546875 0.5296875 0.040625 0.05
0 0.78203125 0.45703125 0.040625 0.046875
0 0.7421875 0.3921875 0.046875 0.046875
0 0.69140625 0.4359375 0.0375 0.046875
0 0.7015625 0.3828125 0.0328125 0.0375
0 0.778125 0.36484375 0.04375 0.040625
0 0.48359375 0.42421875 0.0421875 0.0578125
0 0.50859375 0.34375 0.0484375 0.0546875
0 0.53359375 0.29296875 0.0328125 0.0328125
0 0.5671875 0.3140625 0.028125 0.03125
0 0.6484375 0.34765625 0.0421875 0.046875
0 0.66171875 0.28203125 0.03125 0.0359375
0 0.63125 0.259375 0.046875 0.0484375
0 0.5546875 0.25859375 0.0375 0.0359375
0 0.546875 0.19609375 0.0390625 0.040625
0 0.54375 0.1609375 0.03125 0.0359375
0 0.51484375 0.13828125 0.0375 0.0421875
0 0.5984375 0.16953125 0.034375 0.03125
0 0.56640625 0.1359375 0.04375 0.040625
0 0.54375 0.11484375 0.0453125 0.04375
0 0.39765625 0.121875 0.0453125 0.0421875
0 0.36953125 0.128125 0.040625 0.0390625
0 0.340625 0.146875 0.0375 0.0328125
0 0.3609375 0.08515625 0.04375 0.05
0 0.375 0.04453125 0.04375 0.0453125
0 0.4109375 0.02578125 0.034375 0.0328125
0 0.434375 0.053125 0.0421875 0.0375
0 0.76015625 0.00625 0.0390625 0.0125
0 0.6890625 0.02265625 0.04375 0.0453125
0 0.6640625 0.0734375 0.046875 0.040625
0 0.665625 0.11796875 0.0484375 0.046875
0 0.60390625 0.0671875 0.0515625 0.05
0 0.6265625 0.025 0.0421875 0.0390625
0 0.6453125 0.01015625 0.04375 0.0203125
0 0.753125 0.04609375 0.0453125 0.0390625
0 0.78515625 0.08046875 0.0546875 0.05
0 0.85859375 0.01953125 0.0546875 0.0390625
0 0.76953125 0.2421875 0.0453125 0.0421875
0 0.809375 0.19296875 0.046875 0.0421875
0 0.828125 0.14140625 0.040625 0.034375
0 0.825 0.11640625 0.046875 0.040625
0 0.87578125 0.10078125 0.0453125 0.0421875
0 0.8890625 0.121875 0.0390625 0.040625
0 0.9109375 0.184375 0.053125 0.0484375
0 0.884375 0.21875 0.0578125 0.0640625
0 0.8109375 0.30078125 0.0390625 0.0453125
