0 0.053125 0.0234375 0.03125 0.0390625
0 0.01640625 0.071875 0.0296875 0.046875
0 0.1453125 0.10859375 0.0328125 0.0375
0 0.1171875 0.121875 0.02734375 0.0453125
0 0.17265625 0.08984375 0.025 0.03125
0 0.190625 0.128125 0.0328125 0.0453125
0 0.171875 0.1546875 0.03515625 0.046875
0 0.18046875 0.18359375 0.0296875 0.04296875
0 0.2390625 0.16484375 0.0328125 0.040625
0 0.21171875 0.20234375 0.0296875 0.040625
0 0.253125 0.19921875 0.0375 0.0390625
0 0.221875 0.23828125 0.0296875 0.02734375
0 0.16875 0.246875 0.0296875 0.053125
0 0.14453125 0.3375 0.0390625 0.04296875
0 0.08984375 0.36875 0.03515625 0.02734375
0 0.07421875 0.39765625 0.0390625 0.025
0 0.03125 0.3953125 0.03515625 0.0296875
0 0.01875 0.4234375 0.0328125 0.02734375
0 0.05546875 0.43359375 0.0375 0.03125
0 0.034375 0.4640625 0.0375 0.0328125
0 0.03203125 0.50703125 0.0375 0.0296875
0 0.0875 0.50625 0.04296875 0.03515625
0 0.08671875 0.5359375 0.040625 0.0328125
0 0.096875 0.42578125 0.0328125 0.02734375
0 0.19453125 0.30390625 0.0375 0.0328125
0 0.228125 0.2890625 0.0390625 0.03125
0 0.24921875 0.3171875 0.0296875 0.0328125
0 0.2703125 0.3859375 0.0296875 0.025
0 0.2546875 0.415625 0.0375 0.03125
0 0.25390625 0.4890625 0.0234375 0.021875
0 0.2578125 0.44375 0.03125 0.03125
0 0.296875 0.428125 0.02734375 0.02734375
0 0.30390625 0.4578125 0.0328125 0.0375
0 0.3078125 0.4890625 0.0296875 0.040625
0 0.27734375 0.534375 0.03125 0.0328125
0 0.33984375 0.5515625 0.046875 0.0484375
0 0.3234375 0.61015625 0.025 0.0296875
0 0.234375 0.55078125 0.0390625 0.0390625
0 0.19921875 0.6203125 0.03125 0.025
0 0.2546875 0.590625 0.0375 0.0328125
0 0.24140625 0.6234375 0.025 0.03125
0 0.2078125 0.6703125 0.0328125 0.03125
0 0.025 0.5609375 0.03515625 0.0390625
0 0.059375 0.565625 0.040625 0.0296875
0 0.0953125 0.60078125 0.05078125 0.0453125
0 0.06640625 0.62421875 0.0390625 0.0453125
0 0.02421875 0.63671875 0.0296875 0.04296875
0 0.14140625 0.65546875 0.025 0.0375
0 0.121875 0.67578125 0.0296875 0.04296875
0 0.165625 0.69375 0.03125 0.03125
0 0.1453125 0.7296875 0.0375 0.0375
0 0.1375 0.75859375 0.0375 0.0296875
0 0.184375 0.72734375 0.0328125 0.0296875
0 0.19140625 0.765625 0.03125 0.02734375
0 0.19921875 0.79765625 0.0390625 0.0296875
0 0.17890625 0.83125 0.0328125 0.025
0 0.1609375 0.84765625 0.025 0.02734375
0 0.1765625 0.88125 0.0375 0.0234375
0 0.1921875 0.91796875 0.0328125 0.03515625
0 0.23046875 0.86015625 0.03125 0.021875
0 0.2203125 0.8859375 0.03515625 0.0296875
0 0.25078125 0.91796875 0.0296875 0.02734375
0 0.26953125 0.959375 0.0234375 0.015625
0 0.26875 0.9859375 0.040625 0.0234375
0 0.20234375 0.9640625 0.0375 0.025
0 0.20234375 0.9890625 0.0328125 0.0171875
0 0.28046875 0.878125 0.0328125 0.040625
0 0.2796875 0.91875 0.03125 0.0375
0 0.31875 0.8765625 0.02734375 0.03125
0 0.3359375 0.8484375 0.03125 0.0328125
0 0.3140625 0.803125 0.0390625 0.04296875
0 0.3515625 0.8125 0.03125 0.03125
0 0.35 0.7390625 0.01953125 0.0328125
0 0.3625 0.67578125 0.0328125 0.03515625
0 0.3 0.09453125 0.025 0.0375
0 0.32890625 0.05859375 0.0328125 0.0390625
0 0.3359375 0.0140625 0.02734375 0.02734375
0 0.384375 0.04375 0.03125 0.0328125
0 0.36015625 0.1265625 0.0296875 0.03515625
0 0.415625 0.1265625 0.046875 0.04296875
0 0.4234375 0.159375 0.03515625 0.0296875
0 0.421875 0.2046875 0.0390625 0.03125
0 0.446875 0.19453125 0.03515625 0.0296875
0 0.46484375 0.15625 0.03515625 0.0390625
0 0.415625 0.26875 0.046875 0.0453125
0 0.3671875 0.31875 0.03515625 0.04296875
0 0.321875 0.396875 0.0390625 0.0234375
0 0.3421875 0.42578125 0.03515625 0.03125
0 0.11875 0.3 0.0234375 0.025
0 0.1421875 0.2796875 0.03515625 0.03515625
0 0.4046875 0.33984375 0.02734375 0.03125
0 0.4359375 0.30390625 0.02734375 0.0328125
0 0.4640625 0.27265625 0.0328125 0.0375
0 0.46953125 0.23125 0.0328125 0.025
0 0.48828125 0.3203125 0.05078125 0.046875
0 0.45390625 0.359375 0.0328125 0.02734375
0 0.51171875 0.38359375 0.03125 0.0296875
0 0.4984375 0.4078125 0.0390625 0.0390625
0 0.36328125 0.62421875 0.03125 0.040625
0 0.38359375 0.653125 0.0328125 0.040625
0 0.4015625 0.68828125 0.0328125 0.0296875
0 0.4 0.72265625 0.0390625 0.0390625
0 0.4125 0.7515625 0.03125 0.0390625
0 0.384375 0.7859375 0.03515625 0.0328125
0 0.36328125 0.88984375 0.03515625 0.025
0 0.32734375 0.9140625 0.0375 0.02734375
0 0.415625 0.85 0.03125 0.0390625
0 0.42890625 0.790625 0.0328125 0.03515625
0 0.48828125 0.81328125 0.0390625 0.0375
0 0.4125 0.61640625 0.0390625 0.040625
0 0.4296875 0.64765625 0.03515625 0.0328125
0 0.4515625 0.62109375 0.0390625 0.03515625
0 0.48046875 0.53203125 0.0390625 0.0328125
0 0.49296875 0.5625 0.0328125 0.03515625
0 0.5296875 0.5703125 0.04296875 0.0390625
0 0.49921875 0.5 0.0453125 0.04296875
0 0.55078125 0.5203125 0.046875 0.0296875
0 0.5578125 0.5375 0.0375 0.02734375
0 0.54296875 0.4609375 0.0390625 0.0390625
0 0.56875 0.61796875 0.03515625 0.025
0 0.59375 0.5921875 0.03515625 0.03515625
0 0.42578125 0.93359375 0.03125 0.0390625
0 0.48515625 0.984375 0.0375 0.02734375
0 0.4953125 0.95703125 0.0328125 0.03515625
0 0.4796875 0.90546875 0.0453125 0.0296875
0 0.478125 0.8828125 0.0390625 0.0390625
0 0.4390625 0.8796875 0.03515625 0.0328125
0 0.5328125 0.75390625 0.02734375 0.0390625
0 0.57421875 0.765625 0.0390625 0.03125
0 0.58203125 0.71171875 0.02734375 0.025
0 0.61328125 0.76171875 0.03125 0.03515625
0 0.63203125 0.78046875 0.0171875 0.021875
0 0.646875 0.80078125 0.03125 0.03515625
0 0.66875 0.790625 0.0171875 0.0234375
0 0.665625 0.759375 0.0234375 0.01953125
0 0.65625 0.7359375 0.0234375 0.02734375
0 0.64453125 0.696875 0.02734375 0.03515625
0 0.58671875 0.68046875 0.021875 0.0328125
0 0.59375 0.659375 0.02734375 0.025
0 0.609375 0.6390625 0.01953125 0.02734375
0 0.62109375 0.953125 0.046875 0.046875
0 0.64765625 0.90234375 0.0375 0.03125
0 0.67265625 0.87421875 0.0375 0.0328125
0 0.70390625 0.90234375 0.0375 0.03125
0 0.71484375 0.93125 0.0390625 0.0390625
0 0.73515625 0.82734375 0.0296875 0.0296875
0 0.7765625 0.8078125 0.025 0.025
0 0.7125 0.79296875 0.03515625 0.03125
0 0.7890625 0.74921875 0.01953125 0.0296875
0 0.7625 0.74609375 0.025 0.03125
0 0.8 0.703125 0.0296875 0.03515625
0 0.8640625 0.75078125 0.040625 0.040625
0 0.90234375 0.7546875 0.0390625 0.0375
0 0.81171875 0.9453125 0.040625 0.0390625
0 0.84765625 0.9 0.04296875 0.03125
0 0.86796875 0.9265625 0.040625 0.0296875
0 0.946875 0.9203125 0.03515625 0.03125
0 0.909375 0.928125 0.025 0.03515625
0 0.92265625 0.9484375 0.0375 0.0328125
0 0.88203125 0.68671875 0.0375 0.040625
0 0.83671875 0.69375 0.0328125 0.03515625
0 0.8375 0.6046875 0.02734375 0.0375
0 0.85859375 0.5796875 0.0296875 0.03125
0 0.89921875 0.56328125 0.025 0.040625
0 0.9375 0.56171875 0.02734375 0.025
0 0.96796875 0.5203125 0.025 0.0296875
0 0.95234375 0.48359375 0.025 0.0296875
0 0.97265625 0.45703125 0.02734375 0.02734375
0 0.9796875 0.4234375 0.025 0.02734375
0 0.8265625 0.55 0.03125 0.0296875
0 0.8046875 0.575 0.02734375 0.0375
0 0.690625 0.596875 0.021875 0.0328125
0 0.65 0.61640625 0.03515625 0.0375
0 0.6828125 0.5375 0.0375 0.0390625
0 0.7109375 0.51484375 0.0390625 0.040625
0 0.765625 0.53203125 0.0390625 0.0328125
0 0.79375 0.46953125 0.0296875 0.0328125
0 0.7390625 0.4828125 0.0328125 0.03515625
0 0.73515625 0.446875 0.021875 0.02734375
0 0.74375 0.4203125 0.01953125 0.02734375
0 0.78203125 0.4125 0.0375 0.05078125
0 0.71171875 0.35625 0.0375 0.0453125
0 0.73125 0.303125 0.0296875 0.03125
0 0.75 0.3421875 0.02734375 0.03515625
0 0.7140625 0.271875 0.0375 0.0390625
0 0.68359375 0.3015625 0.02734375 0.0375
0 0.5578125 0.3734375 0.040625 0.03515625
0 0.56171875 0.403125 0.040625 0.0375
0 0.596875 0.3203125 0.0328125 0.02734375
0 0.625 0.28515625 0.03125 0.03515625
0 0.65234375 0.25625 0.0390625 0.0234375
0 0.66875 0.2828125 0.0296875 0.03515625
0 0.65703125 0.215625 0.025 0.053125
0 0.81328125 0.38671875 0.0296875 0.03125
0 0.7984375 0.33671875 0.0234375 0.025
0 0.85234375 0.35234375 0.040625 0.0296875
0 0.8390625 0.303125 0.0375 0.0390625
0 0.88359375 0.259375 0.040625 0.03125
0 0.90546875 0.29765625 0.0328125 0.0328125
0 0.98125 0.35859375 0.0328125 0.040625
0 0.93828125 0.303125 0.025 0.0390625
0 0.95 0.275 0.0296875 0.03125
0 0.9703125 0.2625 0.03125 0.0296875
0 0.953125 0.21796875 0.03125 0.0296875
0 0.95390625 0.19375 0.0453125 0.03515625
0 0.90625 0.2109375 0.03515625 0.046875
0 0.925 0.17109375 0.0328125 0.0296875
0 0.70390625 0.1953125 0.0328125 0.0390625
0 0.69140625 0.15625 0.03125 0.0234375
0 0.64140625 0.1484375 0.021875 0.0234375
0 0.640625 0.025 0.03515625 0.046875
0 0.59375 0.0703125 0.04296875 0.0390625
0 0.55 0.10625 0.0375 0.0375
0 0.51484375 0.07421875 0.025 0.02734375
0 0.546875 0.0484375 0.03515625 0.03125
0 0.58515625 0.0375 0.0375 0.02734375
0 0.5671875 0.0140625 0.0375 0.02734375
0 0.7734375 0.1484375 0.0390625 0.03125
0 0.7390625 0.1140625 0.025 0.025
0 0.75625 0.08984375 0.02734375 0.0234375
0 0.7703125 0.05859375 0.0296875 0.03515625
0 0.7921875 0.034375 0.025 0.021875
0 0.8140625 0.08671875 0.0390625 0.0296875
0 0.8140625 0.12109375 0.03125 0.0390625
0 0.96484375 0.12109375 0.03515625 0.03515625
0 0.984375 0.0421875 0.02734375 0.0296875
0 0.89921875 0.06640625 0.0328125 0.046875
0 0.8890625 0.015625 0.03515625 0.03125
