0 0.01171875 0.1515625 0.0234375 0.05
0 0.00859375 0.20078125 0.0171875 0.0390625
0 0.0078125 0.22734375 0.015625 0.0359375
0 0.009375 0.1390625 0.01875 0.040625
0 0.0625 0.15078125 0.0296875 0.0328125
0 0.07890625 0.17890625 0.028125 0.0328125
0 0.053125 0.20546875 0.03125 0.0390625
0 0.0984375 0.2421875 0.0484375 0.0578125
0 0.10859375 0.27265625 0.0359375 0.0359375
0 0.12265625 0.253125 0.0296875 0.0328125
0 0.1546875 0.2796875 0.0421875 0.05
0 0.1109375 0.34140625 0.04375 0.053125
0 0.1765625 0.33984375 0.0453125 0.0359375
0 0.1640625 0.3125 0.05 0.046875
0 0.0890625 0.38828125 0.0484375 0.046875
0 0.12265625 0.4296875 0.0546875 0.0421875
0 0.0609375 0.475 0.034375 0.028125
0 0.01875 0.51484375 0.0375 0.0390625
0 0.01171875 0.5484375 0.0234375 0.034375
0 0.04921875 0.54296875 0.046875 0.040625
0 0.0421875 0.58359375 0.0421875 0.0390625
0 0.04609375 0.63359375 0.0390625 0.046875
0 0.0953125 0.53671875 0.0546875 0.0546875
0 0.08046875 0.5734375 0.0546875 0.05
0 0.096875 0.61953125 0.04375 0.0390625
0 0.10625 0.64453125 0.0421875 0.0328125
0 0.08515625 0.67265625 0.040625 0.0390625
0 0.071875 0.7296875 0.03125 0.0265625
0 0.0703125 0.75625 0.0375 0.0375
0 0.1375 0.6984375 0.04375 0.0453125
0 0.115625 0.72890625 0.04375 0.0453125
0 0.18046875 0.775 0.04375 0.0421875
0 0.1984375 0.746875 0.053125 0.05
0 0.15390625 0.39453125 0.040625 0.0390625
0 0.18671875 0.3625 0.0375 0.0375
0 0.2109375 0.390625 0.0484375 0.05
0 0.2578125 0.44765625 0.04375 0.0390625
0 0.24296875 0.48359375 0.0484375 0.04375
0 0.284375 0.47734375 0.040625 0.0390625
0 0.30546875 0.51484375 0.0484375 0.0453125
0 0.31328125 0.54375 0.0484375 0.059375
0 0.25859375 0.5609375 0.0484375 0.0453125
0 0.25546875 0.61484375 0.04375 0.0515625
0 0.29375 0.58984375 0.05 0.0453125
0 0.321875 0.61796875 0.0390625 0.04375
0 0.2859375 0.6515625 0.0375 0.0375
0 0.2796875 0.6890625 0.034375 0.0421875
0 0.25 0.6875 0.0359375 0.0453125
0 0.26796875 0.7421875 0.053125 0.05
0 0.2328125 0.77265625 0.0390625 0.04375
0 0.21875 0.81484375 0.0375 0.0375
0 0.21640625 0.8453125 0.0375 0.0375
0 0.23515625 0.87734375 0.046875 0.0515625
0 0.25390625 0.80859375 0.0375 0.0328125
0 0.26796875 0.84375 0.0484375 0.0390625
0 0.28984375 0.86875 0.034375 0.0359375
0 0.27578125 0.903125 0.0421875 0.034375
0 0.25703125 0.93046875 0.0375 0.0375
0 0.2875 0.965625 0.0484375 0.0359375
0 0.30546875 0.9875 0.0515625 0.025
0 0.33359375 0.94921875 0.04375 0.0421875
0 0.21640625 0.93984375 0.0328125 0.0328125
0 0.21640625 0.97265625 0.040625 0.0390625
0 0.36796875 0.97578125 0.0484375 0.0453125
0 0.3953125 0.96328125 0.04375 0.0421875
0 0.3828125 0.92578125 0.046875 0.0546875
0 0.43359375 0.91328125 0.040625 0.040625
0 0.43671875 0.8875 0.0421875 0.0359375
0 0.440625 0.84375 0.03125 0.0265625
0 0.40703125 0.84140625 0.0390625 0.040625
0 0.42734375 0.815625 0.0375 0.040625
0 0.46796875 0.803125 0.0359375 0.0453125
0 0.515625 0.8578125 0.0421875 0.0390625
0 0.4765625 0.91484375 0.0359375 0.0328125
0 0.44375 0.94765625 0.034375 0.0359375
0 0.54375 0.88125 0.03125 0.0328125
0 0.546875 0.93671875 0.05 0.05
0 0.5578125 0.9671875 0.0375 0.0375
0 0.53671875 0.98984375 0.0515625 0.0203125
0 0.6140625 0.975 0.034375 0.0296875
0 0.6234375 0.94921875 0.0578125 0.0484375
0 0.58203125 0.87578125 0.0390625 0.040625
0 0.55078125 0.846875 0.0421875 0.0453125
0 0.50859375 0.79609375 0.046875 0.0484375
0 0.48359375 0.7734375 0.0546875 0.059375
0 0.46171875 0.7140625 0.0421875 0.0453125
0 0.4234375 0.77890625 0.0453125 0.05
0 0.425 0.709375 0.0390625 0.0546875
0 0.43515625 0.67890625 0.034375 0.040625
0 0.44765625 0.63359375 0.053125 0.0515625
0 0.40859375 0.6484375 0.0484375 0.05
0 0.38515625 0.6765625 0.034375 0.0375
0 0.36328125 0.65703125 0.04375 0.040625
0 0.35546875 0.58515625 0.0546875 0.059375
0 0.48359375 0.53671875 0.0453125 0.04375
0 0.546875 0.55703125 0.0421875 0.046875
0 0.56875 0.52109375 0.0328125 0.03125
0 0.5578125 0.5 0.040625 0.040625
0 0.503125 0.4953125 0.040625 0.046875
0 0.57265625 0.8140625 0.0484375 0.040625
0 0.60078125 0.7359375 0.040625 0.0484375
0 0.63046875 0.71328125 0.0375 0.0328125
0 0.640625 0.740625 0.0328125 0.0328125
0 0.74296875 0.90546875 0.059375 0.0546875
0 0.80078125 0.853125 0.0375 0.034375
0 0.83359375 0.875 0.0546875 0.0421875
0 0.85078125 0.90859375 0.05 0.040625
0 0.77890625 0.82421875 0.04375 0.040625
0 0.76015625 0.8546875 0.0328125 0.0359375
0 0.7609375 0.79296875 0.0328125 0.03125
0 0.78671875 0.7796875 0.0453125 0.0421875
0 0.6796875 0.725 0.046875 0.05
0 0.728125 0.6890625 0.04375 0.040625
0 0.69765625 0.653125 0.0421875 0.046875
0 0.60390625 0.6 0.040625 0.040625
0 0.6203125 0.56875 0.040625 0.04375
0 0.6359375 0.68046875 0.034375 0.040625
0 0.64765625 0.60234375 0.028125 0.0375
0 0.546875 0.4453125 0.0484375 0.05
0 0.51875 0.42578125 0.0390625 0.040625
0 0.484375 0.4125 0.0359375 0.04375
0 0.4828125 0.3796875 0.034375 0.040625
0 0.4265625 0.36953125 0.0375 0.040625
0 0.4453125 0.32421875 0.059375 0.0546875
0 0.36796875 0.36796875 0.046875 0.0484375
0 0.390625 0.33515625 0.0453125 0.0484375
0 0.42109375 0.29375 0.0515625 0.053125
0 0.3625 0.3046875 0.05625 0.059375
0 0.33359375 0.35546875 0.0671875 0.0578125
0 0.34453125 0.228125 0.0421875 0.0546875
0 0.375 0.21796875 0.0390625 0.0421875
0 0.38046875 0.171875 0.040625 0.053125
0 0.34375 0.1859375 0.0359375 0.0421875
0 0.31875 0.15859375 0.0484375 0.05
0 0.275 0.1765625 0.053125 0.0484375
0 0.2375 0.19453125 0.06875 0.0578125
0 0.1671875 0.240625 0.065625 0.0578125
0 0.21484375 0.1515625 0.046875 0.05
0 0.22734375 0.1125 0.046875 0.0484375
0 0.278125 0.08828125 0.05 0.05
0 0.4140625 0.07265625 0.0328125 0.0296875
0 0.4328125 0.04609375 0.04375 0.040625
0 0.44921875 0.10546875 0.046875 0.0421875
0 0.440625 0.17578125 0.0453125 0.0421875
0 0.4015625 0.12890625 0.03125 0.028125
0 0.48515625 0.05546875 0.0484375 0.0453125
0 0.51640625 0.01171875 0.0421875 0.0234375
0 0.44921875 0.0078125 0.0296875 0.015625
0 0.52265625 0.07734375 0.040625 0.0375
0 0.55 0.1109375 0.0375 0.040625
0 0.56015625 0.0765625 0.028125 0.025
0 0.58515625 0.1671875 0.0359375 0.04375
0 0.5890625 0.21640625 0.04375 0.040625
0 0.615625 0.24296875 0.04375 0.0453125
0 0.6546875 0.22265625 0.0640625 0.0546875
0 0.625 0.146875 0.05 0.0453125
0 0.590625 0.27421875 0.034375 0.0390625
0 0.67421875 0.30546875 0.05 0.05
0 0.684375 0.23828125 0.0359375 0.0328125
0 0.69296875 0.2625 0.0390625 0.03125
0 0.70546875 0.28203125 0.03125 0.0359375
0 0.528125 0.3703125 0.03125 0.0390625
0 0.54453125 0.35 0.03125 0.03125
0 0.6921875 0.48046875 0.040625 0.040625
0 0.70859375 0.45078125 0.04375 0.040625
0 0.7328125 0.475 0.0390625 0.0421875
0 0.71328125 0.540625 0.0484375 0.0484375
0 0.6703125 0.51875 0.034375 0.028125
0 0.6890625 0.57578125 0.04375 0.0390625
0 0.728125 0.41953125 0.0375 0.0375
0 0.72265625 0.38984375 0.0421875 0.034375
0 0.79140625 0.3921875 0.05 0.05
0 0.8390625 0.46328125 0.046875 0.05
0 0.73359375 0.31875 0.028125 0.0390625
0 0.76015625 0.340625 0.0515625 0.0453125
0 0.86015625 0.55703125 0.0421875 0.04375
0 0.86171875 0.50703125 0.034375 0.0375
0 0.87421875 0.4796875 0.0328125 0.0375
0 0.91171875 0.4671875 0.0359375 0.034375
0 0.88828125 0.6015625 0.0390625 0.04375
0 0.925 0.58203125 0.0421875 0.0375
0 0.91328125 0.54375 0.046875 0.0390625
0 0.89765625 0.49765625 0.0375 0.0375
0 0.84921875 0.61796875 0.0390625 0.034375
0 0.82265625 0.6640625 0.040625 0.040625
0 0.859375 0.66875 0.0296875 0.0375
0 0.821875 0.753125 0.0421875 0.0390625
0 0.9265625 0.85390625 0.04375 0.04375
0 0.94296875 0.809375 0.0390625 0.0421875
0 0.9890625 0.73515625 0.021875 0.0484375
0 0.97109375 0.7140625 0.03125 0.0390625
0 0.9734375 0.75546875 0.0421875 0.0390625
0 0.990625 0.6875 0.01875 0.034375
0 0.971875 0.65 0.0484375 0.0484375
0 0.92734375 0.6484375 0.04375 0.0484375
0 0.95234375 0.44453125 0.046875 0.0515625
0 0.94609375 0.365625 0.053125 0.046875
0 0.97265625 0.39140625 0.0375 0.0375
0 0.95 0.2984375 0.0359375 0.04375
0 0.9578125 0.33515625 0.0375 0.040625
0 0.7828125 0.215625 0.040625 0.0390625
0 0.759375 0.26953125 0.0484375 0.046875
0 0.81953125 0.25625 0.0421875 0.05
0 0.84140625 0.18671875 0.046875 0.0421875
0 0.9015625 0.140625 0.0421875 0.0390625
0 0.87734375 0.178125 0.0375 0.0421875
0 0.865625 0.08125 0.0390625 0.03125
0 0.83125 0.12109375 0.0328125 0.0375
0 0.82265625 0.09296875 0.034375 0.0359375
0 0.83125 0.06640625 0.0375 0.040625
0 0.68125 0.08359375 0.0578125 0.0546875
0 0.64296875 0.040625 0.0328125 0.0296875
0 0.70078125 0.0140625 0.0421875 0.028125
0 0.66640625 0.0078125 0.0328125 0.015625
0 0.65703125 0.01015625 0.0390625 0.0203125
0 0.75546875 0.0078125 0.0328125 0.015625
0 0.784375 0.01171875 0.046875 0.0234375
0 0.85625 0.01171875 0.040625 0.0234375
