0 0.05546875 0.025 0.0375 0.04296875
0 0.0140625 0.065625 0.02734375 0.0328125
0 0.0203125 0.09453125 0.025 0.0296875
0 0.09765625 0.02421875 0.03125 0.0328125
0 0.165625 0.0546875 0.0234375 0.02734375
0 0.175 0.0859375 0.021875 0.02734375
0 0.1421875 0.1046875 0.0234375 0.0328125
0 0.1765625 0.1515625 0.0375 0.0484375
0 0.17890625 0.1828125 0.0296875 0.0296875
0 0.196875 0.16796875 0.0234375 0.02734375
0 0.2203125 0.2015625 0.03125 0.04296875
0 0.16328125 0.24921875 0.0328125 0.0453125
0 0.2265625 0.26484375 0.0390625 0.025
0 0.221875 0.23515625 0.040625 0.0375
0 0.13125 0.28828125 0.0390625 0.0375
0 0.15234375 0.3359375 0.046875 0.03125
0 0.08125 0.3640625 0.0296875 0.021875
0 0.0296875 0.390625 0.03515625 0.03125
0 0.0125 0.42109375 0.025 0.0296875
0 0.053125 0.42578125 0.0390625 0.03125
0 0.03515625 0.4625 0.03515625 0.03125
0 0.0265625 0.51171875 0.0296875 0.0390625
0 0.0984375 0.43125 0.0453125 0.04296875
0 0.075 0.4625 0.0453125 0.0390625
0 0.07890625 0.5109375 0.0375 0.0296875
0 0.08125 0.5375 0.0375 0.0234375
0 0.05390625 0.55859375 0.0328125 0.03125
0 0.02734375 0.609375 0.02734375 0.01953125
0 0.01875 0.634375 0.0296875 0.03125
0 0.09765625 0.596875 0.03515625 0.0375
0 0.06875 0.6203125 0.03515625 0.0375
0 0.11875 0.68046875 0.03515625 0.0328125
0 0.1421875 0.6578125 0.04296875 0.0390625
0 0.190625 0.3109375 0.0328125 0.03125
0 0.23046875 0.28828125 0.03125 0.0296875
0 0.24609375 0.32109375 0.0390625 0.040625
0 0.2765625 0.3875 0.0375 0.0296875
0 0.253125 0.41875 0.040625 0.0328125
0 0.29375 0.4234375 0.0328125 0.03125
0 0.3046875 0.46484375 0.0390625 0.03515625
0 0.3046875 0.49375 0.03515625 0.05078125
0 0.2484375 0.49609375 0.0390625 0.03515625
0 0.23125 0.546875 0.0328125 0.04296875
0 0.27421875 0.5328125 0.040625 0.03515625
0 0.29375 0.5671875 0.0296875 0.0375
0 0.25078125 0.58984375 0.0296875 0.03125
0 0.23515625 0.62421875 0.025 0.0375
0 0.2078125 0.615625 0.025 0.0390625
0 0.2109375 0.671875 0.04296875 0.0390625
0 0.16875 0.6921875 0.0296875 0.0375
0 0.1453125 0.728125 0.0296875 0.03125
0 0.134375 0.75703125 0.03125 0.0296875
0 0.1453125 0.79296875 0.0375 0.04296875
0 0.1796875 0.73125 0.03125 0.025
0 0.184375 0.76875 0.040625 0.0296875
0 0.19921875 0.79765625 0.02734375 0.0296875
0 0.1765625 0.82734375 0.0375 0.025
0 0.15234375 0.8484375 0.03125 0.0296875
0 0.171875 0.88984375 0.04296875 0.025
0 0.1828125 0.921875 0.0453125 0.02734375
0 0.2203125 0.8859375 0.03515625 0.0328125
0 0.1109375 0.84765625 0.02734375 0.02734375
0 0.10234375 0.87890625 0.0328125 0.03125
0 0.0578125 0.915625 0.0375 0.0234375
0 0.0125 0.9140625 0.021875 0.02734375
0 0.01640625 0.9515625 0.0296875 0.02734375
0 0.20625 0.9625 0.0375 0.02734375
0 0.24609375 0.9203125 0.0390625 0.03515625
0 0.271875 0.96796875 0.03125 0.0296875
0 0.275 0.91484375 0.03515625 0.0328125
0 0.2734375 0.8765625 0.03515625 0.046875
0 0.325 0.878125 0.0328125 0.0328125
0 0.334375 0.853125 0.03515625 0.02734375
0 0.35 0.8125 0.02734375 0.01953125
0 0.31875 0.8015625 0.03125 0.0328125
0 0.34453125 0.78203125 0.0296875 0.0328125
0 0.3859375 0.78125 0.025 0.0390625
0 0.41796875 0.8453125 0.03515625 0.03125
0 0.36640625 0.88984375 0.0296875 0.025
0 0.3265625 0.91328125 0.02734375 0.0296875
0 0.43828125 0.875 0.025 0.02734375
0 0.4265625 0.92890625 0.040625 0.040625
0 0.4296875 0.9609375 0.03125 0.03125
0 0.40234375 0.98515625 0.046875 0.025
0 0.48125 0.984375 0.0296875 0.02734375
0 0.496875 0.96015625 0.0484375 0.0375
0 0.4765625 0.8796875 0.03125 0.0328125
0 0.45390625 0.84453125 0.0328125 0.0375
0 0.4265625 0.78515625 0.0375 0.0390625
0 0.4078125 0.75703125 0.04296875 0.0484375
0 0.403125 0.69453125 0.0328125 0.0375
0 0.35 0.746875 0.03515625 0.040625
0 0.36875 0.68046875 0.02734375 0.0484375
0 0.3859375 0.6546875 0.025 0.03515625
0 0.41015625 0.6140625 0.04296875 0.040625
0 0.36875 0.61796875 0.0390625 0.040625
0 0.33984375 0.6390625 0.02734375 0.03125
0 0.3234375 0.615625 0.0375 0.03125
0 0.334375 0.54375 0.04296875 0.0484375
0 0.46953125 0.53125 0.0375 0.03515625
0 0.52421875 0.56640625 0.0328125 0.0390625
0 0.5546875 0.53828125 0.02734375 0.025
0 0.55 0.51484375 0.0328125 0.0328125
0 0.4984375 0.49609375 0.03125 0.0390625
0 0.48359375 0.81875 0.040625 0.03125
0 0.5296875 0.75078125 0.03125 0.040625
0 0.5640625 0.7375 0.03125 0.025
0 0.56640625 0.765625 0.02734375 0.02734375
0 0.621875 0.94921875 0.0484375 0.04296875
0 0.69140625 0.9140625 0.03125 0.02734375
0 0.7171875 0.94375 0.046875 0.03125
0 0.725 0.98125 0.04296875 0.0328125
0 0.6765625 0.88125 0.0375 0.03125
0 0.6515625 0.90546875 0.025 0.0296875
0 0.66796875 0.846875 0.02734375 0.025
0 0.69609375 0.840625 0.0375 0.0328125
0 0.60859375 0.7609375 0.0375 0.040625
0 0.66328125 0.73828125 0.0375 0.03125
0 0.64375 0.696875 0.0328125 0.0390625
0 0.5671875 0.621875 0.0328125 0.0328125
0 0.5921875 0.596875 0.03125 0.0375
0 0.57734375 0.70703125 0.025 0.03515625
0 0.609375 0.6359375 0.01953125 0.0328125
0 0.553125 0.46015625 0.0390625 0.040625
0 0.53125 0.434375 0.03125 0.0328125
0 0.5015625 0.41328125 0.02734375 0.0375
0 0.50859375 0.38125 0.025 0.03515625
0 0.4578125 0.35625 0.0296875 0.0328125
0 0.4875 0.31875 0.0484375 0.04296875
0 0.4015625 0.33984375 0.0375 0.0390625
0 0.43125 0.3140625 0.03515625 0.0390625
0 0.471875 0.2828125 0.040625 0.04296875
0 0.41328125 0.278125 0.0453125 0.0484375
0 0.371875 0.31953125 0.05625 0.0453125
0 0.41484375 0.2 0.0296875 0.0484375
0 0.446875 0.19921875 0.03125 0.03515625
0 0.4640625 0.15625 0.0296875 0.046875
0 0.42578125 0.16015625 0.02734375 0.03515625
0 0.4078125 0.128125 0.0390625 0.040625
0 0.3625 0.13359375 0.0453125 0.0375
0 0.321875 0.140625 0.05859375 0.04296875
0 0.2421875 0.1671875 0.0546875 0.0453125
0 0.31171875 0.09453125 0.0375 0.040625
0 0.3328125 0.0609375 0.0375 0.0390625
0 0.3875 0.05 0.040625 0.040625
0 0.521875 0.0703125 0.02734375 0.0234375
0 0.54609375 0.0484375 0.0375 0.03125
0 0.546875 0.11015625 0.0390625 0.0328125
0 0.5203125 0.175 0.0375 0.0328125
0 0.4953125 0.1203125 0.025 0.021875
0 0.59375 0.071875 0.0390625 0.03515625
0 0.6375 0.0296875 0.0328125 0.03515625
0 0.5734375 0.0140625 0.025 0.01953125
0 0.62421875 0.10234375 0.0328125 0.0296875
0 0.64140625 0.14140625 0.0296875 0.0328125
0 0.66015625 0.1109375 0.0234375 0.01953125
0 0.66015625 0.20390625 0.02734375 0.0375
0 0.6515625 0.2515625 0.0375 0.03125
0 0.6703125 0.284375 0.03515625 0.0375
0 0.7125 0.27421875 0.0546875 0.040625
0 0.70390625 0.1953125 0.040625 0.03515625
0 0.6390625 0.3078125 0.02734375 0.0328125
0 0.71015625 0.35859375 0.040625 0.040625
0 0.7375 0.29765625 0.0296875 0.025
0 0.7390625 0.321875 0.0328125 0.0234375
0 0.74609375 0.34375 0.0234375 0.03125
0 0.5546875 0.38359375 0.0234375 0.0328125
0 0.575 0.36796875 0.025 0.025
0 0.6828125 0.53046875 0.0328125 0.0328125
0 0.70625 0.50625 0.0375 0.03125
0 0.72265625 0.53515625 0.03125 0.03515625
0 0.6875 0.59375 0.0390625 0.0390625
0 0.6515625 0.56171875 0.0296875 0.021875
0 0.65546875 0.6203125 0.0375 0.0296875
0 0.7328125 0.48125 0.03125 0.0296875
0 0.73515625 0.45234375 0.0375 0.025
0 0.8 0.471875 0.040625 0.040625
0 0.82734375 0.5515625 0.0375 0.040625
0 0.7640625 0.38671875 0.01953125 0.03515625
0 0.7828125 0.4140625 0.04296875 0.03515625
0 0.8234375 0.646875 0.0328125 0.03515625
0 0.8375 0.6 0.02734375 0.03125
0 0.85625 0.5765625 0.025 0.03125
0 0.8953125 0.57421875 0.0296875 0.02734375
0 0.8390625 0.69609375 0.0296875 0.0375
0 0.87890625 0.68671875 0.03515625 0.0296875
0 0.8765625 0.64765625 0.0390625 0.0296875
0 0.87421875 0.6 0.0296875 0.03125
0 0.79765625 0.70234375 0.0328125 0.025
0 0.7609375 0.7390625 0.0328125 0.0328125
0 0.79375 0.753125 0.021875 0.0328125
0 0.7359375 0.82421875 0.03515625 0.03125
0 0.8109375 0.946875 0.03515625 0.03515625
0 0.8375 0.9078125 0.03125 0.03515625
0 0.90625 0.9265625 0.03125 0.040625
0 0.9359375 0.9515625 0.02734375 0.0390625
0 0.9578125 0.94453125 0.021875 0.025
0 0.9453125 0.9125 0.02734375 0.03125
0 0.9125 0.853125 0.03515625 0.0390625
0 0.8890625 0.825 0.0234375 0.0328125
0 0.88125 0.865625 0.03515625 0.03125
0 0.9203125 0.80546875 0.0234375 0.0296875
0 0.90625 0.7640625 0.0390625 0.0390625
0 0.8640625 0.75078125 0.0328125 0.040625
0 0.96015625 0.74921875 0.040625 0.040625
0 0.940625 0.5625 0.0375 0.04296875
0 0.95390625 0.4859375 0.0453125 0.03515625
0 0.9734375 0.51640625 0.0328125 0.0296875
0 0.9765625 0.42265625 0.02734375 0.0375
0 0.975 0.46015625 0.03125 0.0328125
0 0.83671875 0.30078125 0.0328125 0.03125
0 0.80078125 0.346875 0.0390625 0.0375
0 0.8609375 0.35 0.03125 0.04296875
0 0.9 0.28828125 0.0390625 0.0328125
0 0.96875 0.259375 0.03515625 0.03125
0 0.93671875 0.2890625 0.0296875 0.03515625
0 0.95 0.19375 0.0328125 0.0234375
0 0.90703125 0.22265625 0.025 0.03125
0 0.90625 0.19453125 0.02734375 0.0296875
0 0.92109375 0.17109375 0.0296875 0.0328125
0 0.7734375 0.1484375 0.046875 0.04296875
0 0.7484375 0.09765625 0.02734375 0.0234375
0 0.8109375 0.084375 0.03515625 0.02734375
0 0.7890625 0.03515625 0.02734375 0.02734375
0 0.7734375 0.05546875 0.03125 0.0328125
0 0.88671875 0.01640625 0.02734375 0.0296875
0 0.903125 0.05859375 0.0375 0.0390625
0 0.96171875 0.11796875 0.0328125 0.0328125
