0 0.05859375 0.04609375 0.03515625 0.0375
0 0.015625 0.03828125 0.02734375 0.0328125
0 0.01171875 0.0765625 0.0234375 0.03515625
0 0.025 0.1203125 0.03125 0.0296875
0 0.16015625 0.04296875 0.03125 0.02734375
0 0.20234375 0.04296875 0.0484375 0.02734375
0 0.14453125 0.0203125 0.0390625 0.0171875
0 0.0546875 0.1203125 0.04296875 0.0375
0 0.13203125 0.18671875 0.053125 0.0328125
0 0.2375 0.2078125 0.0328125 0.040625
0 0.196875 0.23515625 0.03515625 0.040625
0 0.0640625 0.2515625 0.04296875 0.03515625
0 0.29765625 0.17265625 0.0453125 0.0453125
0 0.3625 0.20703125 0.040625 0.04296875
0 0.4078125 0.17109375 0.0546875 0.0328125
0 0.5078125 0.175 0.0390625 0.040625
0 0.49140625 0.1109375 0.0640625 0.046875
0 0.55078125 0.08984375 0.05078125 0.05078125
0 0.59296875 0.05390625 0.0453125 0.0453125
0 0.6796875 0.0359375 0.03515625 0.0296875
0 0.4546875 0.221875 0.04296875 0.0328125
0 0.415625 0.2375 0.0390625 0.040625
0 0.71796875 0.12421875 0.040625 0.0375
0 0.66796875 0.1203125 0.03125 0.0328125
0 0.81953125 0.08125 0.0375 0.0328125
0 0.85234375 0.0625 0.0375 0.02734375
0 0.7453125 0.01953125 0.040625 0.03125
0 0.971875 0.05625 0.0328125 0.02734375
0 0.96484375 0.13359375 0.03125 0.0328125
0 0.9140625 0.209375 0.05078125 0.0390625
0 0.84765625 0.26953125 0.0390625 0.03515625
0 0.95390625 0.2515625 0.0453125 0.03515625
0 0.96875 0.2921875 0.0390625 0.040625
0 0.8734375 0.334375 0.0390625 0.04296875
0 0.8375 0.3578125 0.03515625 0.03515625
0 0.76640625 0.38671875 0.0484375 0.03125
0 0.765625 0.4203125 0.046875 0.046875
0 0.7421875 0.31328125 0.0390625 0.0375
0 0.659375 0.403125 0.0328125 0.021875
0 0.66328125 0.4359375 0.0328125 0.03515625
0 0.6265625 0.45 0.03515625 0.040625
0 0.67890625 0.36640625 0.0453125 0.0328125
0 0.509375 0.38984375 0.03125 0.0328125
0 0.5578125 0.38984375 0.0328125 0.0375
0 0.4703125 0.39453125 0.04296875 0.03515625
0 0.425 0.4109375 0.0375 0.0328125
0 0.24140625 0.29296875 0.025 0.02734375
0 0.23515625 0.3703125 0.0375 0.0328125
0 0.08671875 0.4984375 0.0375 0.0234375
0 0.0546875 0.49609375 0.03515625 0.02734375
0 0.028125 0.46171875 0.0375 0.0296875
0 0.1375 0.4078125 0.025 0.03125
0 0.134375 0.4421875 0.02734375 0.0375
0 0.2234375 0.5296875 0.040625 0.03125
0 0.278125 0.521875 0.0296875 0.02734375
0 0.30859375 0.5078125 0.03125 0.02734375
0 0.43828125 0.4703125 0.0328125 0.03125
0 0.5578125 0.503125 0.040625 0.021875
0 0.534375 0.5375 0.0328125 0.04296875
0 0.4578125 0.6296875 0.0328125 0.0296875
0 0.43046875 0.653125 0.025 0.0296875
0 0.2515625 0.74140625 0.03125 0.040625
0 0.21171875 0.73046875 0.040625 0.04296875
0 0.1 0.796875 0.03515625 0.02734375
0 0.07421875 0.7140625 0.03125 0.0171875
0 0.134375 0.890625 0.03515625 0.0390625
0 0.0453125 0.9671875 0.03125 0.0234375
0 0.29296875 0.7515625 0.0390625 0.03125
0 0.46484375 0.7296875 0.03125 0.0328125
0 0.50390625 0.70390625 0.03515625 0.025
0 0.49921875 0.75625 0.053125 0.03125
0 0.6203125 0.68046875 0.0453125 0.0328125
0 0.7640625 0.621875 0.03515625 0.0296875
0 0.72265625 0.621875 0.0234375 0.025
0 0.80390625 0.60625 0.0328125 0.0328125
0 0.85234375 0.603125 0.040625 0.03125
0 0.89921875 0.628125 0.0328125 0.040625
0 0.93125 0.6375 0.0390625 0.0375
0 0.94453125 0.7296875 0.0296875 0.0296875
0 0.94140625 0.7625 0.03125 0.0328125
0 0.92578125 0.796875 0.03515625 0.0390625
0 0.903125 0.8171875 0.0328125 0.0296875
0 0.88359375 0.8484375 0.0453125 0.0328125
0 0.82890625 0.803125 0.0484375 0.03515625
0 0.85546875 0.7734375 0.04296875 0.02734375
0 0.63203125 0.75625 0.040625 0.03125
0 0.675 0.72265625 0.0484375 0.04296875
0 0.7578125 0.853125 0.05859375 0.046875
0 0.67109375 0.8765625 0.05625 0.04296875
0 0.36796875 0.94375 0.0375 0.0390625
0 0.365625 0.4078125 0.0390625 0.0390625
0 0.3390625 0.4359375 0.0484375 0.04296875
0 0.5671875 0.9078125 0.0328125 0.0390625
0 0.5921875 0.971875 0.03515625 0.0375
0 0.68671875 0.9625 0.0375 0.03515625
0 0.665625 0.92109375 0.03125 0.0296875
0 0.63125 0.92578125 0.03515625 0.03125
0 0.74296875 0.94140625 0.0375 0.03125
0 0.7796875 0.9265625 0.0390625 0.0375
0 0.8875 0.92109375 0.021875 0.040625
0 0.91875 0.9078125 0.0375 0.03125
0 0.37578125 0.65546875 0.0328125 0.0296875
