0 0.2765625 0.01171875 0.05 0.0234375
0 0.30078125 0.01015625 0.0421875 0.0203125
0 0.24296875 0.01015625 0.0421875 0.0203125
0 0.2921875 0.00859375 0.04375 0.0171875
0 0.34140625 0.009375 0.0421875 0.01875
0 0.3078125 0.02421875 0.046875 0.040625
0 0.3375 0.0375 0.0421875 0.040625
0 0.390625 0.00703125 0.0375 0.0140625
0 0.3796875 0.0390625 0.0484375 0.0484375
0 0.4578125 0.0234375 0.04375 0.046875
0 0.46171875 0.00859375 0.0359375 0.0171875
0 0.49296875 0.0078125 0.0296875 0.015625
0 0.51640625 0.00703125 0.0359375 0.0140625
0 0.5359375 0.00703125 0.034375 0.0140625
0 0.50703125 0.01015625 0.0359375 0.0203125
0 0.4578125 0.08203125 0.0375 0.034375
0 0.48984375 0.0984375 0.0375 0.034375
0 0.50546875 0.06484375 0.0390625 0.0375
0 0.53125 0.071875 0.0390625 0.0359375
0 0.57421875 0.09609375 0.0421875 0.0484375
0 0.65859375 0.1328125 0.03125 0.03125
0 0.63046875 0.1625 0.0375 0.034375
0 0.675 0.18984375 0.040625 0.040625
0 0.69921875 0.21328125 0.0390625 0.0375
0 0.72890625 0.2265625 0.040625 0.040625
0 0.721875 0.16328125 0.040625 0.0375
0 0.63984375 0.20859375 0.0328125 0.0265625
0 0.65859375 0.2375 0.034375 0.0328125
0 0.63671875 0.24375 0.0375 0.0328125
0 0.57265625 0.19609375 0.0375 0.040625
0 0.590625 0.25703125 0.046875 0.0390625
0 0.55078125 0.26015625 0.0375 0.0359375
0 0.5046875 0.21640625 0.0375 0.034375
0 0.39765625 0.22109375 0.040625 0.0375
0 0.36640625 0.22109375 0.0296875 0.03125
0 0.33671875 0.22109375 0.0359375 0.0359375
0 0.30703125 0.20390625 0.040625 0.0359375
0 0.259375 0.17265625 0.0453125 0.034375
0 0.171875 0.1453125 0.0421875 0.0375
0 0.15234375 0.11796875 0.0359375 0.03125
0 0.18125 0.17421875 0.0453125 0.040625
0 0.228125 0.2578125 0.04375 0.04375
0 0.16953125 0.26484375 0.046875 0.0390625
0 0.125 0.2890625 0.046875 0.04375
0 0.16953125 0.31015625 0.0484375 0.0484375
0 0.26796875 0.275 0.040625 0.0390625
0 0.29609375 0.2625 0.0453125 0.04375
0 0.3515625 0.26640625 0.0359375 0.0375
0 0.38515625 0.265625 0.0265625 0.0265625
0 0.4328125 0.2703125 0.0375 0.034375
0 0.153125 0.36015625 0.04375 0.0453125
0 0.25859375 0.440625 0.05 0.0484375
0 0.29375 0.44765625 0.0375 0.0390625
0 0.2171875 0.4609375 0.05625 0.059375
0 0.1796875 0.48671875 0.0484375 0.0484375
0 0.103125 0.47890625 0.0484375 0.0453125
0 0.07265625 0.478125 0.0453125 0.0453125
0 0.0546875 0.503125 0.0421875 0.0421875
0 0.0125 0.5015625 0.025 0.046875
0 0.0140625 0.53125 0.028125 0.03125
0 0.01171875 0.54375 0.0234375 0.04375
0 0.01484375 0.57421875 0.0296875 0.0453125
0 0.0390625 0.603125 0.046875 0.0421875
0 0.0671875 0.65546875 0.0484375 0.04375
0 0.0953125 0.63984375 0.046875 0.0421875
0 0.128125 0.65234375 0.0328125 0.03125
0 0.1671875 0.6796875 0.0296875 0.0265625
0 0.153125 0.7 0.0390625 0.0375
0 0.028125 0.67109375 0.034375 0.03125
0 0.05 0.6703125 0.0375 0.0390625
0 0.0359375 0.696875 0.0375 0.034375
0 0.01015625 0.70234375 0.0203125 0.0421875
0 0.0078125 0.6703125 0.015625 0.028125
0 0.009375 0.68203125 0.01875 0.0359375
0 0.13359375 0.82578125 0.0390625 0.0390625
0 0.1578125 0.81640625 0.0359375 0.0390625
0 0.1609375 0.75703125 0.0328125 0.0375
0 0.18125 0.825 0.0328125 0.03125
0 0.26484375 0.8078125 0.0390625 0.0390625
0 0.29140625 0.8109375 0.025 0.0265625
0 0.31171875 0.8109375 0.0265625 0.0265625
0 0.34375 0.809375 0.034375 0.0390625
0 0.37109375 0.79765625 0.0359375 0.0296875
0 0.496875 0.790625 0.0421875 0.040625
0 0.46328125 0.75546875 0.03125 0.0328125
0 0.34296875 0.94765625 0.0390625 0.0359375
0 0.3734375 0.97421875 0.0359375 0.028125
0 0.40078125 0.97421875 0.040625 0.040625
0 0.3328125 0.87890625 0.0421875 0.0421875
0 0.215625 0.63828125 0.0390625 0.0359375
0 0.2328125 0.65625 0.0328125 0.0265625
0 0.26875 0.65390625 0.04375 0.0421875
0 0.26171875 0.61171875 0.0359375 0.0296875
0 0.36171875 0.634375 0.040625 0.040625
0 0.35625 0.4109375 0.040625 0.0453125
0 0.41015625 0.39921875 0.0390625 0.0375
0 0.45 0.38671875 0.0421875 0.046875
0 0.540625 0.34140625 0.0453125 0.053125
0 0.5109375 0.2984375 0.0328125 0.03125
0 0.490625 0.315625 0.0453125 0.0390625
0 0.64296875 0.39296875 0.0390625 0.0359375
0 0.62578125 0.41171875 0.0390625 0.0296875
0 0.5875 0.41640625 0.040625 0.0359375
0 0.6578125 0.44765625 0.04375 0.0421875
0 0.6859375 0.43828125 0.0421875 0.0421875
0 0.56328125 0.53828125 0.05625 0.0515625
0 0.63203125 0.5203125 0.0484375 0.0421875
0 0.6703125 0.51484375 0.0375 0.034375
0 0.6625 0.55 0.0421875 0.0421875
0 0.62265625 0.56953125 0.034375 0.03125
0 0.59921875 0.57890625 0.0375 0.034375
0 0.50859375 0.60703125 0.0453125 0.0390625
0 0.4515625 0.6078125 0.05 0.046875
0 0.4328125 0.58046875 0.0359375 0.0390625
0 0.409375 0.56875 0.0375 0.0390625
0 0.3578125 0.58203125 0.040625 0.0390625
0 0.35 0.5515625 0.0359375 0.040625
0 0.3109375 0.503125 0.0328125 0.0265625
0 0.48984375 0.6984375 0.0375 0.0359375
0 0.53125 0.76640625 0.040625 0.0375
0 0.5953125 0.77734375 0.040625 0.0375
0 0.8015625 0.703125 0.046875 0.040625
0 0.825 0.69453125 0.0375 0.034375
0 0.84296875 0.66796875 0.0359375 0.0375
0 0.56796875 0.71328125 0.0359375 0.0328125
0 0.54765625 0.69609375 0.034375 0.0359375
0 0.68046875 0.753125 0.040625 0.0359375
0 0.82890625 0.6234375 0.0265625 0.0265625
0 0.815625 0.6375 0.0359375 0.0375
0 0.6234375 0.759375 0.0390625 0.034375
0 0.46640625 0.97890625 0.0421875 0.0421875
0 0.540625 0.93359375 0.0515625 0.05
0 0.6546875 0.94375 0.0453125 0.0484375
0 0.64921875 0.90078125 0.03125 0.0328125
0 0.78984375 0.45234375 0.03125 0.028125
0 0.80859375 0.4328125 0.04375 0.0390625
0 0.84375 0.4140625 0.0328125 0.0421875
0 0.89140625 0.4171875 0.059375 0.046875
0 0.9609375 0.44296875 0.0421875 0.040625
0 0.97890625 0.42421875 0.0421875 0.0453125
0 0.89921875 0.3015625 0.0609375 0.0578125
0 0.9375 0.33515625 0.0609375 0.059375
0 0.96875 0.29296875 0.0453125 0.0453125
0 0.990625 0.31875 0.01875 0.040625
0 0.984375 0.34296875 0.03125 0.0390625
0 0.77109375 0.16953125 0.0421875 0.0328125
0 0.853125 0.2453125 0.0515625 0.0453125
