0 0.0390625 0.01484375 0.05078125 0.0296875
0 0.04375 0.03984375 0.040625 0.0328125
0 0.01875 0.07890625 0.0296875 0.0375
0 0.025 0.109375 0.03515625 0.0390625
0 0.071875 0.07421875 0.0546875 0.046875
0 0.0625 0.12890625 0.03125 0.04296875
0 0.13125 0.03125 0.0390625 0.03515625
0 0.12890625 0.0921875 0.0390625 0.0390625
0 0.12421875 0.13125 0.025 0.0390625
0 0.11015625 0.18359375 0.0375 0.0625
0 0.0890625 0.14375 0.0375 0.0453125
0 0.178125 0.0328125 0.04296875 0.046875
0 0.2265625 0.0234375 0.05078125 0.046875
0 0.2421875 0.05546875 0.03515625 0.0328125
0 0.2453125 0.0875 0.0375 0.03515625
0 0.2 0.1015625 0.040625 0.04296875
0 0.171875 0.07734375 0.046875 0.05625
0 0.15625 0.13125 0.03515625 0.05078125
0 0.21796875 0.1375 0.040625 0.040625
0 0.2578125 0.1515625 0.046875 0.053125
0 0.2203125 0.1734375 0.03515625 0.0390625
0 0.1828125 0.165625 0.0328125 0.03125
0 0.165625 0.18828125 0.03515625 0.0453125
0 0.2328125 0.215625 0.0390625 0.0484375
0 0.19140625 0.23125 0.05078125 0.0484375
0 0.178125 0.26875 0.0390625 0.0296875
0 0.0140625 0.278125 0.02734375 0.0375
0 0.0625 0.32734375 0.04296875 0.0375
0 0.146875 0.30859375 0.04296875 0.046875
0 0.12109375 0.3328125 0.03515625 0.040625
0 0.06953125 0.3578125 0.0375 0.03515625
0 0.03828125 0.37109375 0.0375 0.0546875
0 0.0296875 0.428125 0.02734375 0.046875
0 0.15703125 0.353125 0.0296875 0.0390625
0 0.12421875 0.3640625 0.0328125 0.0453125
0 0.134375 0.4046875 0.03515625 0.046875
0 0.1421875 0.44453125 0.02734375 0.0328125
0 0.13984375 0.4796875 0.0296875 0.0453125
0 0.10234375 0.3828125 0.0453125 0.0390625
0 0.06328125 0.396875 0.0328125 0.04296875
0 0.0578125 0.43828125 0.0375 0.0484375
0 0.1078125 0.4421875 0.05078125 0.0640625
0 0.07890625 0.4875 0.0375 0.0484375
0 0.04296875 0.4890625 0.0390625 0.040625
0 0.01171875 0.50703125 0.0234375 0.06875
0 0.1046875 0.5359375 0.0453125 0.040625
0 0.0703125 0.52734375 0.0390625 0.04296875
0 0.0328125 0.528125 0.03515625 0.0375
0 0.03828125 0.5546875 0.0328125 0.02734375
0 0.03515625 0.58203125 0.03125 0.03515625
0 0.0109375 0.60859375 0.021875 0.0453125
0 0.040625 0.6375 0.04296875 0.0484375
0 0.0734375 0.60625 0.053125 0.0375
0 0.0828125 0.5625 0.0375 0.03125
0 0.2796875 0.23828125 0.0546875 0.05078125
0 0.2484375 0.2703125 0.04296875 0.0453125
0 0.3 0.2796875 0.0484375 0.03515625
0 0.28828125 0.3140625 0.0453125 0.0390625
0 0.278125 0.3484375 0.0453125 0.0484375
0 0.225 0.340625 0.0546875 0.05625
0 0.19453125 0.371875 0.0484375 0.0484375
0 0.26171875 0.3765625 0.05078125 0.046875
0 0.2515625 0.41015625 0.0390625 0.05078125
0 0.26875 0.4453125 0.0375 0.04296875
0 0.2921875 0.46796875 0.0375 0.040625
0 0.275 0.49296875 0.0390625 0.0328125
0 0.21015625 0.4109375 0.0453125 0.0453125
0 0.190625 0.45390625 0.0484375 0.0484375
0 0.2296875 0.45625 0.040625 0.0453125
0 0.21015625 0.49375 0.0453125 0.04296875
0 0.171875 0.48828125 0.03515625 0.046875
0 0.17109375 0.521875 0.0296875 0.0390625
0 0.21484375 0.5328125 0.05078125 0.0546875
0 0.25390625 0.55390625 0.0390625 0.0484375
0 0.3140625 0.53828125 0.0390625 0.0484375
0 0.28203125 0.5140625 0.0375 0.04296875
0 0.2921875 0.58671875 0.0375 0.053125
0 0.25859375 0.58984375 0.0484375 0.0390625
0 0.2171875 0.57734375 0.05859375 0.0375
0 0.17265625 0.55078125 0.040625 0.0234375
0 0.17265625 0.578125 0.053125 0.03515625
0 0.17890625 0.6109375 0.0484375 0.046875
0 0.215625 0.6234375 0.0609375 0.05078125
0 0.1890625 0.66875 0.05078125 0.05625
0 0.24375 0.66484375 0.046875 0.0328125
0 0.2765625 0.646875 0.040625 0.046875
0 0.0921875 0.6453125 0.05078125 0.0375
0 0.09296875 0.6765625 0.0296875 0.0375
0 0.13671875 0.7265625 0.0546875 0.05078125
0 0.10625 0.7203125 0.0375 0.03515625
0 0.05390625 0.7390625 0.05625 0.0609375
0 0.02265625 0.740625 0.0375 0.046875
0 0.01875 0.7875 0.0375 0.04296875
0 0.15546875 0.75078125 0.0296875 0.0453125
0 0.090625 0.78984375 0.0484375 0.053125
0 0.0515625 0.80625 0.0484375 0.0546875
0 0.0234375 0.8328125 0.0390625 0.0375
0 0.0203125 0.853125 0.040625 0.03515625
0 0.0703125 0.871875 0.0390625 0.0375
0 0.1265625 0.79375 0.0390625 0.040625
0 0.12109375 0.82734375 0.05078125 0.0375
0 0.0875 0.83203125 0.03515625 0.0390625
0 0.134375 0.8640625 0.03515625 0.0453125
0 0.1265625 0.9078125 0.02734375 0.04296875
0 0.084375 0.9125 0.046875 0.03515625
0 0.0421875 0.8921875 0.0375 0.03125
0 0.04375 0.9265625 0.0453125 0.0328125
0 0.015625 0.89140625 0.03125 0.040625
0 0.0125 0.93046875 0.025 0.0484375
0 0.025 0.98125 0.046875 0.0328125
0 0.059375 0.96484375 0.0609375 0.0546875
0 0.1015625 0.9796875 0.03125 0.0375
0 0.1875 0.753125 0.0390625 0.0453125
0 0.18046875 0.78203125 0.0296875 0.0375
0 0.2234375 0.78515625 0.05625 0.0625
0 0.278125 0.771875 0.0375 0.0546875
0 0.25 0.83671875 0.046875 0.0453125
0 0.21015625 0.83984375 0.0484375 0.05078125
0 0.1703125 0.81953125 0.03515625 0.0609375
0 0.21015625 0.884375 0.0328125 0.04296875
0 0.1703125 0.8875 0.0390625 0.05625
0 0.253125 0.884375 0.040625 0.046875
0 0.19609375 0.9296875 0.053125 0.04296875
0 0.17265625 0.971875 0.0453125 0.0484375
0 0.2171875 0.9671875 0.03515625 0.03515625
0 0.26484375 0.9578125 0.0328125 0.0609375
0 0.378125 0.6390625 0.0296875 0.04296875
0 0.3390625 0.63984375 0.0328125 0.0453125
0 0.3625 0.6765625 0.0375 0.0296875
0 0.35546875 0.7234375 0.046875 0.0453125
0 0.32109375 0.7203125 0.0375 0.046875
0 0.390625 0.7515625 0.0390625 0.04296875
0 0.4171875 0.7453125 0.0328125 0.0375
0 0.390625 0.71015625 0.03125 0.040625
0 0.33984375 0.76484375 0.046875 0.040625
0 0.321875 0.79375 0.0390625 0.0453125
0 0.43671875 0.778125 0.0328125 0.0453125
0 0.38984375 0.8 0.0609375 0.0375
0 0.38671875 0.8390625 0.05078125 0.040625
0 0.34375 0.8359375 0.04296875 0.0546875
0 0.3171875 0.865625 0.0296875 0.03125
0 0.33515625 0.89140625 0.0375 0.0296875
0 0.34296875 0.9234375 0.05625 0.046875
0 0.31953125 0.95 0.0328125 0.0375
0 0.31328125 0.984375 0.0375 0.02734375
0 0.3515625 0.96796875 0.03125 0.0453125
0 0.3859375 0.975 0.0296875 0.03515625
0 0.39453125 0.940625 0.03125 0.0296875
0 0.41484375 0.88203125 0.0328125 0.0453125
0 0.378125 0.89765625 0.0328125 0.0484375
0 0.475 0.7890625 0.03125 0.05078125
0 0.5171875 0.7921875 0.04296875 0.0453125
0 0.515625 0.8328125 0.0390625 0.040625
0 0.46796875 0.840625 0.0375 0.0453125
0 0.49375 0.85859375 0.03515625 0.0296875
0 0.5234375 0.88125 0.0390625 0.03515625
0 0.4828125 0.88984375 0.046875 0.0328125
0 0.51171875 0.91875 0.046875 0.0375
0 0.4890625 0.9515625 0.0375 0.0390625
0 0.49140625 0.9828125 0.040625 0.03125
0 0.453125 0.95625 0.03515625 0.0484375
0 0.45234375 0.915625 0.0484375 0.05078125
0 0.7078125 0.81171875 0.053125 0.053125
0 0.7515625 0.840625 0.0546875 0.0609375
0 0.71171875 0.8546875 0.040625 0.0328125
0 0.703125 0.88671875 0.05078125 0.0390625
0 0.6296875 0.86796875 0.0765625 0.0375
0 0.6703125 0.91796875 0.05078125 0.046875
0 0.63671875 0.89765625 0.0390625 0.021875
0 0.61875 0.92578125 0.05078125 0.04296875
0 0.59375 0.96953125 0.046875 0.053125
0 0.64375 0.9671875 0.0609375 0.03515625
0 0.7140625 0.97734375 0.0453125 0.040625
0 0.678125 0.9859375 0.02734375 0.0234375
0 0.6109375 0.81328125 0.03515625 0.0484375
0 0.6640625 0.78125 0.0390625 0.0390625
0 0.58203125 0.7703125 0.03515625 0.05625
0 0.6125 0.7484375 0.0296875 0.03125
0 0.63125 0.77265625 0.02734375 0.0328125
0 0.6953125 0.7515625 0.0390625 0.04296875
0 0.675 0.73125 0.040625 0.040625
0 0.6984375 0.7109375 0.0328125 0.04296875
0 0.725 0.69921875 0.0390625 0.05078125
0 0.58125 0.6859375 0.0484375 0.05859375
0 0.590625 0.728125 0.0453125 0.04296875
0 0.62109375 0.70234375 0.04296875 0.040625
0 0.590625 0.59453125 0.0453125 0.053125
0 0.6234375 0.60234375 0.04296875 0.0484375
0 0.5875 0.634375 0.03515625 0.04296875
0 0.625 0.653125 0.04296875 0.0609375
0 0.65546875 0.6640625 0.025 0.02734375
0 0.67265625 0.690625 0.040625 0.0453125
0 0.7234375 0.596875 0.0453125 0.0453125
0 0.67578125 0.6265625 0.03515625 0.05078125
0 0.70703125 0.659375 0.04296875 0.0453125
0 0.7125 0.5609375 0.05078125 0.046875
0 0.65625 0.571875 0.05078125 0.03515625
0 0.68046875 0.5375 0.053125 0.0625
0 0.51640625 0.4859375 0.040625 0.03125
0 0.5046875 0.50703125 0.0453125 0.040625
0 0.50390625 0.55390625 0.0625 0.0453125
0 0.4265625 0.54765625 0.0453125 0.0484375
0 0.45625 0.57421875 0.0484375 0.0390625
0 0.440625 0.61796875 0.0375 0.05625
0 0.5078125 0.6015625 0.0390625 0.03515625
0 0.47734375 0.603125 0.0484375 0.05078125
0 0.5078125 0.64765625 0.04296875 0.040625
0 0.4625 0.646875 0.046875 0.0390625
0 0.47734375 0.67890625 0.0453125 0.0484375
0 0.46796875 0.71171875 0.0453125 0.040625
0 0.51875 0.68046875 0.0453125 0.040625
0 0.37109375 0.525 0.05078125 0.0390625
0 0.4015625 0.50703125 0.040625 0.0375
0 0.378125 0.4671875 0.0453125 0.04296875
0 0.4328125 0.45625 0.053125 0.053125
0 0.36796875 0.41328125 0.040625 0.0328125
0 0.3765625 0.38359375 0.04296875 0.0375
0 0.41484375 0.3875 0.0328125 0.0375
0 0.4421875 0.396875 0.040625 0.03515625
0 0.484375 0.3921875 0.04296875 0.03515625
0 0.50703125 0.36640625 0.0375 0.0328125
0 0.509375 0.3328125 0.03515625 0.0375
0 0.48515625 0.340625 0.0453125 0.0453125
0 0.45625 0.33125 0.0328125 0.040625
0 0.41484375 0.346875 0.0484375 0.053125
0 0.3703125 0.33984375 0.0375 0.0546875
0 0.3796875 0.29375 0.0328125 0.0453125
0 0.4125 0.3 0.0390625 0.0328125
0 0.5078125 0.271875 0.0546875 0.05859375
0 0.4484375 0.2796875 0.0453125 0.03515625
0 0.4625 0.2484375 0.04296875 0.04296875
0 0.38671875 0.246875 0.0390625 0.040625
0 0.421875 0.259375 0.046875 0.04296875
0 0.4890625 0.2140625 0.0640625 0.0640625
0 0.546875 0.19609375 0.04296875 0.0609375
0 0.471875 0.153125 0.0484375 0.0453125
0 0.4296875 0.2015625 0.0625 0.05078125
0 0.38671875 0.2046875 0.03125 0.0390625
0 0.4359375 0.1484375 0.03515625 0.04296875
0 0.45234375 0.1140625 0.0375 0.0375
0 0.384375 0.134375 0.0390625 0.0390625
0 0.34296875 0.14921875 0.040625 0.0375
0 0.3484375 0.1171875 0.040625 0.0390625
0 0.3765625 0.08515625 0.03515625 0.0453125
0 0.36015625 0.0578125 0.0375 0.0453125
0 0.3859375 0.0421875 0.0328125 0.0375
0 0.42890625 0.03203125 0.0296875 0.0296875
0 0.3875 0.02265625 0.0453125 0.0328125
0 0.5296875 0.01875 0.03125 0.0296875
0 0.5015625 0.02421875 0.02734375 0.0375
0 0.59375 0.0265625 0.03125 0.0484375
0 0.56953125 0.0703125 0.0296875 0.04296875
0 0.5890625 0.1140625 0.040625 0.040625
0 0.634375 0.09765625 0.03515625 0.0546875
0 0.6046875 0.0703125 0.040625 0.04296875
0 0.62890625 0.034375 0.03125 0.0453125
0 0.6578125 0.02265625 0.046875 0.040625
0 0.690625 0.1203125 0.0453125 0.0484375
0 0.6453125 0.12421875 0.0375 0.0453125
0 0.6484375 0.175 0.046875 0.040625
0 0.68671875 0.196875 0.040625 0.05078125
0 0.66875 0.225 0.0328125 0.046875
0 0.609375 0.1953125 0.0390625 0.0390625
0 0.62890625 0.22734375 0.03125 0.040625
0 0.6109375 0.26484375 0.05078125 0.053125
0 0.6625 0.2703125 0.05078125 0.0640625
0 0.6484375 0.32421875 0.04296875 0.0390625
0 0.61015625 0.31953125 0.0453125 0.053125
0 0.5828125 0.278125 0.0328125 0.0328125
0 0.56640625 0.328125 0.03515625 0.05078125
0 0.5609375 0.375 0.03515625 0.046875
0 0.6734375 0.34765625 0.03515625 0.04296875
0 0.66484375 0.3859375 0.0375 0.0453125
0 0.65625 0.43046875 0.03125 0.040625
0 0.6078125 0.403125 0.06640625 0.06875
0 0.61328125 0.36875 0.05078125 0.05859375
0 0.6171875 0.45234375 0.04296875 0.040625
0 0.58515625 0.47265625 0.040625 0.03515625
0 0.6015625 0.50625 0.046875 0.046875
0 0.76640625 0.0328125 0.0296875 0.02734375
0 0.78125 0.0609375 0.0390625 0.0546875
0 0.83203125 0.04375 0.046875 0.0453125
0 0.81953125 0.103125 0.0375 0.0390625
0 0.78046875 0.121875 0.0484375 0.0484375
0 0.790625 0.15625 0.04296875 0.04296875
0 0.875 0.178125 0.04296875 0.03125
0 0.821875 0.1984375 0.0390625 0.0375
0 0.82421875 0.24140625 0.03125 0.0296875
0 0.86796875 0.25 0.0328125 0.04296875
0 0.86796875 0.28984375 0.040625 0.0484375
0 0.92109375 0.25625 0.0375 0.04296875
0 0.8125 0.26640625 0.05078125 0.05625
0 0.76953125 0.2265625 0.03125 0.02734375
0 0.77734375 0.27734375 0.0390625 0.0390625
0 0.7359375 0.29296875 0.02734375 0.03515625
0 0.7546875 0.32421875 0.0453125 0.0390625
0 0.803125 0.3203125 0.0546875 0.05859375
0 0.796875 0.35625 0.04296875 0.0453125
0 0.7515625 0.36015625 0.04296875 0.040625
0 0.7203125 0.3671875 0.0390625 0.046875
0 0.71875 0.42265625 0.046875 0.040625
0 0.72734375 0.4703125 0.0375 0.04296875
0 0.809375 0.3984375 0.0484375 0.0390625
0 0.76875 0.4140625 0.0484375 0.0546875
0 0.7703125 0.4578125 0.0484375 0.05625
0 0.8234375 0.453125 0.040625 0.0546875
0 0.778125 0.4921875 0.0640625 0.046875
0 0.76640625 0.53515625 0.071875 0.0390625
0 0.8546875 0.38125 0.0375 0.0390625
0 0.83671875 0.321875 0.0484375 0.0625
0 0.76953125 0.5859375 0.04296875 0.04296875
0 0.76875 0.62578125 0.0453125 0.0375
0 0.74921875 0.66328125 0.025 0.0375
0 0.7859375 0.66875 0.05625 0.0609375
0 0.8203125 0.61875 0.04296875 0.04296875
0 0.84453125 0.6546875 0.053125 0.05078125
0 0.81875 0.70390625 0.046875 0.053125
0 0.77421875 0.73828125 0.040625 0.0546875
0 0.83671875 0.74140625 0.0453125 0.0453125
0 0.83125 0.7875 0.0453125 0.04296875
0 0.79375 0.7890625 0.0328125 0.046875
0 0.82109375 0.82421875 0.0453125 0.04296875
0 0.815625 0.925 0.0640625 0.053125
0 0.765625 0.94609375 0.05078125 0.0453125
0 0.825 0.97734375 0.0484375 0.040625
0 0.9046875 0.8515625 0.04296875 0.03515625
0 0.95234375 0.88203125 0.0453125 0.0296875
0 0.953125 0.915625 0.0390625 0.03125
0 0.909375 0.92109375 0.040625 0.0375
0 0.9015625 0.890625 0.040625 0.0390625
0 0.94375 0.79609375 0.04296875 0.0296875
