0 0.03984375 0.121875 0.0453125 0.0328125
0 0.0453125 0.090625 0.03515625 0.021875
0 0.10234375 0.125 0.0484375 0.02734375
0 0.1453125 0.1109375 0.0453125 0.02734375
0 0.1296875 0.15546875 0.0328125 0.0375
0 0.1609375 0.14765625 0.0375 0.025
0 0.1953125 0.13359375 0.04296875 0.0296875
0 0.190625 0.08671875 0.0375 0.0296875
0 0.26484375 0.09453125 0.0328125 0.0328125
0 0.24609375 0.05078125 0.0390625 0.03515625
0 0.2953125 0.05 0.03515625 0.040625
0 0.271875 0.0203125 0.03125 0.025
0 0.31953125 0.0234375 0.0328125 0.01953125
0 0.2875 0.1359375 0.03515625 0.0375
0 0.32109375 0.1078125 0.0328125 0.03515625
0 0.321875 0.14453125 0.03125 0.04296875
0 0.35078125 0.10859375 0.0296875 0.0328125
0 0.4046875 0.10625 0.046875 0.0296875
0 0.3953125 0.146875 0.053125 0.03125
0 0.48359375 0.1078125 0.0453125 0.03515625
0 0.465625 0.14765625 0.0484375 0.040625
0 0.56328125 0.10859375 0.0453125 0.0328125
0 0.6015625 0.09453125 0.03125 0.0296875
0 0.521875 0.1453125 0.02734375 0.040625
0 0.559375 0.165625 0.0328125 0.0546875
0 0.5921875 0.165625 0.03515625 0.03515625
0 0.64453125 0.1421875 0.03515625 0.03515625
0 0.675 0.11640625 0.0375 0.0296875
0 0.74375 0.1140625 0.04296875 0.0484375
0 0.7796875 0.1578125 0.03515625 0.03515625
0 0.825 0.16484375 0.0453125 0.0375
0 0.8359375 0.11640625 0.04296875 0.0375
0 0.87890625 0.12578125 0.04296875 0.0375
0 0.87890625 0.15703125 0.02734375 0.040625
0 0.9390625 0.1359375 0.04296875 0.040625
0 0.91015625 0.16015625 0.0390625 0.04296875
0 0.95 0.19140625 0.0375 0.04296875
0 0.97265625 0.17265625 0.03125 0.025
0 0.9140625 0.23359375 0.03515625 0.025
0 0.896875 0.25390625 0.0390625 0.0390625
0 0.871875 0.2828125 0.0484375 0.04296875
0 0.834375 0.30625 0.046875 0.046875
0 0.8125 0.253125 0.04296875 0.0375
0 0.75 0.35546875 0.046875 0.03125
0 0.7875 0.37421875 0.02734375 0.040625
0 0.80859375 0.4203125 0.0390625 0.0390625
0 0.85859375 0.425 0.053125 0.0375
0 0.86328125 0.4625 0.03515625 0.03125
0 0.89453125 0.478125 0.03515625 0.03515625
0 0.959375 0.465625 0.04296875 0.0296875
0 0.9796875 0.44375 0.0375 0.02734375
0 0.98515625 0.415625 0.025 0.03515625
0 0.646875 0.36640625 0.03515625 0.0296875
0 0.61640625 0.38359375 0.0375 0.040625
0 0.53828125 0.1984375 0.0328125 0.0296875
0 0.5109375 0.18046875 0.040625 0.0328125
0 0.47578125 0.18046875 0.0328125 0.0296875
0 0.51484375 0.2109375 0.0453125 0.02734375
0 0.478125 0.2421875 0.05078125 0.03515625
0 0.4328125 0.26875 0.040625 0.0328125
0 0.390625 0.23515625 0.03515625 0.0296875
0 0.4671875 0.3375 0.0390625 0.02734375
0 0.42578125 0.315625 0.0390625 0.021875
0 0.4171875 0.3421875 0.0328125 0.0234375
0 0.475 0.38125 0.046875 0.03515625
0 0.53828125 0.3859375 0.040625 0.0296875
0 0.57734375 0.3734375 0.0453125 0.03515625
0 0.5859375 0.346875 0.0546875 0.0484375
0 0.35859375 0.2921875 0.0484375 0.040625
0 0.359375 0.32421875 0.03515625 0.0234375
0 0.30390625 0.33984375 0.0453125 0.02734375
0 0.30390625 0.29609375 0.0453125 0.025
0 0.26171875 0.3125 0.046875 0.0234375
0 0.22734375 0.31640625 0.040625 0.0390625
0 0.246875 0.35546875 0.0375 0.03125
0 0.2765625 0.34765625 0.0375 0.02734375
0 0.18828125 0.28984375 0.0375 0.025
0 0.19140625 0.31171875 0.03515625 0.021875
0 0.159375 0.3390625 0.040625 0.040625
0 0.1390625 0.3046875 0.04296875 0.02734375
0 0.11640625 0.3453125 0.05625 0.03125
0 0.0703125 0.33984375 0.02734375 0.01953125
0 0.05390625 0.315625 0.0453125 0.025
0 0.0203125 0.303125 0.040625 0.02734375
0 0.01875 0.24296875 0.0296875 0.025
0 0.02734375 0.1828125 0.05078125 0.0484375
0 0.21171875 0.37109375 0.0328125 0.03515625
0 0.2046875 0.4 0.0546875 0.0390625
0 0.14921875 0.4 0.0328125 0.03515625
0 0.10625 0.434375 0.0484375 0.0328125
0 0.0796875 0.4640625 0.04296875 0.0296875
0 0.11796875 0.47734375 0.040625 0.0375
0 0.0453125 0.4921875 0.046875 0.03515625
0 0.109375 0.5296875 0.03515625 0.0234375
0 0.1390625 0.546875 0.03515625 0.02734375
0 0.1671875 0.5625 0.040625 0.02734375
0 0.246875 0.55 0.040625 0.0375
0 0.2875 0.525 0.04296875 0.0234375
0 0.284375 0.54765625 0.0375 0.025
0 0.2765625 0.5765625 0.0328125 0.03125
0 0.3125 0.55546875 0.05078125 0.0375
0 0.35 0.48515625 0.05078125 0.0296875
0 0.37890625 0.4515625 0.04296875 0.03125
0 0.46015625 0.44921875 0.0375 0.03515625
0 0.403125 0.49296875 0.0375 0.0328125
0 0.3703125 0.51171875 0.0328125 0.02734375
0 0.353125 0.5703125 0.03125 0.03125
0 0.32421875 0.584375 0.0390625 0.03515625
0 0.35546875 0.603125 0.0390625 0.02734375
0 0.38203125 0.6171875 0.0328125 0.0234375
0 0.3875 0.5890625 0.0328125 0.025
0 0.471875 0.6078125 0.040625 0.03515625
0 0.4 0.6328125 0.03515625 0.02734375
0 0.45703125 0.6625 0.0546875 0.0390625
0 0.50390625 0.60546875 0.03125 0.03515625
0 0.5296875 0.62890625 0.0390625 0.03125
0 0.5515625 0.5984375 0.0296875 0.021875
0 0.578125 0.5796875 0.046875 0.03515625
0 0.5765625 0.5109375 0.02734375 0.0453125
0 0.63125 0.5375 0.03515625 0.03515625
0 0.67109375 0.47734375 0.0296875 0.0375
0 0.6375 0.46484375 0.0296875 0.02734375
0 0.8453125 0.5015625 0.02734375 0.03125
0 0.8890625 0.5078125 0.03125 0.0234375
0 0.878125 0.534375 0.040625 0.0375
0 0.86328125 0.56328125 0.02734375 0.0296875
0 0.84296875 0.5796875 0.0296875 0.04296875
0 0.78046875 0.65703125 0.025 0.0296875
0 0.98125 0.71953125 0.0296875 0.0453125
0 0.95390625 0.721875 0.0296875 0.0296875
0 0.896875 0.7640625 0.03515625 0.0234375
0 0.8546875 0.7328125 0.0328125 0.03515625
0 0.82890625 0.7171875 0.0296875 0.03125
0 0.7640625 0.7109375 0.03515625 0.02734375
0 0.74140625 0.7234375 0.0296875 0.025
0 0.70703125 0.66796875 0.04296875 0.02734375
0 0.7203125 0.68671875 0.03515625 0.0296875
0 0.7015625 0.709375 0.03125 0.03125
0 0.6484375 0.73046875 0.0390625 0.04296875
0 0.5828125 0.696875 0.0453125 0.02734375
0 0.59765625 0.6625 0.0390625 0.03515625
0 0.56640625 0.64453125 0.03515625 0.0390625
0 0.540625 0.66875 0.03125 0.040625
0 0.9921875 0.9078125 0.01171875 0.02734375
0 0.984375 0.93359375 0.02734375 0.02734375
0 0.95703125 0.9484375 0.03125 0.0328125
0 0.94453125 0.9765625 0.0296875 0.03125
0 0.8140625 0.790625 0.04296875 0.02734375
0 0.83203125 0.83671875 0.03125 0.040625
0 0.76484375 0.81953125 0.040625 0.021875
0 0.7390625 0.9078125 0.040625 0.0234375
0 0.71953125 0.8671875 0.0296875 0.02734375
0 0.66875 0.96796875 0.0296875 0.0328125
0 0.60078125 0.97265625 0.0375 0.03125
0 0.546875 0.9703125 0.04296875 0.0390625
0 0.48515625 0.92578125 0.0375 0.03515625
0 0.5109375 0.9125 0.0453125 0.02734375
0 0.5765625 0.746875 0.04296875 0.0328125
0 0.61796875 0.7671875 0.040625 0.03515625
0 0.5890625 0.7984375 0.040625 0.03125
0 0.4859375 0.80625 0.0390625 0.03125
0 0.51640625 0.8359375 0.0484375 0.03515625
0 0.4828125 0.8375 0.03125 0.01953125
0 0.4515625 0.865625 0.03125 0.0234375
0 0.42109375 0.8703125 0.040625 0.021875
0 0.4046875 0.9140625 0.05078125 0.02734375
0 0.3703125 0.91484375 0.040625 0.021875
0 0.32890625 0.9015625 0.0296875 0.0296875
0 0.30390625 0.8765625 0.025 0.03125
0 0.3109375 0.8375 0.06640625 0.03515625
0 0.28046875 0.8578125 0.0296875 0.03125
0 0.41875 0.6796875 0.0375 0.02734375
0 0.4078125 0.71171875 0.046875 0.0296875
0 0.3703125 0.6765625 0.040625 0.0296875
0 0.3296875 0.7140625 0.0390625 0.0375
0 0.3609375 0.75078125 0.05078125 0.040625
0 0.29765625 0.7453125 0.0296875 0.021875
0 0.32109375 0.7609375 0.0375 0.025
0 0.3140625 0.78515625 0.04296875 0.03515625
0 0.284375 0.7640625 0.0375 0.03515625
0 0.23359375 0.79296875 0.0375 0.03515625
0 0.19921875 0.79375 0.05078125 0.0375
0 0.171875 0.81875 0.03515625 0.03515625
0 0.19375 0.8453125 0.04296875 0.0234375
0 0.23125 0.5890625 0.053125 0.0375
0 0.20390625 0.6125 0.0296875 0.0296875
0 0.17578125 0.609375 0.02734375 0.01953125
0 0.178125 0.6484375 0.04296875 0.03515625
0 0.1296875 0.64453125 0.0375 0.0390625
0 0.10234375 0.6625 0.0328125 0.0234375
0 0.0953125 0.684375 0.0390625 0.025
0 0.10078125 0.703125 0.0375 0.03515625
0 0.05859375 0.696875 0.02734375 0.02734375
0 0.0171875 0.73515625 0.02734375 0.0484375
0 0.046875 0.76171875 0.03515625 0.03515625
0 0.0703125 0.7359375 0.03515625 0.03125
0 0.090625 0.7765625 0.0296875 0.0328125
0 0.13125 0.7859375 0.04296875 0.0328125
0 0.11328125 0.84296875 0.0390625 0.025
0 0.1015625 0.9140625 0.04296875 0.03515625
0 0.075 0.9328125 0.0328125 0.0328125
0 0.040625 0.9046875 0.03125 0.03125
0 0.01640625 0.921875 0.0296875 0.02734375
0 0.034375 0.9640625 0.0328125 0.0296875
