0 0.1609375 0.14453125 0.0484375 0.0390625
0 0.17890625 0.10078125 0.0375 0.040625
0 0.21171875 0.10234375 0.0296875 0.0375
0 0.040625 0.2828125 0.05078125 0.03515625
0 0.09453125 0.29765625 0.040625 0.0296875
0 0.0765625 0.340625 0.0390625 0.0375
0 0.0578125 0.3859375 0.05625 0.0375
0 0.03046875 0.4234375 0.040625 0.03515625
0 0.06328125 0.4265625 0.0375 0.0296875
0 0.07890625 0.4578125 0.053125 0.0328125
0 0.0328125 0.5 0.046875 0.03515625
0 0.171875 0.378125 0.0703125 0.0453125
0 0.26953125 0.33125 0.03515625 0.040625
0 0.3109375 0.3109375 0.05078125 0.046875
0 0.38984375 0.23828125 0.053125 0.046875
0 0.33515625 0.365625 0.0609375 0.0625
0 0.3171875 0.453125 0.0375 0.05078125
0 0.30859375 0.5 0.0546875 0.04296875
0 0.26640625 0.5578125 0.0484375 0.0375
0 0.15234375 0.6140625 0.05078125 0.0484375
0 0.06953125 0.66796875 0.05625 0.02734375
0 0.22578125 0.675 0.0609375 0.040625
0 0.2140625 0.778125 0.053125 0.040625
0 0.19921875 0.8328125 0.046875 0.0375
0 0.065625 0.7078125 0.0328125 0.0296875
0 0.0234375 0.7265625 0.04296875 0.05078125
0 0.134375 0.88671875 0.046875 0.0390625
0 0.0703125 0.92265625 0.0625 0.040625
0 0.0234375 0.95 0.046875 0.0484375
0 0.378125 0.05625 0.0328125 0.04296875
0 0.328125 0.0515625 0.02734375 0.0296875
0 0.2984375 0.0734375 0.02734375 0.0375
0 0.27265625 0.13984375 0.0296875 0.0375
0 0.240625 0.1453125 0.03515625 0.0328125
0 0.4796875 0.1078125 0.0453125 0.0390625
0 0.4515625 0.1375 0.0546875 0.0453125
0 0.4859375 0.028125 0.05078125 0.0484375
