0 0.06640625 0.11328125 0.02734375 0.02734375
0 0.11015625 0.12421875 0.0296875 0.0296875
0 0.1 0.15546875 0.03515625 0.0328125
0 0.01484375 0.1640625 0.025 0.03125
0 0.0203125 0.2078125 0.0375 0.040625
0 0.09765625 0.07421875 0.03125 0.02734375
0 0.1578125 0.12421875 0.0234375 0.0296875
0 0.17578125 0.1109375 0.02734375 0.02734375
0 0.2109375 0.09453125 0.02734375 0.0296875
0 0.2390625 0.10078125 0.0296875 0.0296875
0 0.3375 0.08125 0.04296875 0.040625
0 0.375 0.07109375 0.0390625 0.0375
0 0.184375 0.06171875 0.0375 0.0296875
0 0.25390625 0.03828125 0.02734375 0.0296875
0 0.28125 0.03125 0.02734375 0.02734375
0 0.4734375 0.028125 0.0328125 0.0296875
0 0.4421875 0.0296875 0.0296875 0.0234375
0 0.47734375 0.0609375 0.0296875 0.03515625
0 0.428125 0.059375 0.0234375 0.025
0 0.53984375 0.02734375 0.0328125 0.02734375
0 0.440625 0.134375 0.0328125 0.03125
0 0.425 0.1578125 0.0296875 0.03515625
0 0.4015625 0.2046875 0.0328125 0.03515625
0 0.38203125 0.15234375 0.0328125 0.02734375
0 0.30390625 0.2125 0.040625 0.03515625
0 0.27421875 0.24375 0.0328125 0.03515625
0 0.284375 0.271875 0.040625 0.03515625
0 0.328125 0.25703125 0.04296875 0.040625
0 0.1578125 0.4015625 0.03515625 0.0375
0 0.1375 0.43046875 0.0328125 0.0375
0 0.184375 0.28984375 0.021875 0.0296875
0 0.1515625 0.31171875 0.0328125 0.0296875
0 0.10859375 0.37109375 0.025 0.03515625
0 0.0765625 0.42265625 0.03125 0.021875
0 0.0375 0.57734375 0.02734375 0.0375
0 0.01171875 0.596875 0.01953125 0.040625
0 0.09375 0.5390625 0.02734375 0.04296875
0 0.1578125 0.5 0.02734375 0.03515625
0 0.19921875 0.4921875 0.05078125 0.0390625
0 0.2953125 0.4546875 0.0390625 0.0390625
0 0.29375 0.40703125 0.0328125 0.0296875
0 0.3609375 0.44453125 0.03125 0.0328125
0 0.49140625 0.36328125 0.0375 0.03515625
0 0.52421875 0.33984375 0.0296875 0.02734375
0 0.45234375 0.3875 0.0296875 0.0296875
0 0.45 0.42109375 0.0328125 0.0328125
0 0.475 0.4453125 0.04296875 0.03515625
0 0.50390625 0.4265625 0.03515625 0.0328125
0 0.5265625 0.4078125 0.0453125 0.03515625
0 0.54375 0.30078125 0.025 0.02734375
0 0.5703125 0.2796875 0.03125 0.02734375
0 0.6046875 0.33125 0.0375 0.0296875
0 0.625 0.3 0.03515625 0.0296875
0 0.58515625 0.3671875 0.0375 0.02734375
0 0.66015625 0.2015625 0.02734375 0.03125
0 0.71484375 0.17890625 0.03125 0.0296875
0 0.74140625 0.14140625 0.0328125 0.0296875
0 0.725 0.1046875 0.0390625 0.0328125
0 0.8140625 0.096875 0.03125 0.040625
0 0.8375 0.0796875 0.03125 0.02734375
0 0.86640625 0.053125 0.0328125 0.03515625
0 0.85078125 0.034375 0.0375 0.0328125
0 0.815625 0.028125 0.0328125 0.0296875
0 0.78046875 0.2203125 0.0328125 0.03125
0 0.809375 0.23828125 0.0296875 0.03125
0 0.83515625 0.26171875 0.0328125 0.03515625
0 0.728125 0.29375 0.05078125 0.0375
0 0.6890625 0.303125 0.03125 0.03125
0 0.959375 0.171875 0.03125 0.03515625
0 0.940625 0.24921875 0.0453125 0.0296875
0 0.96953125 0.24921875 0.0375 0.0453125
0 0.90546875 0.334375 0.0296875 0.03515625
0 0.9375 0.2984375 0.03515625 0.04296875
0 0.42109375 0.50703125 0.0328125 0.0375
0 0.45234375 0.5 0.0375 0.0390625
0 0.36796875 0.5421875 0.0328125 0.040625
0 0.43046875 0.5609375 0.040625 0.0390625
0 0.3984375 0.57421875 0.0390625 0.03515625
0 0.37578125 0.6 0.0453125 0.046875
0 0.29296875 0.609375 0.03515625 0.03125
0 0.2640625 0.621875 0.03515625 0.0328125
0 0.3109375 0.65 0.03125 0.03125
0 0.1875 0.671875 0.0390625 0.0390625
0 0.24375 0.690625 0.03515625 0.0328125
0 0.21796875 0.7140625 0.0375 0.040625
0 0.1703125 0.77421875 0.0390625 0.0296875
0 0.16015625 0.80625 0.046875 0.03515625
0 0.0828125 0.8015625 0.0328125 0.0328125
0 0.09453125 0.76953125 0.0328125 0.03125
0 0.1375 0.8984375 0.0375 0.0234375
0 0.215625 0.8828125 0.0328125 0.0390625
0 0.18046875 0.8890625 0.0296875 0.03515625
0 0.18359375 0.83203125 0.03125 0.04296875
0 0.215625 0.825 0.025 0.0453125
0 0.2546875 0.8328125 0.025 0.040625
0 0.28125 0.80390625 0.03125 0.0453125
0 0.36875 0.7734375 0.04296875 0.02734375
0 0.328125 0.83984375 0.03125 0.0390625
0 0.3703125 0.82421875 0.0375 0.03125
0 0.4375 0.79375 0.0390625 0.025
0 0.45703125 0.7671875 0.02734375 0.02734375
0 0.47734375 0.7515625 0.0375 0.03125
0 0.50625 0.7203125 0.0390625 0.04296875
0 0.4921875 0.7859375 0.0390625 0.0375
0 0.5296875 0.76171875 0.0390625 0.0390625
0 0.57421875 0.65234375 0.02734375 0.0390625
0 0.60859375 0.6203125 0.0296875 0.025
0 0.590625 0.73359375 0.0328125 0.0328125
0 0.61796875 0.7046875 0.040625 0.03515625
0 0.65234375 0.67890625 0.02734375 0.0296875
0 0.67890625 0.60625 0.0296875 0.0296875
0 0.65546875 0.5953125 0.0375 0.03125
0 0.76640625 0.50625 0.0328125 0.0390625
0 0.6796875 0.51953125 0.02734375 0.01953125
0 0.71171875 0.4671875 0.0375 0.03125
0 0.75078125 0.446875 0.040625 0.046875
0 0.8078125 0.39140625 0.0296875 0.0328125
0 0.8578125 0.42109375 0.03515625 0.025
0 0.821875 0.44609375 0.0390625 0.0375
0 0.765625 0.5921875 0.0546875 0.03125
0 0.72734375 0.6421875 0.0453125 0.03515625
0 0.765625 0.6296875 0.04296875 0.0328125
0 0.93359375 0.5375 0.04296875 0.0390625
0 0.896875 0.5578125 0.0390625 0.040625
0 0.38203125 0.95703125 0.025 0.0390625
0 0.346875 0.95703125 0.040625 0.04296875
0 0.31640625 0.98125 0.03125 0.0328125
0 0.68125 0.9671875 0.0390625 0.03125
0 0.7703125 0.9015625 0.040625 0.0453125
0 0.83125 0.86875 0.0328125 0.0390625
0 0.91796875 0.81640625 0.0234375 0.03125
0 0.940625 0.7875 0.0328125 0.04296875
0 0.8359375 0.79765625 0.03515625 0.0328125
