0 0.046875 0.028125 0.05078125 0.040625
0 0.028125 0.0765625 0.0328125 0.03515625
0 0.025 0.109375 0.04296875 0.03515625
0 0.07421875 0.0765625 0.05078125 0.05078125
0 0.05625 0.12109375 0.04296875 0.0390625
0 0.090625 0.14921875 0.06875 0.0609375
0 0.0875 0.1046875 0.03515625 0.0296875
0 0.11328125 0.0875 0.03515625 0.03515625
0 0.12421875 0.040625 0.0453125 0.04296875
0 0.1859375 0.03046875 0.04296875 0.053125
0 0.221875 0.02421875 0.0484375 0.040625
0 0.234375 0.05625 0.0546875 0.0390625
0 0.2421875 0.08984375 0.05859375 0.04296875
0 0.1671875 0.0703125 0.0328125 0.0390625
0 0.19375 0.096875 0.04296875 0.040625
0 0.15 0.11875 0.03125 0.04296875
0 0.178125 0.1390625 0.0390625 0.0234375
0 0.21875 0.1359375 0.0390625 0.0328125
0 0.25859375 0.153125 0.0609375 0.0484375
0 0.21953125 0.17265625 0.0484375 0.0453125
0 0.18125 0.1625 0.05078125 0.0390625
0 0.16875 0.1875 0.0453125 0.03515625
0 0.190625 0.228125 0.0453125 0.0390625
0 0.24140625 0.2140625 0.0484375 0.0484375
0 0.15 0.31171875 0.04296875 0.040625
0 0.125 0.3296875 0.05078125 0.04296875
0 0.05859375 0.315625 0.04296875 0.040625
0 0.07421875 0.35546875 0.04296875 0.0390625
0 0.0375 0.37578125 0.04296875 0.05625
0 0.08203125 0.39453125 0.05859375 0.0390625
0 0.1375 0.4078125 0.0484375 0.0546875
0 0.1328125 0.4640625 0.03125 0.06875
0 0.10546875 0.45 0.04296875 0.0453125
0 0.06171875 0.44609375 0.05625 0.053125
0 0.03515625 0.41796875 0.04296875 0.0390625
0 0.08671875 0.48515625 0.0484375 0.0484375
0 0.0515625 0.4984375 0.053125 0.04296875
0 0.0859375 0.53203125 0.046875 0.0484375
0 0.0265625 0.52265625 0.0328125 0.0375
0 0.04375 0.5578125 0.0328125 0.0453125
0 0.0375 0.5828125 0.05078125 0.040625
0 0.015625 0.61015625 0.03125 0.0453125
0 0.04609375 0.640625 0.0484375 0.0546875
0 0.0703125 0.6046875 0.046875 0.05625
0 0.28046875 0.2390625 0.053125 0.0484375
0 0.24609375 0.26953125 0.05078125 0.046875
0 0.2921875 0.275 0.040625 0.0234375
0 0.290625 0.3125 0.05859375 0.0390625
0 0.28203125 0.35078125 0.0484375 0.0375
0 0.22265625 0.340625 0.05078125 0.0453125
0 0.1953125 0.365625 0.0390625 0.03515625
0 0.259375 0.3640625 0.04296875 0.0375
0 0.2515625 0.403125 0.046875 0.0375
0 0.203125 0.41328125 0.05078125 0.0375
0 0.18359375 0.45625 0.03515625 0.0328125
0 0.22734375 0.45390625 0.0453125 0.040625
0 0.26484375 0.4421875 0.040625 0.040625
0 0.28984375 0.46875 0.040625 0.0390625
0 0.2125 0.49296875 0.046875 0.0453125
0 0.175 0.484375 0.0375 0.04296875
0 0.1671875 0.528125 0.0375 0.053125
0 0.2125 0.5359375 0.05078125 0.0484375
0 0.2546875 0.5546875 0.0484375 0.05078125
0 0.309375 0.53984375 0.0328125 0.040625
0 0.284375 0.58515625 0.0375 0.0484375
0 0.24609375 0.6015625 0.03515625 0.04296875
0 0.21484375 0.57890625 0.04296875 0.0453125
0 0.171875 0.58125 0.04296875 0.0484375
0 0.17265625 0.63125 0.040625 0.04296875
0 0.20703125 0.6265625 0.0390625 0.05859375
0 0.2734375 0.65 0.03515625 0.05078125
0 0.234375 0.66796875 0.03515625 0.0390625
0 0.18046875 0.6734375 0.0484375 0.05078125
0 0.103125 0.66015625 0.046875 0.03515625
0 0.1 0.6859375 0.0546875 0.04296875
0 0.0171875 0.74140625 0.03125 0.0375
0 0.01640625 0.78515625 0.0296875 0.04296875
0 0.0578125 0.74140625 0.05625 0.06875
0 0.12890625 0.7328125 0.05078125 0.05859375
0 0.096875 0.7828125 0.0484375 0.0546875
0 0.11796875 0.80390625 0.040625 0.05625
0 0.0515625 0.796875 0.0375 0.0390625
0 0.0265625 0.83125 0.0453125 0.0328125
0 0.0625 0.8234375 0.04296875 0.0375
0 0.0765625 0.87578125 0.046875 0.0328125
0 0.08125 0.91328125 0.0484375 0.0328125
0 0.0140625 0.8890625 0.02734375 0.046875
0 0.01484375 0.9359375 0.0296875 0.046875
0 0.03984375 0.8921875 0.0296875 0.046875
0 0.04609375 0.928125 0.0484375 0.03125
0 0.06875 0.96875 0.07421875 0.04296875
0 0.0203125 0.98046875 0.0375 0.03125
0 0.271875 0.76953125 0.03515625 0.05078125
0 0.2296875 0.784375 0.06875 0.053125
0 0.1875 0.76484375 0.0390625 0.0609375
0 0.1734375 0.8203125 0.02734375 0.0546875
0 0.1375 0.85546875 0.0328125 0.04296875
0 0.12421875 0.9140625 0.0328125 0.03515625
0 0.2078125 0.8359375 0.0484375 0.05078125
0 0.25390625 0.834375 0.04296875 0.046875
0 0.16796875 0.890625 0.046875 0.0546875
0 0.2390625 0.9046875 0.040625 0.04296875
0 0.2109375 0.8796875 0.05078125 0.05625
0 0.1953125 0.92890625 0.0546875 0.0375
0 0.1671875 0.9734375 0.05625 0.0453125
0 0.2078125 0.965625 0.0484375 0.0375
0 0.2328125 0.94453125 0.046875 0.0453125
0 0.3796875 0.6375 0.0484375 0.05625
0 0.33515625 0.6421875 0.040625 0.046875
0 0.3609375 0.6796875 0.046875 0.05078125
0 0.3546875 0.72578125 0.0484375 0.0484375
0 0.315625 0.7109375 0.0375 0.05859375
0 0.3984375 0.753125 0.05078125 0.0609375
0 0.42578125 0.7859375 0.03515625 0.053125
0 0.37890625 0.8046875 0.05859375 0.04296875
0 0.346875 0.775 0.0484375 0.046875
0 0.31953125 0.796875 0.0296875 0.046875
0 0.3859375 0.83671875 0.0453125 0.0484375
0 0.33671875 0.8328125 0.0453125 0.0484375
0 0.3125 0.85625 0.0234375 0.0328125
0 0.41484375 0.8734375 0.0453125 0.04296875
0 0.33671875 0.91328125 0.053125 0.0484375
0 0.3109375 0.95 0.0390625 0.0375
0 0.346875 0.95625 0.053125 0.0375
0 0.3828125 0.97734375 0.05078125 0.040625
0 0.3890625 0.9359375 0.0390625 0.0390625
0 0.371875 0.89375 0.040625 0.053125
0 0.30859375 0.9796875 0.0546875 0.0375
0 0.48046875 0.7921875 0.0390625 0.0640625
0 0.525 0.7921875 0.046875 0.0609375
0 0.5125 0.834375 0.0328125 0.046875
0 0.471875 0.8359375 0.0375 0.05078125
0 0.5265625 0.8765625 0.040625 0.0390625
0 0.48359375 0.8796875 0.0484375 0.053125
0 0.459375 0.909375 0.0390625 0.040625
0 0.50859375 0.915625 0.053125 0.0390625
0 0.49375 0.94375 0.04296875 0.03515625
0 0.44609375 0.94609375 0.0453125 0.040625
0 0.490625 0.97734375 0.046875 0.0375
0 0.51171875 0.4796875 0.046875 0.040625
0 0.49921875 0.50703125 0.0453125 0.0375
0 0.49375 0.5515625 0.046875 0.053125
0 0.43046875 0.54296875 0.0328125 0.0546875
0 0.46171875 0.5703125 0.0484375 0.046875
0 0.509375 0.59765625 0.05859375 0.05078125
0 0.49921875 0.6421875 0.0375 0.05078125
0 0.4734375 0.60546875 0.0484375 0.05078125
0 0.43359375 0.61015625 0.02734375 0.0484375
0 0.45390625 0.65 0.040625 0.046875
0 0.4765625 0.675 0.03515625 0.053125
0 0.4671875 0.71875 0.046875 0.0625
0 0.46875 0.15546875 0.04296875 0.0609375
0 0.53984375 0.1953125 0.0375 0.046875
0 0.49296875 0.2140625 0.0328125 0.040625
0 0.46875 0.20703125 0.03125 0.03515625
0 0.4359375 0.19375 0.04296875 0.0390625
0 0.425 0.2375 0.0484375 0.0484375
0 0.4546875 0.24296875 0.04296875 0.0375
0 0.49609375 0.2625 0.046875 0.053125
0 0.45234375 0.2828125 0.05625 0.046875
0 0.46953125 0.33125 0.0484375 0.0453125
0 0.41484375 0.29296875 0.0453125 0.05078125
0 0.4140625 0.34296875 0.046875 0.053125
0 0.4109375 0.38984375 0.0296875 0.0375
0 0.44453125 0.40234375 0.0453125 0.04296875
0 0.3734375 0.37890625 0.0390625 0.03515625
0 0.36796875 0.415625 0.0453125 0.03515625
0 0.378125 0.4671875 0.0484375 0.0546875
0 0.4296875 0.44375 0.04296875 0.0546875
0 0.39921875 0.5015625 0.0484375 0.03515625
0 0.37109375 0.521875 0.0546875 0.0390625
0 0.3859375 0.2046875 0.0296875 0.02734375
0 0.3828125 0.25078125 0.03515625 0.0296875
0 0.37890625 0.2828125 0.0390625 0.03515625
0 0.3703125 0.334375 0.0328125 0.05078125
0 0.43125 0.14765625 0.02734375 0.0328125
0 0.35546875 0.1171875 0.046875 0.03515625
0 0.3765625 0.09765625 0.03515625 0.03515625
0 0.39921875 0.08125 0.040625 0.0296875
0 0.365625 0.05625 0.04296875 0.046875
0 0.37578125 0.03828125 0.0375 0.0375
0 0.421875 0.028125 0.04296875 0.0328125
0 0.509375 0.01484375 0.04296875 0.025
0 0.6 0.025 0.0390625 0.03515625
0 0.5765625 0.065625 0.04296875 0.040625
0 0.5875 0.11015625 0.05078125 0.040625
0 0.61640625 0.06328125 0.0328125 0.0328125
0 0.6640625 0.02265625 0.0546875 0.0453125
0 0.6890625 0.1203125 0.05078125 0.040625
0 0.6515625 0.134375 0.040625 0.03515625
0 0.61875 0.16328125 0.04296875 0.0328125
0 0.653125 0.18125 0.0484375 0.04296875
0 0.684375 0.190625 0.040625 0.0296875
0 0.678125 0.21796875 0.046875 0.0328125
0 0.6171875 0.1984375 0.0390625 0.0328125
0 0.6375 0.2296875 0.040625 0.0375
0 0.678125 0.28125 0.0390625 0.0390625
0 0.6484375 0.25625 0.0390625 0.03515625
0 0.61328125 0.25390625 0.046875 0.04296875
0 0.64921875 0.325 0.0484375 0.0453125
0 0.61640625 0.3265625 0.0375 0.0390625
0 0.58125 0.28984375 0.0296875 0.0328125
0 0.5765625 0.35859375 0.04296875 0.0328125
0 0.6078125 0.35859375 0.04296875 0.0375
0 0.60234375 0.3984375 0.05625 0.05078125
0 0.61015625 0.4515625 0.0328125 0.04296875
0 0.5921875 0.4671875 0.04296875 0.0390625
0 0.66875 0.53046875 0.053125 0.0484375
0 0.7078125 0.553125 0.0453125 0.046875
0 0.65 0.5640625 0.0390625 0.0390625
0 0.675 0.58125 0.0453125 0.0484375
0 0.71796875 0.58984375 0.040625 0.046875
0 0.67578125 0.621875 0.0390625 0.0453125
0 0.703125 0.65703125 0.0546875 0.053125
0 0.66875 0.67578125 0.0484375 0.0546875
0 0.66875 0.72265625 0.0453125 0.04296875
0 0.6890625 0.7515625 0.03515625 0.03515625
0 0.6609375 0.7703125 0.0484375 0.05625
0 0.6125 0.80390625 0.05625 0.053125
0 0.609375 0.74296875 0.05078125 0.0453125
0 0.6328125 0.70390625 0.0546875 0.053125
0 0.625 0.6546875 0.04296875 0.04296875
0 0.62890625 0.6078125 0.05078125 0.046875
0 0.5875 0.58671875 0.0390625 0.040625
0 0.59375 0.63671875 0.0390625 0.0390625
0 0.5796875 0.6765625 0.05078125 0.053125
0 0.584375 0.72578125 0.03515625 0.040625
0 0.58515625 0.77265625 0.040625 0.0375
0 0.70625 0.80859375 0.0796875 0.06640625
0 0.75078125 0.83671875 0.06875 0.0640625
0 0.709375 0.86796875 0.0625 0.053125
0 0.63203125 0.8640625 0.05625 0.040625
0 0.671875 0.9171875 0.0546875 0.040625
0 0.628125 0.9109375 0.0765625 0.0609375
0 0.596875 0.9640625 0.05625 0.0609375
0 0.6484375 0.96015625 0.0703125 0.0453125
0 0.703125 0.97734375 0.0625 0.040625
0 0.76640625 0.9484375 0.0484375 0.0453125
0 0.81875 0.9296875 0.0625 0.04296875
0 0.8296875 0.96953125 0.0625 0.0375
0 0.8203125 0.82421875 0.046875 0.046875
0 0.83203125 0.784375 0.0546875 0.0328125
0 0.7828125 0.7859375 0.04296875 0.040625
0 0.7765625 0.7484375 0.05625 0.06640625
0 0.834375 0.74375 0.0390625 0.04296875
0 0.828125 0.7125 0.046875 0.0390625
0 0.840625 0.6546875 0.040625 0.0390625
0 0.7859375 0.67109375 0.040625 0.0453125
0 0.82109375 0.61796875 0.040625 0.0375
0 0.7734375 0.5875 0.04296875 0.03515625
0 0.7578125 0.62578125 0.04296875 0.0328125
0 0.7484375 0.6578125 0.03515625 0.03125
0 0.7828125 0.49375 0.06640625 0.0546875
0 0.9125 0.84296875 0.0546875 0.040625
0 0.9546875 0.8734375 0.04296875 0.0390625
0 0.9171875 0.90703125 0.05625 0.040625
0 0.92265625 0.86875 0.040625 0.03515625
0 0.8171875 0.4484375 0.0453125 0.0484375
0 0.7203125 0.4578125 0.03125 0.0375
0 0.73359375 0.42265625 0.0453125 0.0453125
0 0.7703125 0.44921875 0.040625 0.03515625
0 0.76484375 0.39765625 0.053125 0.0453125
0 0.80078125 0.390625 0.0546875 0.03515625
0 0.803125 0.359375 0.05859375 0.05078125
0 0.753125 0.3390625 0.0453125 0.0609375
0 0.803125 0.3171875 0.05078125 0.0453125
0 0.765625 0.26171875 0.05078125 0.046875
0 0.87109375 0.2515625 0.03515625 0.02734375
0 0.8078125 0.26640625 0.0453125 0.040625
0 0.8171875 0.19921875 0.040625 0.046875
0 0.8265625 0.2375 0.03515625 0.0375
0 0.8734375 0.1734375 0.04296875 0.046875
0 0.78828125 0.1578125 0.0484375 0.04296875
0 0.778125 0.115625 0.040625 0.0390625
0 0.82421875 0.1015625 0.0390625 0.05078125
0 0.8609375 0.0796875 0.03515625 0.0390625
0 0.834375 0.0515625 0.0625 0.0609375
0 0.7890625 0.07109375 0.0390625 0.053125
0 0.76171875 0.021875 0.0390625 0.0390625
