0 0.029297 0.012695 0.031250 0.021484
0 0.011719 0.172852 0.019531 0.029297
0 0.024414 0.202148 0.025391 0.025391
0 0.038086 0.185547 0.025391 0.019531
0 0.043945 0.155273 0.029297 0.025391
0 0.081055 0.140625 0.021484 0.023438
0 0.100586 0.149414 0.025391 0.025391
0 0.138672 0.093750 0.027344 0.023438
0 0.153320 0.061523 0.021484 0.017578
0 0.175781 0.135742 0.027344 0.025391
0 0.213867 0.134766 0.033203 0.027344
0 0.286133 0.137695 0.033203 0.029297
0 0.291016 0.161133 0.031250 0.029297
0 0.337891 0.149414 0.027344 0.025391
0 0.333008 0.188477 0.029297 0.029297
0 0.299805 0.246094 0.025391 0.023438
0 0.432617 0.104492 0.033203 0.033203
0 0.227539 0.018555 0.033203 0.025391
0 0.041016 0.362305 0.031250 0.033203
0 0.063477 0.324219 0.021484 0.023438
0 0.123047 0.326172 0.027344 0.027344
0 0.152344 0.344727 0.027344 0.025391
0 0.099609 0.391602 0.035156 0.029297
0 0.082031 0.432617 0.019531 0.025391
0 0.051758 0.449219 0.029297 0.027344
0 0.018555 0.490234 0.029297 0.039062
0 0.150391 0.445312 0.035156 0.031250
0 0.208008 0.442383 0.037109 0.033203
0 0.276367 0.445312 0.025391 0.027344
0 0.336914 0.430664 0.021484 0.029297
0 0.377930 0.290039 0.029297 0.029297
0 0.419922 0.291992 0.035156 0.033203
0 0.451172 0.328125 0.031250 0.031250
0 0.422852 0.344727 0.029297 0.029297
0 0.408203 0.379883 0.031250 0.037109
0 0.450195 0.437500 0.037109 0.031250
0 0.472656 0.476562 0.039062 0.031250
0 0.531250 0.492188 0.031250 0.027344
0 0.571289 0.464844 0.021484 0.027344
0 0.565430 0.488281 0.029297 0.031250
0 0.586914 0.507812 0.029297 0.031250
0 0.517578 0.136719 0.039062 0.039062
0 0.552734 0.129883 0.039062 0.037109
0 0.522461 0.099609 0.037109 0.027344
0 0.579102 0.149414 0.041016 0.037109
0 0.611328 0.156250 0.027344 0.031250
0 0.641602 0.138672 0.025391 0.035156
0 0.670898 0.128906 0.029297 0.031250
0 0.663086 0.089844 0.025391 0.023438
0 0.742188 0.142578 0.027344 0.027344
0 0.775391 0.126953 0.023438 0.031250
0 0.811523 0.106445 0.029297 0.029297
0 0.847656 0.052734 0.023438 0.027344
0 0.816406 0.038086 0.027344 0.025391
0 0.856445 0.112305 0.025391 0.029297
0 0.887695 0.118164 0.029297 0.037109
0 0.943359 0.120117 0.023438 0.025391
0 0.672852 0.166016 0.025391 0.019531
0 0.673828 0.185547 0.027344 0.031250
0 0.650391 0.185547 0.027344 0.031250
0 0.633789 0.242188 0.029297 0.031250
0 0.782227 0.303711 0.025391 0.029297
0 0.822266 0.353516 0.023438 0.027344
0 0.735352 0.405273 0.037109 0.025391
0 0.683594 0.504883 0.031250 0.021484
0 0.709961 0.492188 0.033203 0.023438
0 0.717773 0.465820 0.029297 0.021484
0 0.763672 0.500977 0.027344 0.033203
0 0.791992 0.512695 0.021484 0.029297
0 0.809570 0.518555 0.021484 0.029297
0 0.827148 0.504883 0.029297 0.029297
0 0.857422 0.520508 0.023438 0.021484
0 0.887695 0.587891 0.029297 0.031250
0 0.902344 0.558594 0.023438 0.023438
0 0.933594 0.592773 0.031250 0.025391
0 0.966797 0.310547 0.031250 0.031250
0 0.968750 0.516602 0.035156 0.025391
0 0.987305 0.567383 0.025391 0.029297
0 0.540039 0.559570 0.044922 0.025391
0 0.534180 0.625977 0.033203 0.037109
0 0.116211 0.587891 0.025391 0.023438
0 0.030273 0.595703 0.025391 0.019531
0 0.011719 0.611328 0.019531 0.027344
0 0.015625 0.729492 0.023438 0.033203
0 0.046875 0.715820 0.027344 0.037109
0 0.112305 0.714844 0.029297 0.031250
0 0.130859 0.733398 0.023438 0.029297
0 0.352539 0.616211 0.029297 0.029297
0 0.321289 0.625000 0.025391 0.027344
0 0.328125 0.674805 0.027344 0.029297
0 0.307617 0.703125 0.033203 0.035156
0 0.277344 0.610352 0.023438 0.025391
0 0.206055 0.529297 0.025391 0.031250
0 0.602539 0.685547 0.037109 0.039062
0 0.640625 0.679688 0.027344 0.031250
0 0.662109 0.658203 0.023438 0.023438
0 0.709961 0.662109 0.029297 0.023438
0 0.682617 0.762695 0.025391 0.029297
0 0.888672 0.717773 0.035156 0.025391
0 0.836914 0.696289 0.033203 0.025391
0 0.967773 0.767578 0.029297 0.027344
0 0.931641 0.761719 0.031250 0.031250
0 0.947266 0.802734 0.031250 0.023438
0 0.928711 0.816406 0.029297 0.023438
0 0.932617 0.840820 0.025391 0.021484
0 0.901367 0.800781 0.029297 0.019531
0 0.832031 0.857422 0.035156 0.023438
0 0.844727 0.888672 0.029297 0.019531
0 0.846680 0.971680 0.029297 0.021484
0 0.827148 0.949219 0.033203 0.031250
0 0.772461 0.916016 0.037109 0.031250
0 0.735352 0.924805 0.033203 0.029297
0 0.676758 0.945312 0.037109 0.023438
0 0.659180 0.961914 0.037109 0.029297
0 0.401367 0.693359 0.029297 0.031250
0 0.351562 0.732422 0.027344 0.031250
0 0.448242 0.823242 0.025391 0.017578
0 0.442383 0.847656 0.033203 0.023438
0 0.412109 0.840820 0.023438 0.033203
0 0.335938 0.816406 0.023438 0.019531
0 0.319336 0.797852 0.029297 0.025391
0 0.293945 0.785156 0.029297 0.031250
0 0.135742 0.796875 0.029297 0.027344
0 0.090820 0.837891 0.025391 0.023438
0 0.077148 0.859375 0.033203 0.027344
0 0.091797 0.941406 0.039062 0.023438
0 0.427734 0.987305 0.027344 0.021484
0 0.627930 0.824219 0.033203 0.023438
0 0.329102 0.937500 0.033203 0.027344
0 0.351562 0.922852 0.027344 0.025391
0 0.377930 0.893555 0.029297 0.025391
0 0.267578 0.940430 0.023438 0.021484
0 0.650391 0.458008 0.019531 0.025391
