0 0.036133 0.146484 0.052734 0.039062
0 0.084961 0.105469 0.041016 0.042969
0 0.139648 0.134766 0.029297 0.027344
0 0.116211 0.135742 0.037109 0.041016
0 0.027344 0.460938 0.050781 0.050781
0 0.074219 0.454102 0.042969 0.041016
0 0.099609 0.421875 0.042969 0.046875
0 0.145508 0.362305 0.033203 0.037109
0 0.171875 0.386719 0.035156 0.042969
0 0.084961 0.381836 0.048828 0.041016
0 0.276367 0.248047 0.044922 0.039062
0 0.328125 0.239258 0.031250 0.044922
0 0.365234 0.204102 0.039062 0.037109
0 0.372070 0.247070 0.041016 0.037109
0 0.444336 0.190430 0.044922 0.048828
0 0.496094 0.208008 0.042969 0.048828
0 0.448242 0.239258 0.048828 0.048828
0 0.565430 0.222656 0.041016 0.042969
0 0.542969 0.152344 0.039062 0.039062
0 0.563477 0.090820 0.033203 0.041016
0 0.603516 0.082031 0.042969 0.046875
0 0.686523 0.036133 0.044922 0.048828
0 0.695312 0.077148 0.050781 0.033203
0 0.746094 0.024414 0.042969 0.041016
0 0.791992 0.067383 0.048828 0.041016
0 0.856445 0.074219 0.044922 0.035156
0 0.837891 0.019531 0.050781 0.031250
0 0.599609 0.245117 0.046875 0.041016
0 0.639648 0.220703 0.056641 0.054688
0 0.682617 0.245117 0.048828 0.037109
0 0.679688 0.284180 0.035156 0.037109
0 0.641602 0.267578 0.033203 0.031250
0 0.620117 0.284180 0.041016 0.037109
0 0.718750 0.287109 0.042969 0.050781
0 0.078125 0.047852 0.035156 0.048828
0 0.131836 0.042969 0.060547 0.054688
0 0.957031 0.322266 0.042969 0.031250
0 0.969727 0.372070 0.044922 0.048828
0 0.915039 0.329102 0.029297 0.033203
0 0.906250 0.378906 0.035156 0.035156
0 0.866211 0.376953 0.029297 0.035156
0 0.831055 0.375977 0.037109 0.044922
0 0.738281 0.472656 0.035156 0.039062
0 0.683594 0.521484 0.070312 0.054688
0 0.615234 0.558594 0.042969 0.042969
0 0.693359 0.564453 0.039062 0.023438
0 0.511719 0.521484 0.058594 0.039062
0 0.538086 0.565430 0.041016 0.033203
0 0.581055 0.587891 0.041016 0.035156
0 0.431641 0.544922 0.054688 0.046875
0 0.448242 0.583984 0.044922 0.035156
0 0.389648 0.562500 0.044922 0.042969
0 0.378906 0.605469 0.042969 0.046875
0 0.301758 0.606445 0.041016 0.041016
0 0.290039 0.656250 0.029297 0.046875
0 0.329102 0.666992 0.044922 0.041016
0 0.864258 0.807617 0.048828 0.052734
0 0.815430 0.800781 0.052734 0.054688
0 0.738281 0.838867 0.035156 0.044922
0 0.694336 0.861328 0.037109 0.042969
0 0.555664 0.842773 0.048828 0.044922
0 0.508789 0.815430 0.052734 0.044922
0 0.470703 0.761719 0.039062 0.027344
0 0.417969 0.782227 0.035156 0.037109
0 0.396484 0.813477 0.042969 0.033203
0 0.389648 0.772461 0.025391 0.041016
0 0.365234 0.782227 0.027344 0.029297
0 0.350586 0.826172 0.052734 0.042969
0 0.305664 0.755859 0.044922 0.039062
0 0.257812 0.774414 0.039062 0.044922
0 0.196289 0.786133 0.048828 0.044922
0 0.081055 0.828125 0.037109 0.046875
0 0.119141 0.804688 0.039062 0.039062
