0 0.031250 0.036133 0.035156 0.029297
0 0.174805 0.061523 0.033203 0.033203
0 0.386719 0.027344 0.039062 0.035156
0 0.347656 0.023438 0.027344 0.023438
0 0.330078 0.055664 0.046875 0.044922
0 0.022461 0.185547 0.037109 0.046875
0 0.014648 0.273438 0.025391 0.042969
0 0.097656 0.155273 0.039062 0.033203
0 0.136719 0.164062 0.039062 0.035156
0 0.122070 0.112305 0.041016 0.048828
0 0.186523 0.149414 0.041016 0.033203
0 0.232422 0.145508 0.054688 0.044922
0 0.169922 0.123047 0.039062 0.039062
0 0.211914 0.109375 0.029297 0.042969
0 0.241211 0.097656 0.044922 0.042969
0 0.210938 0.059570 0.039062 0.041016
0 0.391602 0.088867 0.048828 0.048828
0 0.351562 0.143555 0.050781 0.044922
0 0.513672 0.080078 0.042969 0.046875
0 0.526367 0.047852 0.044922 0.041016
0 0.551758 0.028320 0.048828 0.044922
0 0.066406 0.292969 0.042969 0.039062
0 0.122070 0.239258 0.052734 0.041016
0 0.136719 0.289062 0.046875 0.050781
0 0.104492 0.331055 0.037109 0.033203
0 0.187500 0.305664 0.035156 0.044922
0 0.218750 0.278320 0.046875 0.037109
0 0.271484 0.276367 0.042969 0.037109
0 0.207031 0.332031 0.039062 0.042969
0 0.244141 0.362305 0.035156 0.033203
0 0.338867 0.310547 0.052734 0.050781
0 0.348633 0.362305 0.037109 0.044922
0 0.315430 0.342773 0.041016 0.037109
0 0.289062 0.307617 0.050781 0.041016
0 0.057617 0.494141 0.041016 0.031250
0 0.019531 0.582031 0.035156 0.039062
0 0.073242 0.559570 0.033203 0.037109
0 0.165039 0.532227 0.048828 0.044922
0 0.136719 0.570312 0.050781 0.039062
0 0.346680 0.502930 0.044922 0.048828
0 0.319336 0.543945 0.041016 0.048828
0 0.273438 0.581055 0.046875 0.041016
0 0.274414 0.541016 0.044922 0.042969
0 0.312500 0.474609 0.046875 0.046875
0 0.442383 0.352539 0.044922 0.068359
0 0.500977 0.346680 0.056641 0.041016
0 0.410156 0.392578 0.042969 0.042969
0 0.489258 0.290039 0.037109 0.033203
0 0.537109 0.312500 0.050781 0.042969
0 0.538086 0.272461 0.037109 0.037109
0 0.563477 0.282227 0.029297 0.033203
0 0.571289 0.250000 0.029297 0.027344
0 0.604492 0.250977 0.033203 0.037109
0 0.653320 0.234375 0.037109 0.035156
0 0.649414 0.265625 0.037109 0.039062
0 0.689453 0.250000 0.039062 0.039062
0 0.635742 0.348633 0.072266 0.041016
0 0.549805 0.382812 0.041016 0.035156
0 0.749023 0.154297 0.041016 0.042969
0 0.780273 0.182617 0.048828 0.044922
0 0.801758 0.149414 0.044922 0.052734
0 0.912109 0.102539 0.042969 0.048828
0 0.782227 0.240234 0.048828 0.031250
0 0.764648 0.290039 0.037109 0.044922
0 0.775391 0.323242 0.042969 0.029297
0 0.808594 0.326172 0.035156 0.042969
0 0.851562 0.330078 0.054688 0.035156
0 0.865234 0.295898 0.046875 0.033203
0 0.843750 0.267578 0.046875 0.042969
0 0.820312 0.229492 0.031250 0.025391
0 0.854492 0.230469 0.041016 0.027344
0 0.860352 0.208008 0.044922 0.029297
0 0.950195 0.255859 0.033203 0.027344
0 0.980469 0.272461 0.035156 0.025391
0 0.979492 0.305664 0.033203 0.037109
0 0.949219 0.310547 0.035156 0.042969
0 0.969727 0.468750 0.033203 0.031250
0 0.948242 0.483398 0.041016 0.029297
0 0.917969 0.502930 0.035156 0.037109
0 0.880859 0.515625 0.039062 0.035156
0 0.949219 0.518555 0.035156 0.029297
0 0.964844 0.560547 0.035156 0.031250
0 0.917969 0.568359 0.039062 0.035156
0 0.881836 0.561523 0.041016 0.041016
0 0.952148 0.590820 0.041016 0.029297
0 0.911133 0.595703 0.033203 0.027344
0 0.799805 0.517578 0.029297 0.031250
0 0.826172 0.549805 0.039062 0.041016
0 0.816406 0.598633 0.039062 0.041016
0 0.791992 0.586914 0.033203 0.041016
0 0.744141 0.533203 0.042969 0.031250
0 0.703125 0.528320 0.039062 0.025391
0 0.690430 0.554688 0.044922 0.031250
0 0.727539 0.584961 0.037109 0.033203
0 0.698242 0.591797 0.037109 0.035156
0 0.706055 0.650391 0.041016 0.035156
0 0.665039 0.673828 0.041016 0.039062
0 0.654297 0.639648 0.039062 0.029297
0 0.635742 0.684570 0.029297 0.037109
0 0.603516 0.694336 0.035156 0.041016
0 0.566406 0.686523 0.042969 0.048828
0 0.582031 0.638672 0.042969 0.042969
0 0.602539 0.606445 0.041016 0.029297
0 0.626953 0.583984 0.031250 0.031250
0 0.890625 0.803711 0.039062 0.052734
0 0.842773 0.791992 0.037109 0.048828
0 0.793945 0.773438 0.041016 0.054688
0 0.763672 0.785156 0.035156 0.035156
0 0.741211 0.758789 0.037109 0.037109
0 0.726562 0.733398 0.042969 0.041016
0 0.985352 0.845703 0.029297 0.035156
0 0.956055 0.853516 0.029297 0.039062
0 0.977539 0.905273 0.025391 0.025391
0 0.955078 0.892578 0.023438 0.031250
0 0.877930 0.921875 0.033203 0.035156
0 0.881836 0.950195 0.033203 0.033203
0 0.855469 0.864258 0.042969 0.037109
0 0.816406 0.855469 0.035156 0.031250
0 0.773438 0.850586 0.046875 0.033203
0 0.774414 0.960938 0.044922 0.042969
0 0.724609 0.982422 0.042969 0.031250
0 0.722656 0.793945 0.031250 0.037109
0 0.677734 0.792969 0.031250 0.039062
0 0.676758 0.847656 0.044922 0.042969
0 0.648438 0.823242 0.042969 0.041016
0 0.623047 0.796875 0.035156 0.039062
0 0.602539 0.763672 0.048828 0.042969
0 0.566406 0.791016 0.031250 0.027344
0 0.559570 0.848633 0.041016 0.033203
0 0.518555 0.846680 0.037109 0.033203
0 0.533203 0.752930 0.046875 0.048828
0 0.487305 0.734375 0.033203 0.031250
0 0.458984 0.757812 0.035156 0.027344
0 0.456055 0.797852 0.048828 0.048828
0 0.457031 0.868164 0.035156 0.025391
0 0.460938 0.846680 0.035156 0.029297
0 0.420898 0.829102 0.041016 0.048828
0 0.385742 0.838867 0.037109 0.033203
0 0.378906 0.875000 0.035156 0.031250
0 0.364258 0.910156 0.037109 0.027344
0 0.336914 0.882812 0.037109 0.039062
0 0.297852 0.882812 0.037109 0.039062
0 0.356445 0.774414 0.037109 0.037109
0 0.421875 0.743164 0.058594 0.041016
0 0.278320 0.797852 0.037109 0.025391
0 0.323242 0.794922 0.037109 0.039062
0 0.270508 0.841797 0.044922 0.035156
0 0.251953 0.920898 0.042969 0.037109
0 0.252930 0.882812 0.033203 0.035156
0 0.232422 0.893555 0.042969 0.033203
0 0.229492 0.850586 0.037109 0.037109
0 0.193359 0.846680 0.042969 0.033203
0 0.176758 0.889648 0.029297 0.041016
0 0.122070 0.781250 0.041016 0.042969
0 0.098633 0.756836 0.037109 0.041016
0 0.062500 0.744141 0.050781 0.039062
0 0.147461 0.976562 0.056641 0.042969
0 0.098633 0.950195 0.048828 0.044922
0 0.053711 0.954102 0.048828 0.037109
0 0.048828 0.984375 0.046875 0.031250
