0 0.046875 0.177734 0.070312 0.066406
0 0.205078 0.144531 0.089844 0.070312
0 0.248047 0.037109 0.050781 0.050781
0 0.304688 0.072266 0.054688 0.058594
0 0.410156 0.080078 0.070312 0.066406
0 0.429688 0.021484 0.078125 0.035156
0 0.263672 0.246094 0.058594 0.101562
0 0.203125 0.359375 0.101562 0.078125
0 0.078125 0.402344 0.101562 0.070312
0 0.132812 0.804688 0.054688 0.054688
0 0.119141 0.855469 0.050781 0.046875
0 0.085938 0.867188 0.046875 0.046875
0 0.062500 0.886719 0.054688 0.054688
0 0.025391 0.880859 0.042969 0.050781
0 0.044922 0.960938 0.058594 0.046875
0 0.179688 0.980469 0.085938 0.039062
0 0.248047 0.880859 0.066406 0.074219
0 0.253906 0.972656 0.054688 0.054688
0 0.257812 0.796875 0.062500 0.046875
0 0.318359 0.919922 0.058594 0.058594
0 0.390625 0.873047 0.062500 0.058594
0 0.386719 0.798828 0.078125 0.066406
0 0.474609 0.837891 0.074219 0.066406
0 0.554688 0.865234 0.070312 0.058594
0 0.443359 0.976562 0.074219 0.046875
0 0.542969 0.966797 0.093750 0.066406
0 0.632812 0.875000 0.101562 0.093750
0 0.734375 0.865234 0.085938 0.074219
0 0.845703 0.886719 0.097656 0.093750
0 0.783203 0.962891 0.105469 0.074219
0 0.599609 0.718750 0.105469 0.085938
0 0.513672 0.644531 0.089844 0.093750
0 0.552734 0.554688 0.097656 0.101562
0 0.640625 0.498047 0.093750 0.089844
0 0.714844 0.427734 0.093750 0.074219
0 0.697266 0.513672 0.082031 0.074219
0 0.619141 0.646484 0.097656 0.089844
0 0.804688 0.625000 0.093750 0.078125
0 0.896484 0.572266 0.105469 0.074219
0 0.849609 0.501953 0.097656 0.082031
0 0.865234 0.384766 0.082031 0.066406
0 0.951172 0.365234 0.089844 0.066406
