0 0.042969 0.064453 0.078125 0.074219
0 0.128906 0.062500 0.078125 0.054688
0 0.183594 0.033203 0.085938 0.050781
0 0.347656 0.046875 0.070312 0.062500
0 0.429688 0.044922 0.078125 0.082031
0 0.550781 0.019531 0.070312 0.031250
0 0.638672 0.033203 0.082031 0.058594
0 0.755859 0.050781 0.066406 0.054688
0 0.863281 0.091797 0.078125 0.066406
0 0.947266 0.041016 0.058594 0.066406
0 0.863281 0.023438 0.062500 0.039062
0 0.955078 0.169922 0.089844 0.074219
0 0.966797 0.253906 0.058594 0.062500
0 0.796875 0.261719 0.070312 0.070312
0 0.855469 0.310547 0.093750 0.082031
0 0.822266 0.376953 0.074219 0.074219
0 0.769531 0.441406 0.070312 0.085938
0 0.705078 0.441406 0.074219 0.093750
0 0.625000 0.376953 0.093750 0.089844
0 0.564453 0.294922 0.082031 0.058594
0 0.539062 0.460938 0.078125 0.085938
0 0.453125 0.449219 0.078125 0.085938
0 0.349609 0.433594 0.105469 0.117188
0 0.300781 0.310547 0.101562 0.082031
0 0.222656 0.375000 0.093750 0.070312
0 0.128906 0.423828 0.078125 0.058594
0 0.037109 0.535156 0.066406 0.085938
0 0.052734 0.611328 0.074219 0.066406
0 0.103516 0.654297 0.066406 0.066406
0 0.130859 0.582031 0.082031 0.078125
0 0.197266 0.548828 0.050781 0.058594
0 0.267578 0.539062 0.074219 0.062500
0 0.347656 0.550781 0.070312 0.062500
0 0.427734 0.537109 0.074219 0.066406
0 0.505859 0.533203 0.066406 0.066406
0 0.101562 0.763672 0.093750 0.066406
0 0.121094 0.837891 0.062500 0.066406
0 0.070312 0.923828 0.070312 0.074219
0 0.044922 0.828125 0.074219 0.085938
0 0.210938 0.835938 0.078125 0.093750
0 0.306641 0.855469 0.074219 0.093750
0 0.345703 0.755859 0.058594 0.066406
0 0.404297 0.783203 0.058594 0.058594
0 0.470703 0.833984 0.066406 0.089844
0 0.468750 0.931641 0.093750 0.082031
0 0.279297 0.978516 0.105469 0.042969
0 0.154297 0.957031 0.058594 0.070312
0 0.664062 0.951172 0.078125 0.074219
0 0.761719 0.917969 0.078125 0.093750
0 0.851562 0.876953 0.085938 0.074219
0 0.966797 0.869141 0.066406 0.058594
0 0.861328 0.978516 0.066406 0.042969
0 0.972656 0.957031 0.054688 0.078125
