0 0.291016 0.058594 0.089844 0.070312
0 0.238281 0.119141 0.054688 0.066406
0 0.285156 0.136719 0.062500 0.046875
0 0.333984 0.113281 0.058594 0.062500
0 0.250000 0.226562 0.054688 0.054688
0 0.197266 0.234375 0.050781 0.078125
0 0.154297 0.285156 0.050781 0.046875
0 0.109375 0.324219 0.062500 0.062500
0 0.220703 0.302734 0.074219 0.066406
0 0.205078 0.378906 0.050781 0.085938
0 0.109375 0.494141 0.078125 0.074219
0 0.052734 0.550781 0.066406 0.093750
0 0.248047 0.460938 0.066406 0.070312
0 0.312500 0.476562 0.054688 0.070312
0 0.291016 0.394531 0.074219 0.054688
0 0.458984 0.431641 0.074219 0.058594
0 0.474609 0.365234 0.058594 0.042969
0 0.572266 0.304688 0.050781 0.054688
0 0.617188 0.382812 0.054688 0.054688
0 0.646484 0.332031 0.035156 0.054688
0 0.714844 0.300781 0.039062 0.039062
0 0.710938 0.353516 0.062500 0.058594
0 0.666016 0.429688 0.042969 0.054688
0 0.736328 0.410156 0.035156 0.046875
0 0.617188 0.587891 0.054688 0.050781
0 0.703125 0.601562 0.054688 0.054688
0 0.796875 0.599609 0.078125 0.050781
0 0.593750 0.677734 0.078125 0.066406
0 0.537109 0.724609 0.074219 0.058594
0 0.484375 0.792969 0.062500 0.046875
0 0.675781 0.734375 0.054688 0.054688
0 0.638672 0.742188 0.058594 0.062500
0 0.533203 0.826172 0.058594 0.042969
0 0.494141 0.853516 0.042969 0.042969
0 0.462891 0.876953 0.058594 0.050781
0 0.402344 0.906250 0.062500 0.046875
0 0.328125 0.921875 0.046875 0.046875
0 0.246094 0.835938 0.078125 0.054688
0 0.162109 0.878906 0.042969 0.054688
0 0.214844 0.914062 0.054688 0.054688
0 0.054688 0.912109 0.078125 0.058594
0 0.281250 0.939453 0.054688 0.042969
0 0.388672 0.976562 0.050781 0.046875
0 0.435547 0.972656 0.042969 0.046875
0 0.751953 0.699219 0.058594 0.046875
0 0.806641 0.683594 0.027344 0.039062
0 0.857422 0.681641 0.050781 0.042969
0 0.937500 0.568359 0.054688 0.058594
0 0.974609 0.517578 0.050781 0.042969
0 0.894531 0.529297 0.046875 0.042969
0 0.980469 0.958984 0.039062 0.066406
0 0.917969 0.916016 0.054688 0.058594
0 0.777344 0.228516 0.070312 0.050781
0 0.822266 0.263672 0.035156 0.042969
0 0.865234 0.250000 0.058594 0.039062
0 0.832031 0.189453 0.039062 0.058594
0 0.410156 0.044922 0.039062 0.050781
0 0.527344 0.027344 0.070312 0.046875
0 0.871094 0.111328 0.054688 0.058594
0 0.966797 0.130859 0.042969 0.042969
0 0.894531 0.052734 0.046875 0.066406
0 0.937500 0.027344 0.054688 0.046875
