0 0.025391 0.076172 0.042969 0.074219
0 0.117188 0.052734 0.054688 0.058594
0 0.060547 0.179688 0.058594 0.054688
0 0.044922 0.238281 0.066406 0.054688
0 0.027344 0.310547 0.046875 0.066406
0 0.095703 0.357422 0.082031 0.058594
0 0.058594 0.416016 0.078125 0.050781
0 0.029297 0.470703 0.050781 0.042969
0 0.097656 0.460938 0.078125 0.054688
0 0.259766 0.398438 0.074219 0.062500
0 0.242188 0.294922 0.039062 0.042969
0 0.269531 0.267578 0.039062 0.042969
0 0.300781 0.244141 0.039062 0.035156
0 0.296875 0.332031 0.054688 0.046875
0 0.482422 0.292969 0.066406 0.054688
0 0.513672 0.183594 0.074219 0.062500
0 0.615234 0.142578 0.074219 0.058594
0 0.597656 0.242188 0.062500 0.039062
0 0.646484 0.214844 0.050781 0.046875
0 0.703125 0.189453 0.062500 0.050781
0 0.558594 0.351562 0.054688 0.078125
0 0.632812 0.320312 0.054688 0.046875
0 0.626953 0.365234 0.074219 0.050781
0 0.613281 0.435547 0.062500 0.058594
0 0.505859 0.554688 0.066406 0.054688
0 0.750000 0.021484 0.078125 0.035156
0 0.759766 0.076172 0.050781 0.042969
0 0.818359 0.082031 0.050781 0.039062
0 0.859375 0.042969 0.046875 0.046875
0 0.927734 0.025391 0.058594 0.042969
0 0.910156 0.390625 0.046875 0.070312
0 0.855469 0.457031 0.062500 0.062500
0 0.917969 0.517578 0.046875 0.058594
0 0.960938 0.511719 0.046875 0.054688
0 0.816406 0.626953 0.054688 0.050781
0 0.763672 0.644531 0.066406 0.062500
0 0.691406 0.574219 0.078125 0.062500
0 0.605469 0.548828 0.062500 0.058594
0 0.576172 0.593750 0.050781 0.046875
0 0.503906 0.609375 0.070312 0.062500
0 0.648438 0.683594 0.054688 0.046875
0 0.560547 0.691406 0.074219 0.062500
0 0.507812 0.714844 0.046875 0.062500
0 0.484375 0.671875 0.054688 0.046875
0 0.470703 0.720703 0.050781 0.050781
0 0.419922 0.695312 0.058594 0.062500
0 0.320312 0.759766 0.078125 0.074219
0 0.484375 0.800781 0.078125 0.062500
0 0.359375 0.847656 0.062500 0.054688
0 0.306641 0.904297 0.050781 0.050781
0 0.265625 0.919922 0.054688 0.050781
0 0.234375 0.826172 0.054688 0.050781
0 0.191406 0.878906 0.046875 0.046875
0 0.162109 0.937500 0.042969 0.046875
0 0.085938 0.982422 0.054688 0.035156
0 0.931641 0.949219 0.082031 0.078125
