0 0.181641 0.044922 0.058594 0.042969
0 0.248047 0.023438 0.058594 0.039062
0 0.345703 0.015625 0.066406 0.023438
0 0.025391 0.480469 0.042969 0.070312
0 0.265625 0.447266 0.054688 0.082031
0 0.316406 0.447266 0.046875 0.050781
0 0.392578 0.466797 0.042969 0.066406
0 0.431641 0.455078 0.050781 0.074219
0 0.552734 0.548828 0.058594 0.074219
0 0.621094 0.537109 0.046875 0.089844
0 0.667969 0.525391 0.039062 0.074219
0 0.718750 0.505859 0.062500 0.082031
0 0.716797 0.576172 0.050781 0.058594
0 0.753906 0.550781 0.039062 0.046875
0 0.808594 0.556641 0.070312 0.050781
0 0.773438 0.599609 0.054688 0.058594
0 0.900391 0.541016 0.066406 0.074219
0 0.964844 0.486328 0.070312 0.066406
0 0.910156 0.396484 0.078125 0.066406
0 0.587891 0.699219 0.066406 0.054688
0 0.300781 0.591797 0.078125 0.066406
0 0.222656 0.585938 0.078125 0.070312
0 0.222656 0.828125 0.078125 0.062500
0 0.083984 0.818359 0.058594 0.058594
0 0.033203 0.974609 0.050781 0.042969
0 0.097656 0.968750 0.070312 0.062500
0 0.175781 0.945312 0.078125 0.070312
0 0.349609 0.847656 0.074219 0.070312
0 0.392578 0.785156 0.058594 0.062500
0 0.441406 0.710938 0.054688 0.054688
0 0.365234 0.929688 0.050781 0.039062
0 0.482422 0.886719 0.058594 0.046875
0 0.128906 0.343750 0.117188 0.078125
0 0.341797 0.347656 0.058594 0.046875
