0 0.839844 0.042969 0.078125 0.078125
0 0.966797 0.052734 0.066406 0.058594
0 0.851562 0.199219 0.078125 0.070312
0 0.978516 0.238281 0.042969 0.078125
0 0.800781 0.138672 0.101562 0.074219
0 0.744141 0.201172 0.082031 0.074219
0 0.951172 0.337891 0.058594 0.074219
0 0.845703 0.275391 0.097656 0.082031
0 0.777344 0.328125 0.085938 0.070312
0 0.621094 0.046875 0.117188 0.070312
0 0.640625 0.154297 0.070312 0.089844
0 0.652344 0.248047 0.117188 0.105469
0 0.541016 0.136719 0.113281 0.101562
0 0.460938 0.031250 0.101562 0.054688
0 0.275391 0.058594 0.082031 0.062500
0 0.162109 0.041016 0.089844 0.058594
0 0.089844 0.173828 0.093750 0.074219
0 0.037109 0.228516 0.066406 0.089844
0 0.035156 0.316406 0.062500 0.085938
0 0.152344 0.285156 0.085938 0.093750
0 0.238281 0.244141 0.078125 0.089844
0 0.490234 0.365234 0.097656 0.074219
0 0.462891 0.484375 0.074219 0.085938
0 0.345703 0.378906 0.113281 0.101562
0 0.359375 0.507812 0.093750 0.109375
0 0.187500 0.382812 0.085938 0.101562
0 0.230469 0.492188 0.070312 0.093750
0 0.298828 0.605469 0.074219 0.062500
0 0.378906 0.623047 0.062500 0.082031
0 0.300781 0.673828 0.085938 0.066406
0 0.179688 0.621094 0.109375 0.078125
0 0.115234 0.525391 0.089844 0.089844
0 0.044922 0.427734 0.082031 0.105469
0 0.031250 0.513672 0.054688 0.074219
0 0.037109 0.615234 0.066406 0.089844
0 0.039062 0.697266 0.062500 0.066406
0 0.136719 0.675781 0.070312 0.062500
0 0.208984 0.697266 0.074219 0.074219
0 0.269531 0.746094 0.078125 0.070312
0 0.144531 0.744141 0.101562 0.074219
0 0.703125 0.529297 0.093750 0.089844
0 0.812500 0.589844 0.093750 0.109375
0 0.939453 0.542969 0.105469 0.085938
0 0.947266 0.687500 0.105469 0.125000
0 0.917969 0.755859 0.085938 0.121094
0 0.972656 0.841797 0.054688 0.082031
0 0.941406 0.957031 0.117188 0.085938
0 0.810547 0.730469 0.089844 0.101562
0 0.865234 0.845703 0.089844 0.082031
0 0.835938 0.919922 0.093750 0.105469
0 0.707031 0.798828 0.117188 0.152344
0 0.748047 0.937500 0.105469 0.109375
0 0.636719 0.900391 0.070312 0.082031
0 0.714844 0.625000 0.070312 0.085938
0 0.640625 0.611328 0.101562 0.074219
0 0.591797 0.675781 0.089844 0.093750
0 0.509766 0.794922 0.082031 0.121094
0 0.550781 0.865234 0.062500 0.050781
0 0.125000 0.921875 0.140625 0.085938
0 0.269531 0.957031 0.085938 0.070312
