0 0.919922 0.052734 0.058594 0.066406
0 0.974609 0.076172 0.050781 0.074219
0 0.783203 0.052734 0.058594 0.066406
0 0.847656 0.076172 0.062500 0.074219
0 0.568359 0.146484 0.074219 0.097656
0 0.435547 0.046875 0.105469 0.078125
0 0.230469 0.066406 0.093750 0.085938
0 0.238281 0.175781 0.093750 0.109375
0 0.320312 0.183594 0.078125 0.140625
0 0.412109 0.205078 0.082031 0.113281
0 0.130859 0.140625 0.089844 0.093750
0 0.052734 0.101562 0.089844 0.078125
0 0.044922 0.187500 0.074219 0.093750
0 0.117188 0.269531 0.101562 0.078125
0 0.027344 0.314453 0.046875 0.074219
0 0.224609 0.298828 0.082031 0.097656
0 0.314453 0.308594 0.121094 0.109375
0 0.166016 0.367188 0.082031 0.062500
0 0.410156 0.404297 0.140625 0.097656
0 0.484375 0.365234 0.085938 0.082031
0 0.601562 0.291016 0.101562 0.082031
0 0.599609 0.419922 0.074219 0.082031
0 0.722656 0.455078 0.148438 0.089844
0 0.759766 0.343750 0.121094 0.093750
0 0.812500 0.419922 0.140625 0.074219
0 0.873047 0.541016 0.082031 0.097656
0 0.882812 0.273438 0.078125 0.132812
0 0.046875 0.546875 0.085938 0.070312
0 0.111328 0.681641 0.097656 0.144531
0 0.035156 0.671875 0.062500 0.070312
0 0.035156 0.746094 0.054688 0.062500
0 0.093750 0.783203 0.085938 0.082031
0 0.041016 0.912109 0.066406 0.074219
0 0.236328 0.748047 0.058594 0.074219
0 0.263672 0.824219 0.066406 0.070312
0 0.257812 0.886719 0.070312 0.078125
0 0.246094 0.960938 0.070312 0.070312
0 0.066406 0.972656 0.101562 0.054688
0 0.406250 0.677734 0.078125 0.113281
0 0.525391 0.667969 0.097656 0.085938
0 0.593750 0.710938 0.085938 0.078125
0 0.726562 0.708984 0.085938 0.082031
0 0.861328 0.767578 0.082031 0.105469
0 0.972656 0.802734 0.054688 0.097656
0 0.906250 0.927734 0.109375 0.121094
0 0.775391 0.968750 0.136719 0.062500
0 0.742188 0.873047 0.140625 0.097656
0 0.656250 0.812500 0.132812 0.093750
0 0.533203 0.814453 0.113281 0.128906
0 0.433594 0.845703 0.062500 0.066406
0 0.498047 0.902344 0.074219 0.070312
0 0.593750 0.939453 0.125000 0.082031
