0 0.908203 0.033203 0.128906 0.058594
0 0.968750 0.091797 0.062500 0.089844
0 0.875000 0.156250 0.117188 0.093750
0 0.876953 0.257812 0.089844 0.101562
0 0.935547 0.355469 0.128906 0.085938
0 0.976562 0.447266 0.046875 0.074219
0 0.857422 0.433594 0.089844 0.085938
0 0.792969 0.285156 0.062500 0.117188
0 0.769531 0.037109 0.085938 0.066406
0 0.773438 0.130859 0.062500 0.082031
0 0.593750 0.072266 0.125000 0.097656
0 0.583984 0.166016 0.097656 0.082031
0 0.572266 0.275391 0.097656 0.105469
0 0.664062 0.335938 0.093750 0.125000
0 0.441406 0.082031 0.085938 0.117188
0 0.449219 0.216797 0.125000 0.097656
0 0.326172 0.193359 0.105469 0.082031
0 0.306641 0.037109 0.089844 0.066406
0 0.175781 0.054688 0.093750 0.078125
0 0.224609 0.105469 0.082031 0.078125
0 0.103516 0.216797 0.082031 0.074219
0 0.048828 0.312500 0.082031 0.101562
0 0.158203 0.298828 0.074219 0.089844
0 0.185547 0.380859 0.066406 0.074219
0 0.076172 0.406250 0.066406 0.093750
0 0.074219 0.501953 0.085938 0.089844
0 0.173828 0.550781 0.097656 0.078125
0 0.244141 0.517578 0.089844 0.089844
0 0.277344 0.468750 0.085938 0.078125
0 0.435547 0.490234 0.074219 0.082031
0 0.410156 0.591797 0.078125 0.082031
0 0.347656 0.666016 0.085938 0.089844
0 0.441406 0.687500 0.093750 0.109375
0 0.533203 0.583984 0.097656 0.105469
0 0.609375 0.564453 0.085938 0.105469
0 0.578125 0.695312 0.078125 0.093750
0 0.656250 0.705078 0.093750 0.105469
0 0.703125 0.517578 0.078125 0.066406
0 0.806641 0.617188 0.082031 0.093750
0 0.851562 0.685547 0.070312 0.074219
0 0.947266 0.726562 0.105469 0.070312
0 0.875000 0.796875 0.078125 0.109375
0 0.787109 0.804688 0.097656 0.101562
0 0.626953 0.826172 0.089844 0.105469
0 0.683594 0.955078 0.078125 0.082031
0 0.826172 0.949219 0.089844 0.078125
0 0.912109 0.949219 0.074219 0.078125
0 0.431641 0.800781 0.082031 0.085938
0 0.085938 0.654297 0.109375 0.066406
0 0.093750 0.750000 0.132812 0.078125
0 0.066406 0.845703 0.109375 0.113281
0 0.171875 0.791016 0.070312 0.066406
0 0.220703 0.720703 0.066406 0.082031
0 0.029297 0.951172 0.050781 0.058594
0 0.460938 0.332031 0.078125 0.078125
