0 0.056641 0.121094 0.089844 0.078125
0 0.070312 0.195312 0.062500 0.078125
0 0.191406 0.195312 0.117188 0.109375
0 0.251953 0.279297 0.105469 0.105469
0 0.482422 0.423828 0.082031 0.121094
0 0.396484 0.326172 0.097656 0.105469
0 0.298828 0.396484 0.097656 0.136719
0 0.128906 0.300781 0.085938 0.093750
0 0.039062 0.283203 0.070312 0.113281
0 0.035156 0.451172 0.062500 0.121094
0 0.130859 0.410156 0.113281 0.109375
0 0.197266 0.511719 0.097656 0.117188
0 0.115234 0.595703 0.089844 0.097656
0 0.417969 0.505859 0.078125 0.105469
0 0.281250 0.572266 0.085938 0.097656
0 0.369141 0.613281 0.082031 0.093750
0 0.292969 0.683594 0.070312 0.078125
0 0.380859 0.052734 0.128906 0.097656
0 0.439453 0.167969 0.105469 0.101562
0 0.564453 0.044922 0.097656 0.082031
0 0.699219 0.140625 0.085938 0.093750
0 0.607422 0.267578 0.097656 0.089844
0 0.830078 0.232422 0.113281 0.097656
0 0.734375 0.035156 0.085938 0.062500
0 0.861328 0.027344 0.074219 0.046875
0 0.892578 0.142578 0.074219 0.089844
0 0.949219 0.085938 0.078125 0.085938
0 0.947266 0.244141 0.089844 0.113281
0 0.888672 0.496094 0.105469 0.070312
0 0.775391 0.486328 0.097656 0.089844
0 0.687500 0.525391 0.101562 0.089844
0 0.595703 0.523438 0.066406 0.078125
0 0.595703 0.605469 0.089844 0.085938
0 0.519531 0.728516 0.085938 0.113281
0 0.621094 0.716797 0.101562 0.121094
0 0.630859 0.837891 0.082031 0.097656
0 0.720703 0.876953 0.089844 0.113281
0 0.792969 0.794922 0.093750 0.105469
0 0.714844 0.697266 0.078125 0.089844
0 0.732422 0.617188 0.082031 0.093750
0 0.828125 0.671875 0.085938 0.117188
0 0.923828 0.695312 0.097656 0.101562
0 0.925781 0.587891 0.101562 0.113281
0 0.978516 0.773438 0.042969 0.093750
0 0.974609 0.880859 0.050781 0.074219
0 0.902344 0.822266 0.078125 0.074219
0 0.875000 0.892578 0.078125 0.074219
0 0.458984 0.876953 0.089844 0.074219
0 0.208984 0.839844 0.121094 0.085938
0 0.035156 0.785156 0.054688 0.093750
0 0.060547 0.871094 0.074219 0.078125
0 0.123047 0.898438 0.066406 0.085938
0 0.250000 0.953125 0.093750 0.078125
0 0.341797 0.880859 0.066406 0.074219
0 0.380859 0.943359 0.066406 0.082031
