0 0.904297 0.076172 0.058594 0.089844
0 0.960938 0.128906 0.078125 0.078125
0 0.949219 0.226562 0.101562 0.093750
0 0.748047 0.175781 0.105469 0.093750
0 0.679688 0.097656 0.101562 0.070312
0 0.703125 0.033203 0.101562 0.058594
0 0.564453 0.054688 0.113281 0.085938
0 0.537109 0.214844 0.097656 0.093750
0 0.642578 0.195312 0.074219 0.117188
0 0.501953 0.294922 0.089844 0.050781
0 0.437500 0.166016 0.109375 0.097656
0 0.292969 0.162109 0.140625 0.105469
0 0.361328 0.046875 0.128906 0.085938
0 0.099609 0.074219 0.105469 0.070312
0 0.130859 0.308594 0.128906 0.109375
0 0.244141 0.453125 0.113281 0.109375
0 0.037109 0.457031 0.066406 0.070312
0 0.119141 0.505859 0.082031 0.082031
0 0.177734 0.574219 0.089844 0.085938
0 0.365234 0.460938 0.097656 0.101562
0 0.353516 0.546875 0.105469 0.093750
0 0.302734 0.636719 0.105469 0.101562
0 0.250000 0.685547 0.085938 0.074219
0 0.117188 0.681641 0.078125 0.074219
0 0.166016 0.753906 0.089844 0.078125
0 0.039062 0.609375 0.070312 0.078125
0 0.375000 0.732422 0.093750 0.089844
0 0.421875 0.648438 0.101562 0.101562
0 0.248047 0.820312 0.074219 0.085938
0 0.101562 0.818359 0.070312 0.066406
0 0.810547 0.443359 0.082031 0.074219
0 0.886719 0.394531 0.117188 0.101562
0 0.746094 0.410156 0.085938 0.085938
0 0.679688 0.435547 0.078125 0.082031
0 0.751953 0.570312 0.105469 0.125000
0 0.855469 0.566406 0.140625 0.101562
0 0.941406 0.650391 0.117188 0.152344
0 0.814453 0.693359 0.128906 0.121094
0 0.605469 0.488281 0.125000 0.093750
0 0.576172 0.791016 0.097656 0.082031
0 0.521484 0.869141 0.105469 0.097656
0 0.474609 0.964844 0.089844 0.070312
0 0.687500 0.898438 0.101562 0.093750
0 0.667969 0.970703 0.085938 0.058594
0 0.761719 0.830078 0.132812 0.097656
0 0.818359 0.914062 0.113281 0.085938
0 0.904297 0.968750 0.089844 0.062500
