0 0.771484 0.070312 0.121094 0.101562
0 0.662109 0.107422 0.121094 0.105469
0 0.460938 0.119141 0.101562 0.082031
0 0.390625 0.041016 0.101562 0.074219
0 0.902344 0.332031 0.156250 0.125000
0 0.955078 0.226562 0.089844 0.109375
0 0.968750 0.429688 0.062500 0.093750
0 0.878906 0.468750 0.101562 0.093750
0 0.689453 0.210938 0.121094 0.085938
0 0.064453 0.138672 0.089844 0.097656
0 0.126953 0.248047 0.089844 0.144531
0 0.234375 0.222656 0.101562 0.093750
0 0.337891 0.308594 0.152344 0.125000
0 0.472656 0.437500 0.109375 0.148438
0 0.332031 0.457031 0.132812 0.125000
0 0.208984 0.349609 0.121094 0.097656
0 0.212891 0.417969 0.089844 0.078125
0 0.082031 0.417969 0.078125 0.078125
0 0.041016 0.328125 0.074219 0.085938
0 0.076172 0.501953 0.105469 0.089844
0 0.191406 0.507812 0.101562 0.078125
0 0.220703 0.578125 0.082031 0.085938
0 0.298828 0.580078 0.082031 0.074219
0 0.400391 0.617188 0.082031 0.132812
0 0.281250 0.652344 0.101562 0.085938
0 0.103516 0.630859 0.089844 0.121094
0 0.189453 0.683594 0.066406 0.093750
0 0.242188 0.722656 0.062500 0.078125
0 0.705078 0.564453 0.074219 0.089844
0 0.826172 0.673828 0.121094 0.136719
0 0.953125 0.785156 0.093750 0.109375
0 0.974609 0.914062 0.050781 0.125000
0 0.875000 0.859375 0.093750 0.109375
0 0.810547 0.767578 0.097656 0.097656
0 0.673828 0.677734 0.097656 0.097656
0 0.681641 0.798828 0.074219 0.128906
0 0.574219 0.853516 0.125000 0.113281
0 0.527344 0.757812 0.109375 0.109375
0 0.400391 0.875000 0.066406 0.062500
0 0.457031 0.916016 0.070312 0.058594
0 0.539062 0.958984 0.093750 0.082031
0 0.638672 0.964844 0.128906 0.070312
0 0.701172 0.917969 0.097656 0.101562
0 0.779297 0.966797 0.105469 0.066406
0 0.892578 0.966797 0.105469 0.066406
0 0.585938 0.144531 0.085938 0.078125
