0 0.789062 0.027344 0.101562 0.046875
0 0.937500 0.066406 0.078125 0.085938
0 0.925781 0.232422 0.078125 0.074219
0 0.822266 0.181641 0.105469 0.105469
0 0.724609 0.119141 0.082031 0.082031
0 0.658203 0.033203 0.105469 0.058594
0 0.566406 0.025391 0.085938 0.042969
0 0.962891 0.558594 0.074219 0.117188
0 0.894531 0.458984 0.101562 0.082031
0 0.847656 0.574219 0.085938 0.093750
0 0.892578 0.533203 0.066406 0.074219
0 0.775391 0.437500 0.082031 0.085938
0 0.722656 0.527344 0.070312 0.070312
0 0.673828 0.587891 0.066406 0.074219
0 0.769531 0.683594 0.070312 0.078125
0 0.675781 0.708984 0.101562 0.082031
0 0.605469 0.789062 0.078125 0.078125
0 0.712891 0.812500 0.097656 0.078125
0 0.816406 0.841797 0.085938 0.066406
0 0.812500 0.908203 0.101562 0.089844
0 0.921875 0.951172 0.117188 0.097656
0 0.837891 0.716797 0.089844 0.097656
0 0.929688 0.701172 0.078125 0.105469
0 0.921875 0.861328 0.078125 0.074219
0 0.976562 0.769531 0.046875 0.101562
0 0.593750 0.367188 0.101562 0.085938
0 0.570312 0.451172 0.093750 0.082031
0 0.546875 0.250000 0.078125 0.117188
0 0.466797 0.251953 0.082031 0.105469
0 0.441406 0.361328 0.101562 0.097656
0 0.472656 0.464844 0.093750 0.085938
0 0.390625 0.582031 0.117188 0.109375
0 0.373047 0.445312 0.113281 0.109375
0 0.308594 0.519531 0.093750 0.085938
0 0.232422 0.447266 0.105469 0.074219
0 0.367188 0.261719 0.109375 0.078125
0 0.449219 0.144531 0.093750 0.085938
0 0.337891 0.064453 0.066406 0.066406
0 0.226562 0.113281 0.085938 0.062500
0 0.191406 0.050781 0.085938 0.078125
0 0.265625 0.037109 0.093750 0.066406
0 0.224609 0.214844 0.089844 0.078125
0 0.189453 0.339844 0.074219 0.062500
0 0.121094 0.212891 0.101562 0.097656
0 0.037109 0.289062 0.066406 0.078125
0 0.031250 0.193359 0.054688 0.097656
0 0.080078 0.064453 0.105469 0.074219
0 0.101562 0.115234 0.078125 0.066406
0 0.060547 0.630859 0.105469 0.097656
0 0.187500 0.681641 0.109375 0.105469
0 0.253906 0.763672 0.117188 0.089844
0 0.255859 0.837891 0.082031 0.082031
0 0.351562 0.880859 0.078125 0.089844
0 0.341797 0.968750 0.074219 0.062500
0 0.429688 0.976562 0.062500 0.046875
0 0.142578 0.951172 0.082031 0.097656
0 0.132812 0.759766 0.093750 0.074219
0 0.126953 0.843750 0.089844 0.109375
0 0.035156 0.800781 0.062500 0.085938
0 0.027344 0.884766 0.046875 0.082031
0 0.041016 0.970703 0.074219 0.058594
