0 0.902344 0.029297 0.085938 0.050781
0 0.935547 0.138672 0.097656 0.121094
0 0.945312 0.242188 0.109375 0.085938
0 0.898438 0.369141 0.117188 0.113281
0 0.978516 0.431641 0.042969 0.089844
0 0.933594 0.496094 0.101562 0.085938
0 0.921875 0.609375 0.093750 0.093750
0 0.960938 0.738281 0.078125 0.093750
0 0.980469 0.603516 0.039062 0.113281
0 0.716797 0.082031 0.105469 0.109375
0 0.611328 0.121094 0.082031 0.078125
0 0.498047 0.050781 0.066406 0.070312
0 0.619141 0.017578 0.082031 0.027344
0 0.324219 0.048828 0.093750 0.066406
0 0.326172 0.154297 0.105469 0.089844
0 0.154297 0.109375 0.121094 0.125000
0 0.226562 0.238281 0.156250 0.132812
0 0.193359 0.416016 0.082031 0.066406
0 0.363281 0.400391 0.085938 0.066406
0 0.326172 0.314453 0.105469 0.082031
0 0.271484 0.429688 0.082031 0.070312
0 0.226562 0.535156 0.101562 0.109375
0 0.369141 0.500000 0.074219 0.062500
0 0.324219 0.560547 0.093750 0.089844
0 0.273438 0.669922 0.093750 0.128906
0 0.404297 0.724609 0.136719 0.160156
0 0.330078 0.812500 0.097656 0.132812
0 0.240234 0.884766 0.113281 0.152344
0 0.447266 0.900391 0.097656 0.144531
0 0.041016 0.748047 0.074219 0.128906
0 0.039062 0.890625 0.070312 0.101562
0 0.037109 0.583984 0.066406 0.144531
0 0.542969 0.339844 0.117188 0.109375
0 0.689453 0.353516 0.144531 0.105469
0 0.597656 0.283203 0.078125 0.074219
0 0.568359 0.429688 0.097656 0.093750
0 0.705078 0.455078 0.128906 0.121094
0 0.619141 0.523438 0.097656 0.101562
0 0.777344 0.609375 0.093750 0.148438
0 0.689453 0.699219 0.089844 0.109375
0 0.634766 0.648438 0.089844 0.125000
0 0.556641 0.634766 0.066406 0.097656
0 0.603516 0.757812 0.097656 0.093750
0 0.648438 0.832031 0.093750 0.101562
0 0.804688 0.785156 0.125000 0.109375
0 0.871094 0.904297 0.101562 0.121094
0 0.722656 0.941406 0.085938 0.078125
0 0.589844 0.933594 0.078125 0.093750
