0 0.927734 0.113281 0.082031 0.093750
0 0.875000 0.039062 0.109375 0.070312
0 0.791016 0.029297 0.066406 0.050781
0 0.816406 0.113281 0.093750 0.078125
0 0.833984 0.212891 0.097656 0.097656
0 0.943359 0.228516 0.097656 0.105469
0 0.906250 0.322266 0.093750 0.074219
0 0.865234 0.412109 0.082031 0.121094
0 0.957031 0.396484 0.085938 0.121094
0 0.966797 0.539062 0.066406 0.117188
0 0.921875 0.611328 0.101562 0.121094
0 0.804688 0.511719 0.085938 0.093750
0 0.861328 0.548828 0.066406 0.089844
0 0.783203 0.619141 0.082031 0.113281
0 0.693359 0.591797 0.113281 0.113281
0 0.740234 0.443359 0.089844 0.089844
0 0.796875 0.367188 0.070312 0.078125
0 0.917969 0.791016 0.101562 0.144531
0 0.798828 0.759766 0.089844 0.097656
0 0.830078 0.832031 0.089844 0.093750
0 0.705078 0.685547 0.105469 0.105469
0 0.705078 0.783203 0.089844 0.097656
0 0.601562 0.658203 0.093750 0.121094
0 0.576172 0.757812 0.113281 0.125000
0 0.628906 0.876953 0.117188 0.113281
0 0.902344 0.949219 0.093750 0.093750
0 0.767578 0.919922 0.128906 0.128906
0 0.656250 0.964844 0.125000 0.070312
0 0.664062 0.091797 0.109375 0.121094
0 0.625000 0.195312 0.117188 0.093750
0 0.646484 0.294922 0.089844 0.082031
0 0.656250 0.384766 0.085938 0.097656
0 0.548828 0.074219 0.113281 0.117188
0 0.535156 0.244141 0.085938 0.097656
0 0.556641 0.353516 0.105469 0.089844
0 0.474609 0.134766 0.089844 0.144531
0 0.257812 0.097656 0.093750 0.085938
0 0.216797 0.031250 0.144531 0.054688
0 0.082031 0.058594 0.078125 0.078125
0 0.150391 0.099609 0.105469 0.097656
0 0.046875 0.132812 0.085938 0.132812
0 0.195312 0.216797 0.093750 0.089844
0 0.210938 0.267578 0.062500 0.066406
0 0.298828 0.298828 0.097656 0.097656
0 0.384766 0.394531 0.105469 0.109375
0 0.429688 0.515625 0.109375 0.156250
0 0.341797 0.511719 0.113281 0.164062
0 0.218750 0.402344 0.117188 0.132812
0 0.078125 0.343750 0.125000 0.156250
0 0.109375 0.517578 0.093750 0.160156
0 0.023438 0.466797 0.039062 0.089844
0 0.195312 0.646484 0.132812 0.128906
0 0.328125 0.679688 0.101562 0.156250
0 0.246094 0.783203 0.132812 0.136719
0 0.070312 0.689453 0.117188 0.128906
0 0.027344 0.802734 0.046875 0.105469
0 0.162109 0.839844 0.105469 0.109375
0 0.425781 0.642578 0.085938 0.082031
0 0.431641 0.878906 0.097656 0.078125
0 0.406250 0.960938 0.093750 0.078125
0 0.283203 0.957031 0.089844 0.085938
