0 0.968750 0.052734 0.062500 0.097656
0 0.892578 0.089844 0.113281 0.101562
0 0.951172 0.207031 0.097656 0.101562
0 0.853516 0.316406 0.105469 0.117188
0 0.935547 0.410156 0.097656 0.117188
0 0.765625 0.439453 0.109375 0.144531
0 0.886719 0.523438 0.078125 0.078125
0 0.923828 0.595703 0.089844 0.089844
0 0.861328 0.728516 0.097656 0.105469
0 0.972656 0.783203 0.054688 0.113281
0 0.761719 0.699219 0.093750 0.085938
0 0.777344 0.589844 0.093750 0.109375
0 0.683594 0.587891 0.101562 0.121094
0 0.675781 0.681641 0.070312 0.082031
0 0.685547 0.773438 0.082031 0.101562
0 0.796875 0.873047 0.140625 0.105469
0 0.662109 0.898438 0.082031 0.085938
0 0.972656 0.917969 0.054688 0.085938
0 0.849609 0.974609 0.121094 0.050781
0 0.734375 0.050781 0.078125 0.093750
0 0.613281 0.035156 0.101562 0.062500
0 0.623047 0.140625 0.105469 0.117188
0 0.705078 0.228516 0.121094 0.128906
0 0.628906 0.296875 0.078125 0.085938
0 0.554688 0.240234 0.109375 0.113281
0 0.445312 0.150391 0.093750 0.105469
0 0.523438 0.089844 0.101562 0.140625
0 0.398438 0.056641 0.093750 0.105469
0 0.158203 0.042969 0.105469 0.078125
0 0.226562 0.099609 0.109375 0.105469
0 0.042969 0.062500 0.078125 0.109375
0 0.109375 0.142578 0.109375 0.105469
0 0.173828 0.251953 0.105469 0.113281
0 0.056641 0.292969 0.105469 0.140625
0 0.171875 0.394531 0.101562 0.140625
0 0.042969 0.496094 0.078125 0.101562
0 0.076172 0.558594 0.089844 0.093750
0 0.037109 0.642578 0.066406 0.113281
0 0.054688 0.720703 0.093750 0.113281
0 0.044922 0.914062 0.074219 0.117188
0 0.314453 0.361328 0.066406 0.105469
0 0.429688 0.421875 0.093750 0.140625
0 0.515625 0.421875 0.085938 0.117188
0 0.533203 0.578125 0.089844 0.101562
0 0.429688 0.601562 0.093750 0.117188
0 0.359375 0.505859 0.078125 0.074219
0 0.347656 0.572266 0.085938 0.082031
0 0.246094 0.560547 0.085938 0.113281
0 0.171875 0.730469 0.101562 0.156250
0 0.300781 0.716797 0.117188 0.160156
0 0.435547 0.746094 0.113281 0.140625
0 0.541016 0.703125 0.074219 0.093750
0 0.222656 0.927734 0.109375 0.144531
0 0.363281 0.931641 0.101562 0.136719
