0 0.962891 0.130859 0.074219 0.105469
0 0.955078 0.283203 0.089844 0.121094
0 0.972656 0.447266 0.054688 0.097656
0 0.941406 0.587891 0.117188 0.121094
0 0.906250 0.785156 0.109375 0.125000
0 0.951172 0.876953 0.097656 0.097656
0 0.773438 0.906250 0.132812 0.085938
0 0.753906 0.697266 0.140625 0.144531
0 0.818359 0.558594 0.105469 0.109375
0 0.824219 0.224609 0.101562 0.113281
0 0.777344 0.380859 0.109375 0.136719
0 0.669922 0.316406 0.128906 0.117188
0 0.634766 0.187500 0.089844 0.117188
0 0.539062 0.378906 0.093750 0.117188
0 0.675781 0.482422 0.085938 0.074219
0 0.642578 0.558594 0.097656 0.085938
0 0.476562 0.509766 0.125000 0.082031
0 0.509766 0.632812 0.128906 0.101562
0 0.607422 0.718750 0.105469 0.109375
0 0.562500 0.847656 0.140625 0.125000
0 0.455078 0.773438 0.136719 0.140625
0 0.433594 0.937500 0.101562 0.109375
0 0.585938 0.958984 0.109375 0.082031
0 0.451172 0.072266 0.097656 0.113281
0 0.357422 0.191406 0.097656 0.156250
0 0.386719 0.324219 0.093750 0.132812
0 0.292969 0.398438 0.078125 0.093750
0 0.335938 0.529297 0.093750 0.082031
0 0.216797 0.087891 0.105469 0.097656
0 0.230469 0.191406 0.117188 0.101562
0 0.210938 0.316406 0.085938 0.132812
0 0.125000 0.271484 0.093750 0.113281
0 0.218750 0.451172 0.078125 0.082031
0 0.236328 0.566406 0.089844 0.085938
0 0.123047 0.580078 0.105469 0.089844
0 0.162109 0.656250 0.082031 0.078125
0 0.128906 0.884766 0.085938 0.121094
0 0.162109 0.783203 0.097656 0.097656
0 0.228516 0.921875 0.105469 0.093750
0 0.115234 0.970703 0.121094 0.058594
0 0.048828 0.816406 0.082031 0.132812
0 0.033203 0.476562 0.058594 0.101562
0 0.042969 0.250000 0.078125 0.117188
0 0.039062 0.119141 0.070312 0.089844
