0 0.812500 0.033203 0.085938 0.058594
0 0.855469 0.091797 0.078125 0.089844
0 0.748047 0.111328 0.105469 0.089844
0 0.648438 0.181641 0.085938 0.121094
0 0.718750 0.248047 0.109375 0.105469
0 0.701172 0.332031 0.113281 0.093750
0 0.839844 0.207031 0.101562 0.109375
0 0.845703 0.312500 0.074219 0.101562
0 0.763672 0.435547 0.089844 0.097656
0 0.841797 0.480469 0.097656 0.109375
0 0.738281 0.556641 0.093750 0.144531
0 0.681641 0.656250 0.128906 0.109375
0 0.818359 0.734375 0.113281 0.140625
0 0.837891 0.615234 0.097656 0.128906
0 0.664062 0.751953 0.085938 0.082031
0 0.716797 0.814453 0.097656 0.089844
0 0.812500 0.882812 0.078125 0.109375
0 0.703125 0.931641 0.109375 0.121094
0 0.595703 0.966797 0.089844 0.066406
0 0.449219 0.283203 0.085938 0.089844
0 0.341797 0.251953 0.082031 0.105469
0 0.396484 0.345703 0.097656 0.121094
0 0.246094 0.300781 0.093750 0.117188
0 0.179688 0.349609 0.078125 0.097656
0 0.095703 0.398438 0.082031 0.101562
0 0.136719 0.490234 0.085938 0.113281
0 0.076172 0.529297 0.066406 0.089844
0 0.228516 0.429688 0.089844 0.085938
0 0.291016 0.396484 0.074219 0.089844
0 0.408203 0.509766 0.128906 0.136719
0 0.503906 0.546875 0.062500 0.125000
0 0.353516 0.615234 0.105469 0.144531
0 0.228516 0.574219 0.128906 0.140625
0 0.105469 0.630859 0.085938 0.082031
0 0.443359 0.677734 0.097656 0.136719
0 0.425781 0.822266 0.125000 0.121094
0 0.226562 0.705078 0.085938 0.097656
0 0.304688 0.761719 0.093750 0.109375
0 0.146484 0.734375 0.089844 0.101562
0 0.068359 0.757812 0.074219 0.093750
0 0.066406 0.898438 0.093750 0.109375
0 0.144531 0.925781 0.085938 0.101562
0 0.216797 0.837891 0.097656 0.105469
0 0.234375 0.925781 0.093750 0.093750
0 0.365234 0.910156 0.136719 0.109375
0 0.302734 0.064453 0.121094 0.082031
0 0.150391 0.046875 0.113281 0.085938
0 0.044922 0.044922 0.082031 0.082031
0 0.652344 0.488281 0.054688 0.093750
