0 0.960449 0.102051 0.077148 0.079102
0 0.047852 0.699707 0.093750 0.118164
0 0.159668 0.763672 0.063477 0.107422
0 0.247070 0.846191 0.085938 0.079102
0 0.331543 0.879395 0.104492 0.077148
0 0.198730 0.544434 0.096680 0.129883
0 0.241211 0.422852 0.103516 0.111328
0 0.096680 0.355957 0.097656 0.100586
0 0.442871 0.413574 0.106445 0.108398
0 0.759277 0.485352 0.059570 0.101562
0 0.682617 0.495117 0.078125 0.093750
0 0.624023 0.635742 0.101562 0.105469
0 0.811035 0.620117 0.079102 0.128906
0 0.853027 0.775391 0.071289 0.107422
0 0.773438 0.694824 0.087891 0.086914
0 0.843750 0.408691 0.072266 0.116211
0 0.343262 0.263672 0.098633 0.095703
0 0.367676 0.176270 0.086914 0.081055
0 0.966309 0.639160 0.067383 0.106445
0 0.945801 0.742676 0.071289 0.092773
