0 0.954590 0.051270 0.081055 0.081055
0 0.871582 0.083008 0.090820 0.089844
0 0.793457 0.052734 0.083008 0.074219
0 0.961914 0.170410 0.062500 0.069336
0 0.885254 0.228027 0.079102 0.063477
0 0.503906 0.077148 0.070312 0.082031
0 0.602051 0.229980 0.122070 0.137695
0 0.522461 0.267578 0.105469 0.103516
0 0.485840 0.327637 0.084961 0.084961
0 0.559570 0.381348 0.085938 0.104492
0 0.731934 0.420410 0.104492 0.081055
0 0.432617 0.211914 0.089844 0.103516
0 0.251465 0.144531 0.075195 0.093750
0 0.062988 0.127441 0.067383 0.106445
0 0.347168 0.463379 0.106445 0.102539
0 0.468262 0.521484 0.110352 0.107422
0 0.430176 0.649902 0.071289 0.090820
0 0.336426 0.634277 0.081055 0.073242
0 0.305176 0.558594 0.092773 0.085938
0 0.160645 0.568359 0.094727 0.117188
0 0.371094 0.813965 0.087891 0.100586
0 0.434082 0.872070 0.098633 0.091797
0 0.307617 0.881348 0.085938 0.084961
0 0.041504 0.959473 0.073242 0.081055
0 0.574707 0.972168 0.133789 0.055664
0 0.553223 0.635254 0.129883 0.155273
0 0.972168 0.532715 0.055664 0.106445
0 0.924805 0.439941 0.072266 0.069336
0 0.822754 0.527832 0.071289 0.069336
0 0.905273 0.556641 0.087891 0.107422
0 0.873535 0.637207 0.092773 0.084961
0 0.898926 0.731934 0.077148 0.100586
0 0.953613 0.758301 0.053711 0.073242
0 0.875977 0.910645 0.078125 0.092773
0 0.868164 0.972168 0.097656 0.055664
0 0.720703 0.875488 0.091797 0.102539
0 0.644531 0.738770 0.091797 0.094727
0 0.824707 0.850098 0.106445 0.106445
0 0.802246 0.690918 0.094727 0.110352
