0 0.974121 0.588867 0.051758 0.105469
0 0.907715 0.851562 0.073242 0.103516
0 0.838379 0.931641 0.083008 0.068359
0 0.864258 0.588379 0.060547 0.086914
0 0.906250 0.674316 0.083984 0.106445
0 0.695801 0.739258 0.102539 0.097656
0 0.730957 0.583008 0.127930 0.136719
0 0.715820 0.405762 0.074219 0.100586
0 0.754883 0.081543 0.093750 0.102539
0 0.561523 0.117188 0.105469 0.107422
0 0.443359 0.114258 0.076172 0.097656
0 0.472656 0.206543 0.064453 0.071289
0 0.545898 0.269043 0.083984 0.096680
0 0.492676 0.372559 0.083008 0.083008
0 0.487793 0.439941 0.083008 0.067383
0 0.450684 0.532715 0.073242 0.106445
0 0.386719 0.381348 0.060547 0.059570
0 0.389160 0.461426 0.061523 0.067383
0 0.353516 0.517090 0.062500 0.073242
0 0.250488 0.046387 0.057617 0.063477
0 0.236816 0.121094 0.084961 0.083984
0 0.243164 0.201172 0.082031 0.085938
0 0.068359 0.236328 0.125000 0.144531
0 0.044922 0.382324 0.078125 0.104492
0 0.033691 0.466309 0.057617 0.061523
0 0.067383 0.077148 0.054688 0.083984
0 0.232910 0.631836 0.067383 0.076172
0 0.148926 0.620605 0.081055 0.069336
0 0.082520 0.662109 0.088867 0.085938
0 0.330566 0.722656 0.063477 0.076172
0 0.261719 0.746094 0.070312 0.064453
0 0.406738 0.671875 0.112305 0.091797
0 0.394043 0.850098 0.084961 0.069336
0 0.330566 0.907715 0.067383 0.069336
0 0.032715 0.912109 0.061523 0.087891
