0 0.174316 0.071777 0.112305 0.122070
0 0.167969 0.189941 0.101562 0.084961
0 0.067383 0.229980 0.103516 0.110352
0 0.037598 0.340332 0.073242 0.118164
0 0.075195 0.511719 0.082031 0.085938
0 0.229980 0.392578 0.077148 0.101562
0 0.566406 0.402344 0.080078 0.089844
0 0.608398 0.560547 0.078125 0.107422
0 0.650879 0.393555 0.059570 0.083984
0 0.656738 0.214355 0.075195 0.075195
0 0.868652 0.219238 0.098633 0.102539
0 0.930176 0.166992 0.081055 0.083984
0 0.971680 0.084961 0.056641 0.099609
0 0.846680 0.486328 0.083984 0.089844
0 0.801270 0.834961 0.088867 0.097656
0 0.250000 0.918457 0.099609 0.075195
0 0.625000 0.771484 0.070312 0.078125
0 0.696289 0.497070 0.066406 0.087891
0 0.706055 0.590820 0.078125 0.087891
0 0.726074 0.699707 0.090820 0.112305
0 0.791504 0.205566 0.065430 0.090820
0 0.442383 0.280762 0.091797 0.096680
