0 0.088867 0.280762 0.101562 0.092773
0 0.076660 0.584961 0.112305 0.080078
0 0.248535 0.213867 0.079102 0.078125
0 0.247070 0.401367 0.070312 0.099609
0 0.283203 0.302734 0.083984 0.113281
0 0.389160 0.162109 0.049805 0.058594
0 0.960449 0.144043 0.079102 0.071289
0 0.913086 0.260254 0.107422 0.075195
0 0.430664 0.237793 0.068359 0.067383
0 0.741211 0.267090 0.072266 0.053711
0 0.666504 0.281738 0.083008 0.073242
0 0.255371 0.681641 0.086914 0.076172
0 0.151367 0.676270 0.080078 0.051758
0 0.421387 0.664062 0.102539 0.068359
0 0.286621 0.895996 0.065430 0.096680
0 0.661621 0.752930 0.104492 0.089844
0 0.707031 0.689453 0.087891 0.066406
0 0.884277 0.788086 0.096680 0.068359
0 0.617676 0.589355 0.081055 0.071289
0 0.613281 0.664062 0.085938 0.089844
0 0.561523 0.239746 0.115234 0.069336
