0 0.224609 0.193848 0.083984 0.096680
0 0.114746 0.253418 0.086914 0.075195
0 0.034180 0.360352 0.062500 0.099609
0 0.120605 0.361328 0.090820 0.089844
0 0.485352 0.378418 0.085938 0.102539
0 0.242188 0.496094 0.115234 0.136719
0 0.080566 0.699707 0.092773 0.092773
0 0.385254 0.648438 0.063477 0.089844
0 0.338867 0.722168 0.091797 0.081055
0 0.099609 0.834473 0.064453 0.057617
0 0.359375 0.835938 0.068359 0.078125
0 0.411133 0.893066 0.066406 0.071289
0 0.499512 0.624023 0.092773 0.080078
0 0.437988 0.708496 0.069336 0.065430
0 0.610840 0.397461 0.071289 0.091797
0 0.643066 0.793945 0.092773 0.083984
0 0.719238 0.722168 0.098633 0.083008
0 0.681152 0.943848 0.071289 0.055664
0 0.647949 0.865723 0.063477 0.053711
0 0.852051 0.426270 0.057617 0.088867
0 0.906250 0.442383 0.050781 0.083984
0 0.953613 0.356445 0.063477 0.078125
0 0.972168 0.477051 0.055664 0.092773
0 0.715820 0.105469 0.062500 0.064453
0 0.942871 0.754395 0.075195 0.081055
0 0.770020 0.809570 0.086914 0.058594
0 0.812012 0.890625 0.094727 0.052734
0 0.493652 0.221680 0.094727 0.072266
0 0.533691 0.284668 0.079102 0.077148
0 0.923828 0.639648 0.056641 0.087891
