0 0.411621 0.056641 0.137695 0.111328
0 0.484863 0.116699 0.043945 0.073242
0 0.325684 0.291504 0.239258 0.155273
0 0.407715 0.419922 0.075195 0.078125
0 0.194824 0.486328 0.116211 0.095703
0 0.041504 0.569336 0.079102 0.095703
0 0.100586 0.496582 0.078125 0.090820
0 0.063477 0.264160 0.107422 0.110352
0 0.252930 0.565918 0.101562 0.081055
0 0.394531 0.547852 0.097656 0.076172
0 0.210449 0.635742 0.114258 0.064453
0 0.127441 0.689941 0.094727 0.077148
0 0.076660 0.771484 0.075195 0.087891
0 0.204102 0.716797 0.078125 0.062500
0 0.027344 0.862305 0.044922 0.082031
0 0.018555 0.783203 0.035156 0.074219
0 0.122559 0.814941 0.086914 0.079102
0 0.070801 0.945312 0.092773 0.060547
0 0.549805 0.773926 0.093750 0.122070
0 0.707031 0.535645 0.103516 0.090820
0 0.677246 0.281738 0.083008 0.102539
0 0.522949 0.330078 0.094727 0.091797
0 0.485840 0.433105 0.084961 0.106445
0 0.628418 0.468750 0.061523 0.066406
0 0.684570 0.387695 0.070312 0.076172
0 0.937500 0.791504 0.068359 0.086914
0 0.892578 0.745605 0.076172 0.073242
0 0.858887 0.486816 0.106445 0.098633
0 0.925293 0.565918 0.122070 0.125977
0 0.969727 0.218750 0.060547 0.109375
0 0.953613 0.041504 0.092773 0.073242
0 0.761230 0.264648 0.069336 0.083984
0 0.838867 0.307129 0.113281 0.083008
0 0.392578 0.882812 0.078125 0.068359
0 0.260742 0.166504 0.105469 0.077148
