0 0.119141 0.418945 0.134766 0.097656
0 0.270996 0.586914 0.122070 0.111328
0 0.508789 0.689941 0.115234 0.114258
0 0.601562 0.688477 0.105469 0.103516
0 0.292480 0.729980 0.090820 0.094727
0 0.387207 0.732910 0.092773 0.106445
0 0.193848 0.888672 0.102539 0.087891
0 0.095703 0.972168 0.087891 0.055664
0 0.541992 0.895020 0.109375 0.118164
0 0.672852 0.799805 0.074219 0.103516
0 0.383789 0.448242 0.099609 0.140625
0 0.655762 0.569336 0.102539 0.080078
0 0.744629 0.505859 0.116211 0.089844
0 0.712402 0.648926 0.112305 0.083008
0 0.929199 0.798340 0.141602 0.084961
0 0.419434 0.945312 0.104492 0.080078
0 0.459961 0.156738 0.066406 0.108398
0 0.893555 0.340820 0.105469 0.087891
0 0.582520 0.126465 0.049805 0.079102
0 0.764648 0.151367 0.078125 0.085938
0 0.837402 0.100586 0.090820 0.080078
0 0.349609 0.049316 0.103516 0.084961
