0 0.071289 0.724121 0.091797 0.104492
0 0.103027 0.556152 0.081055 0.088867
0 0.189453 0.545898 0.068359 0.083984
0 0.304199 0.551758 0.122070 0.130859
0 0.231934 0.397949 0.120117 0.104492
0 0.350586 0.430176 0.097656 0.110352
0 0.305176 0.889648 0.073242 0.095703
0 0.496094 0.894531 0.085938 0.085938
0 0.607422 0.816895 0.130859 0.125977
0 0.510742 0.739746 0.130859 0.102539
0 0.843750 0.664551 0.087891 0.081055
0 0.892578 0.778809 0.113281 0.084961
0 0.334473 0.198242 0.083008 0.083984
0 0.399414 0.293457 0.101562 0.081055
0 0.450195 0.349609 0.089844 0.078125
