0 0.125977 0.036133 0.085938 0.068359
0 0.378418 0.135254 0.104492 0.090820
0 0.029785 0.228516 0.051758 0.074219
0 0.078125 0.287598 0.080078 0.088867
0 0.156250 0.139160 0.126953 0.081055
0 0.237793 0.228516 0.083008 0.087891
0 0.330078 0.200684 0.101562 0.090820
0 0.250977 0.356934 0.093750 0.079102
0 0.304199 0.423828 0.088867 0.083984
0 0.484375 0.207031 0.091797 0.097656
0 0.571289 0.238770 0.095703 0.083008
0 0.763184 0.043945 0.083008 0.080078
0 0.716309 0.123047 0.100586 0.105469
0 0.644043 0.362793 0.077148 0.118164
0 0.943848 0.065918 0.106445 0.098633
0 0.835449 0.131348 0.071289 0.065430
0 0.800293 0.206543 0.065430 0.086914
0 0.853027 0.264160 0.075195 0.088867
0 0.708984 0.460938 0.105469 0.105469
0 0.667480 0.560547 0.079102 0.083984
0 0.727051 0.652344 0.106445 0.101562
0 0.969727 0.770508 0.060547 0.095703
0 0.479004 0.507324 0.096680 0.061523
0 0.389648 0.668457 0.101562 0.090820
0 0.504883 0.614746 0.093750 0.073242
0 0.597656 0.631348 0.082031 0.079102
0 0.642090 0.702637 0.083008 0.102539
0 0.701172 0.818359 0.085938 0.083984
0 0.069336 0.929199 0.128906 0.141602
0 0.198242 0.943848 0.089844 0.112305
0 0.231934 0.841309 0.120117 0.102539
0 0.178711 0.730469 0.095703 0.113281
0 0.424805 0.730957 0.099609 0.077148
0 0.926270 0.927246 0.086914 0.092773
