0 0.965332 0.060059 0.069336 0.112305
0 0.792480 0.055176 0.096680 0.083008
0 0.875977 0.172852 0.113281 0.111328
0 0.800293 0.278320 0.086914 0.109375
0 0.971191 0.466797 0.057617 0.150391
0 0.884766 0.485840 0.078125 0.116211
0 0.756348 0.558594 0.094727 0.105469
0 0.883789 0.815430 0.085938 0.099609
0 0.795898 0.753418 0.089844 0.106445
0 0.733398 0.908203 0.125000 0.152344
0 0.572754 0.623535 0.129883 0.157227
0 0.616211 0.246582 0.107422 0.092773
0 0.558594 0.319336 0.087891 0.091797
0 0.419434 0.168945 0.122070 0.126953
0 0.197266 0.085449 0.117188 0.114258
0 0.148926 0.303223 0.176758 0.176758
0 0.228516 0.687500 0.113281 0.113281
0 0.285645 0.148926 0.124023 0.166992
0 0.362793 0.253906 0.088867 0.126953
0 0.480469 0.306641 0.076172 0.087891
0 0.417969 0.329590 0.085938 0.100586
0 0.408691 0.406738 0.090820 0.086914
0 0.456543 0.472168 0.084961 0.073242
0 0.511230 0.428711 0.100586 0.121094
0 0.645996 0.494629 0.112305 0.131836
