0 0.159668 0.031738 0.098633 0.061523
0 0.195312 0.121582 0.089844 0.079102
0 0.106445 0.235840 0.074219 0.073242
0 0.152344 0.370117 0.091797 0.074219
0 0.201172 0.480469 0.097656 0.083984
0 0.077637 0.512207 0.129883 0.104492
0 0.199707 0.622559 0.094727 0.120117
0 0.222168 0.728516 0.100586 0.101562
0 0.135742 0.779297 0.085938 0.095703
0 0.080566 0.886230 0.079102 0.094727
0 0.345215 0.100098 0.139648 0.124023
0 0.306641 0.270020 0.083984 0.108398
0 0.447754 0.143066 0.083008 0.108398
0 0.387207 0.538574 0.092773 0.083008
0 0.500000 0.511230 0.134766 0.086914
0 0.694336 0.415039 0.109375 0.087891
0 0.914551 0.091797 0.086914 0.107422
0 0.646484 0.589355 0.101562 0.084961
0 0.757324 0.564453 0.110352 0.103516
0 0.858887 0.453125 0.098633 0.109375
0 0.539062 0.617188 0.097656 0.074219
0 0.456055 0.715332 0.128906 0.092773
0 0.324707 0.922363 0.114258 0.106445
0 0.594727 0.763184 0.107422 0.112305
0 0.476562 0.974609 0.130859 0.050781
0 0.611816 0.947754 0.127930 0.104492
0 0.701660 0.892578 0.120117 0.101562
0 0.759277 0.799805 0.104492 0.119141
0 0.871582 0.827148 0.094727 0.099609
0 0.832031 0.905273 0.103516 0.080078
0 0.396484 0.324219 0.105469 0.093750
