0 0.095703 0.187500 0.134766 0.142578
0 0.080566 0.426758 0.112305 0.101562
0 0.054688 0.843750 0.107422 0.160156
0 0.861816 0.075195 0.094727 0.095703
0 0.308594 0.577637 0.070312 0.090820
0 0.408203 0.530762 0.056641 0.083008
0 0.496582 0.589844 0.086914 0.107422
0 0.960938 0.846191 0.078125 0.088867
0 0.921387 0.773926 0.063477 0.067383
0 0.890625 0.825195 0.056641 0.066406
0 0.813477 0.526367 0.111328 0.087891
0 0.775879 0.711426 0.059570 0.104492
0 0.458984 0.403320 0.091797 0.083984
0 0.515625 0.261230 0.105469 0.090820
0 0.621094 0.285645 0.058594 0.075195
0 0.606445 0.380859 0.062500 0.054688
