0 0.867188 0.043945 0.070312 0.076172
0 0.824219 0.080566 0.080078 0.069336
0 0.935547 0.111328 0.082031 0.083984
0 0.874023 0.173828 0.076172 0.085938
0 0.737305 0.321289 0.085938 0.082031
0 0.540527 0.208008 0.092773 0.083984
0 0.629883 0.269531 0.078125 0.070312
0 0.446289 0.264648 0.128906 0.107422
0 0.332031 0.200684 0.107422 0.084961
0 0.280273 0.381836 0.097656 0.087891
0 0.186035 0.158203 0.094727 0.087891
0 0.130371 0.279297 0.104492 0.080078
0 0.219238 0.250488 0.092773 0.098633
0 0.228027 0.090332 0.084961 0.086914
0 0.491211 0.427246 0.130859 0.079102
0 0.514160 0.331055 0.104492 0.068359
0 0.201660 0.576172 0.063477 0.054688
0 0.250488 0.602539 0.057617 0.052734
0 0.318848 0.621582 0.065430 0.081055
0 0.139648 0.612305 0.083984 0.076172
0 0.218750 0.675781 0.134766 0.103516
0 0.318359 0.733887 0.119141 0.122070
0 0.215820 0.785156 0.134766 0.123047
0 0.098145 0.702637 0.159180 0.166992
0 0.491211 0.625000 0.115234 0.099609
0 0.189453 0.892090 0.115234 0.090820
0 0.333496 0.951172 0.100586 0.068359
0 0.450195 0.964844 0.095703 0.070312
0 0.518066 0.912598 0.075195 0.067383
0 0.875000 0.942871 0.103516 0.090820
0 0.820312 0.814453 0.103516 0.091797
0 0.620117 0.772949 0.109375 0.079102
0 0.025391 0.154785 0.046875 0.110352
