0 0.915039 0.109863 0.093750 0.114258
0 0.770996 0.228027 0.122070 0.108398
0 0.376953 0.106934 0.085938 0.086914
0 0.274902 0.162109 0.106445 0.097656
0 0.174805 0.223145 0.091797 0.081055
0 0.139648 0.091797 0.111328 0.078125
0 0.163574 0.146484 0.088867 0.076172
0 0.092773 0.839355 0.089844 0.083008
0 0.145020 0.944824 0.067383 0.104492
0 0.267090 0.862305 0.092773 0.107422
0 0.190918 0.809082 0.081055 0.090820
0 0.378418 0.770508 0.083008 0.099609
0 0.207031 0.611816 0.078125 0.088867
0 0.486328 0.558594 0.101562 0.109375
0 0.411133 0.607422 0.087891 0.083984
0 0.589355 0.495605 0.100586 0.071289
0 0.677734 0.495605 0.093750 0.071289
0 0.714844 0.426758 0.121094 0.078125
0 0.801270 0.471191 0.094727 0.071289
0 0.920410 0.761719 0.075195 0.078125
0 0.741211 0.931152 0.078125 0.073242
0 0.791504 0.972656 0.090820 0.054688
0 0.039551 0.404297 0.071289 0.107422
