0 0.368164 0.055664 0.144531 0.103516
0 0.240234 0.074707 0.126953 0.137695
0 0.161133 0.402344 0.095703 0.123047
0 0.068848 0.226074 0.086914 0.112305
0 0.068848 0.377930 0.081055 0.097656
0 0.501465 0.293457 0.157227 0.139648
0 0.562012 0.118164 0.079102 0.097656
0 0.610840 0.192871 0.079102 0.084961
0 0.647949 0.448730 0.090820 0.112305
0 0.094727 0.571289 0.066406 0.091797
0 0.082520 0.792969 0.077148 0.070312
0 0.162109 0.843262 0.076172 0.083008
0 0.205566 0.916992 0.090820 0.087891
0 0.147461 0.966797 0.099609 0.066406
0 0.489258 0.843262 0.085938 0.084961
0 0.881836 0.247559 0.138672 0.108398
0 0.957520 0.344238 0.084961 0.127930
0 0.833496 0.402344 0.081055 0.093750
0 0.859375 0.322266 0.109375 0.054688
0 0.725098 0.506836 0.073242 0.078125
0 0.666016 0.576172 0.083984 0.105469
0 0.620605 0.666016 0.098633 0.066406
0 0.651855 0.824707 0.075195 0.079102
0 0.797363 0.760254 0.092773 0.081055
0 0.833496 0.847656 0.071289 0.058594
0 0.957520 0.878418 0.084961 0.073242
0 0.870605 0.947754 0.069336 0.061523
0 0.556152 0.870117 0.067383 0.087891
