0 0.966309 0.057617 0.067383 0.111328
0 0.951172 0.512207 0.097656 0.108398
0 0.892578 0.645996 0.093750 0.096680
0 0.562500 0.634766 0.076172 0.080078
0 0.789062 0.292480 0.093750 0.108398
0 0.513184 0.715820 0.098633 0.091797
0 0.672363 0.813965 0.075195 0.071289
0 0.372559 0.610840 0.094727 0.096680
0 0.329102 0.482422 0.103516 0.113281
0 0.604004 0.179199 0.061523 0.086914
0 0.579102 0.270508 0.083984 0.080078
0 0.567383 0.361328 0.080078 0.109375
0 0.703613 0.072266 0.067383 0.103516
0 0.576660 0.069824 0.114258 0.122070
0 0.466797 0.048828 0.107422 0.095703
0 0.154297 0.125000 0.080078 0.095703
0 0.118164 0.201172 0.068359 0.082031
0 0.055176 0.263184 0.086914 0.069336
0 0.072754 0.332520 0.075195 0.065430
0 0.022949 0.355957 0.038086 0.086914
0 0.036621 0.514160 0.061523 0.102539
0 0.065918 0.414062 0.055664 0.070312
0 0.085449 0.669922 0.092773 0.099609
0 0.277344 0.714844 0.091797 0.091797
0 0.562012 0.965820 0.079102 0.064453
0 0.485840 0.926758 0.065430 0.074219
