0 0.057129 0.066895 0.108398 0.120117
0 0.359375 0.148926 0.113281 0.110352
0 0.464844 0.222656 0.125000 0.125000
0 0.578125 0.239258 0.111328 0.119141
0 0.624512 0.106445 0.086914 0.097656
0 0.534180 0.045410 0.091797 0.077148
0 0.205566 0.241699 0.090820 0.102539
0 0.168945 0.316895 0.074219 0.073242
0 0.060547 0.335449 0.083984 0.092773
0 0.126465 0.401855 0.116211 0.084961
0 0.419922 0.399902 0.103516 0.092773
0 0.026367 0.563965 0.050781 0.100586
0 0.132324 0.595703 0.098633 0.093750
0 0.156250 0.673828 0.099609 0.097656
0 0.382812 0.567871 0.099609 0.090820
0 0.390137 0.684570 0.127930 0.115234
0 0.927734 0.508301 0.078125 0.114258
0 0.724609 0.483887 0.099609 0.106445
0 0.697266 0.663574 0.113281 0.094727
0 0.667480 0.921875 0.083008 0.093750
0 0.353516 0.849121 0.103516 0.102539
0 0.778809 0.055664 0.067383 0.080078
