0 0.285156 0.032715 0.097656 0.055664
0 0.136230 0.156738 0.086914 0.071289
0 0.212891 0.193359 0.087891 0.093750
0 0.360840 0.116699 0.069336 0.069336
0 0.072754 0.293457 0.092773 0.106445
0 0.058594 0.403809 0.089844 0.073242
0 0.130859 0.359375 0.078125 0.072266
0 0.195801 0.326172 0.069336 0.064453
0 0.317871 0.264160 0.096680 0.088867
0 0.421387 0.339844 0.102539 0.091797
0 0.801758 0.166992 0.078125 0.091797
0 0.979004 0.280273 0.041992 0.107422
0 0.836914 0.393555 0.085938 0.087891
0 0.899902 0.349121 0.077148 0.045898
0 0.701660 0.442871 0.071289 0.063477
0 0.664062 0.520020 0.052734 0.063477
0 0.487305 0.444336 0.085938 0.083984
0 0.461426 0.578125 0.090820 0.097656
0 0.466309 0.677734 0.092773 0.089844
0 0.475098 0.758301 0.092773 0.079102
0 0.193848 0.605957 0.102539 0.090820
0 0.341309 0.683105 0.104492 0.094727
0 0.872559 0.846680 0.118164 0.113281
0 0.869629 0.961914 0.114258 0.076172
0 0.753906 0.890625 0.087891 0.078125
0 0.620117 0.816406 0.080078 0.066406
0 0.588867 0.870605 0.076172 0.079102
0 0.354004 0.895020 0.081055 0.069336
