0 0.958496 0.177734 0.083008 0.136719
0 0.824707 0.480957 0.120117 0.125977
0 0.906738 0.645996 0.104492 0.096680
0 0.805176 0.704102 0.083008 0.089844
0 0.668945 0.829590 0.156250 0.170898
0 0.908691 0.831543 0.090820 0.098633
0 0.620117 0.943848 0.107422 0.098633
0 0.809570 0.848145 0.089844 0.090820
0 0.617676 0.455566 0.102539 0.141602
0 0.521484 0.215332 0.082031 0.139648
0 0.601074 0.238770 0.061523 0.118164
0 0.642090 0.178223 0.106445 0.092773
0 0.500977 0.117188 0.117188 0.105469
0 0.230957 0.119629 0.086914 0.102539
0 0.390137 0.732910 0.092773 0.094727
0 0.266113 0.680176 0.096680 0.137695
0 0.402344 0.641602 0.126953 0.126953
0 0.373535 0.530273 0.098633 0.105469
0 0.285156 0.367676 0.097656 0.106445
0 0.158691 0.378906 0.092773 0.111328
0 0.968750 0.456543 0.062500 0.094727
