0 0.772461 0.037109 0.183594 0.070312
0 0.810547 0.154785 0.123047 0.102539
0 0.706055 0.220703 0.082031 0.076172
0 0.619629 0.232910 0.092773 0.083008
0 0.455566 0.154785 0.102539 0.079102
0 0.490723 0.251953 0.135742 0.101562
0 0.864258 0.458008 0.173828 0.160156
0 0.703613 0.465332 0.188477 0.172852
0 0.863281 0.760254 0.158203 0.172852
0 0.683594 0.680664 0.212891 0.263672
0 0.579102 0.497559 0.154297 0.159180
0 0.791504 0.298828 0.145508 0.134766
0 0.536621 0.728027 0.096680 0.124023
0 0.498047 0.384277 0.111328 0.124023
0 0.317383 0.027832 0.078125 0.053711
0 0.211426 0.055664 0.092773 0.093750
0 0.202637 0.168945 0.110352 0.121094
0 0.263672 0.229004 0.091797 0.083008
0 0.114746 0.255859 0.106445 0.091797
0 0.037109 0.304688 0.072266 0.091797
0 0.188965 0.274414 0.084961 0.078125
0 0.266113 0.324219 0.131836 0.103516
0 0.115723 0.369141 0.106445 0.091797
0 0.046387 0.389160 0.075195 0.094727
0 0.127930 0.469727 0.119141 0.099609
0 0.036621 0.552734 0.065430 0.113281
0 0.027832 0.715820 0.049805 0.109375
0 0.192871 0.926270 0.088867 0.114258
0 0.548828 0.919434 0.107422 0.122070
0 0.392090 0.893066 0.102539 0.110352
0 0.295410 0.941895 0.100586 0.116211
