0 0.114258 0.095703 0.125000 0.109375
0 0.156738 0.193848 0.104492 0.092773
0 0.261719 0.168457 0.074219 0.067383
0 0.381348 0.161621 0.090820 0.084961
0 0.466797 0.085938 0.093750 0.091797
0 0.300293 0.216309 0.071289 0.040039
0 0.164551 0.331055 0.133789 0.126953
0 0.151367 0.442871 0.099609 0.112305
0 0.126465 0.569824 0.090820 0.106445
0 0.469238 0.236328 0.135742 0.117188
0 0.541016 0.405762 0.171875 0.172852
0 0.371582 0.406250 0.157227 0.167969
0 0.271484 0.447266 0.125000 0.117188
0 0.198242 0.657227 0.091797 0.128906
0 0.062500 0.836426 0.115234 0.112305
0 0.071777 0.960449 0.129883 0.065430
0 0.212891 0.860840 0.099609 0.124023
0 0.311035 0.952148 0.108398 0.095703
0 0.508789 0.970703 0.218750 0.058594
0 0.530273 0.704102 0.162109 0.148438
0 0.355957 0.614746 0.213867 0.254883
0 0.751465 0.446777 0.096680 0.100586
0 0.896973 0.288086 0.092773 0.089844
0 0.917969 0.196289 0.111328 0.097656
0 0.969727 0.276367 0.060547 0.128906
0 0.738770 0.691406 0.090820 0.111328
0 0.789551 0.528809 0.151367 0.229492
0 0.877441 0.625977 0.122070 0.173828
0 0.752441 0.806641 0.081055 0.183594
0 0.713379 0.947754 0.079102 0.090820
0 0.855469 0.923828 0.164062 0.152344
