0 0.916504 0.302734 0.139648 0.121094
0 0.944824 0.405273 0.110352 0.095703
0 0.649414 0.225586 0.105469 0.089844
0 0.525391 0.184570 0.132812 0.087891
0 0.362305 0.062012 0.089844 0.092773
0 0.101074 0.150879 0.151367 0.129883
0 0.541992 0.396484 0.119141 0.146484
0 0.407715 0.589355 0.165039 0.180664
0 0.650391 0.348633 0.105469 0.087891
0 0.916504 0.492188 0.084961 0.103516
0 0.850098 0.564941 0.081055 0.112305
0 0.855469 0.680176 0.083984 0.100586
0 0.765625 0.729980 0.099609 0.071289
0 0.648438 0.743652 0.126953 0.096680
0 0.951172 0.731934 0.072266 0.096680
0 0.970215 0.837402 0.059570 0.090820
0 0.959961 0.961426 0.080078 0.077148
0 0.383301 0.890625 0.124023 0.072266
0 0.549316 0.935547 0.081055 0.054688
0 0.187988 0.786133 0.135742 0.103516
0 0.084473 0.899414 0.131836 0.089844
0 0.094238 0.600098 0.092773 0.098633
0 0.084473 0.701172 0.098633 0.076172
