0 0.145996 0.350098 0.083008 0.084961
0 0.244141 0.376953 0.087891 0.101562
0 0.372070 0.468262 0.128906 0.081055
0 0.573730 0.496582 0.120117 0.079102
0 0.706055 0.506836 0.130859 0.103516
0 0.902344 0.365234 0.083984 0.074219
0 0.969238 0.344727 0.061523 0.066406
0 0.532715 0.599121 0.118164 0.110352
0 0.379883 0.589844 0.136719 0.113281
0 0.320801 0.658691 0.114258 0.124023
0 0.175293 0.794434 0.143555 0.145508
0 0.190430 0.473633 0.136719 0.091797
0 0.037598 0.512207 0.073242 0.077148
0 0.024902 0.847168 0.045898 0.112305
0 0.098145 0.954590 0.086914 0.084961
0 0.920410 0.900879 0.116211 0.086914
0 0.185059 0.120117 0.092773 0.083984
0 0.922852 0.255859 0.087891 0.070312
