0 0.189453 0.397949 0.103516 0.100586
0 0.866699 0.327148 0.112305 0.085938
0 0.705078 0.332031 0.087891 0.095703
0 0.565918 0.320801 0.104492 0.110352
0 0.626465 0.427734 0.092773 0.078125
0 0.925293 0.460938 0.112305 0.087891
0 0.865234 0.560547 0.138672 0.125000
0 0.613281 0.729004 0.103516 0.086914
0 0.408203 0.758301 0.093750 0.114258
0 0.456055 0.881348 0.111328 0.104492
0 0.497070 0.790527 0.107422 0.096680
0 0.693359 0.972168 0.125000 0.055664
0 0.452637 0.585938 0.116211 0.109375
0 0.408691 0.509277 0.086914 0.092773
0 0.306641 0.553711 0.101562 0.078125
0 0.431152 0.411133 0.108398 0.089844
0 0.225586 0.485352 0.203125 0.119141
0 0.244629 0.868164 0.079102 0.093750
0 0.298828 0.942871 0.068359 0.086914
0 0.360840 0.968262 0.084961 0.063477
0 0.032227 0.769043 0.056641 0.100586
0 0.023926 0.870117 0.043945 0.078125
0 0.046387 0.955078 0.090820 0.089844
0 0.852539 0.896973 0.099609 0.133789
0 0.161621 0.036621 0.081055 0.065430
0 0.026367 0.104492 0.048828 0.091797
0 0.671387 0.144043 0.069336 0.075195
0 0.505371 0.129883 0.122070 0.091797
