0 0.048828 0.168945 0.095703 0.138672
0 0.069824 0.254395 0.096680 0.061523
0 0.037109 0.308594 0.068359 0.093750
0 0.367188 0.363281 0.089844 0.089844
0 0.865723 0.070312 0.059570 0.126953
0 0.948242 0.087891 0.074219 0.136719
0 0.755371 0.235352 0.102539 0.119141
0 0.507812 0.621582 0.072266 0.125977
0 0.083008 0.412109 0.097656 0.107422
0 0.323730 0.777344 0.106445 0.089844
0 0.563965 0.727051 0.110352 0.090820
0 0.496582 0.387695 0.110352 0.097656
0 0.391113 0.590332 0.090820 0.116211
0 0.039062 0.885742 0.068359 0.082031
