0 0.048828 0.041992 0.089844 0.082031
0 0.137695 0.159180 0.134766 0.072266
0 0.332520 0.108887 0.118164 0.104492
0 0.427246 0.041016 0.104492 0.072266
0 0.259766 0.167480 0.083984 0.090820
0 0.036621 0.229980 0.061523 0.137695
0 0.125488 0.276367 0.094727 0.128906
0 0.141113 0.408691 0.092773 0.110352
0 0.070801 0.522949 0.100586 0.133789
0 0.184570 0.533691 0.103516 0.127930
0 0.307129 0.536133 0.114258 0.121094
0 0.223145 0.288574 0.086914 0.133789
0 0.362305 0.221191 0.109375 0.075195
0 0.573242 0.171387 0.117188 0.098633
0 0.645020 0.074707 0.086914 0.077148
0 0.728516 0.043457 0.103516 0.073242
0 0.804688 0.128906 0.087891 0.101562
0 0.722168 0.158691 0.079102 0.071289
0 0.691895 0.251465 0.094727 0.116211
0 0.476562 0.330566 0.095703 0.094727
0 0.598145 0.329102 0.122070 0.121094
0 0.690918 0.397461 0.088867 0.115234
0 0.339355 0.646973 0.090820 0.104492
0 0.451660 0.706055 0.102539 0.132812
0 0.315918 0.753418 0.077148 0.141602
0 0.236328 0.732910 0.078125 0.125977
0 0.268555 0.840332 0.076172 0.075195
0 0.408691 0.870117 0.127930 0.123047
0 0.976562 0.654297 0.046875 0.080078
0 0.931641 0.736328 0.101562 0.089844
0 0.755371 0.754883 0.100586 0.095703
0 0.728516 0.825195 0.097656 0.089844
0 0.828125 0.836426 0.111328 0.112305
0 0.951172 0.853516 0.097656 0.105469
0 0.972168 0.338867 0.055664 0.101562
