0 0.937988 0.116699 0.124023 0.120117
0 0.812500 0.127930 0.095703 0.105469
0 0.744629 0.141602 0.081055 0.107422
0 0.663574 0.142578 0.096680 0.115234
0 0.568848 0.153320 0.083008 0.083984
0 0.903320 0.235352 0.119141 0.103516
0 0.429688 0.309570 0.130859 0.117188
0 0.117188 0.771973 0.125000 0.118164
0 0.040039 0.861328 0.068359 0.111328
0 0.122070 0.361328 0.101562 0.101562
0 0.034180 0.365723 0.062500 0.104492
0 0.283203 0.122070 0.095703 0.087891
0 0.239746 0.375000 0.116211 0.111328
0 0.190430 0.463379 0.117188 0.108398
0 0.386230 0.160645 0.088867 0.112305
0 0.068848 0.038086 0.116211 0.074219
0 0.300781 0.323242 0.101562 0.089844
