0 0.129883 0.033691 0.162109 0.065430
0 0.078125 0.167480 0.087891 0.071289
0 0.025879 0.233887 0.049805 0.094727
0 0.139648 0.576660 0.130859 0.139648
0 0.027832 0.572266 0.053711 0.101562
0 0.076172 0.359375 0.105469 0.111328
0 0.438965 0.657715 0.129883 0.129883
0 0.573730 0.839355 0.102539 0.102539
0 0.366699 0.807617 0.125977 0.136719
0 0.164062 0.796875 0.101562 0.099609
0 0.169434 0.915527 0.094727 0.112305
0 0.349121 0.973633 0.120117 0.052734
0 0.892090 0.064941 0.131836 0.100586
0 0.688477 0.050293 0.107422 0.088867
0 0.692383 0.152344 0.097656 0.107422
0 0.797852 0.208008 0.093750 0.101562
0 0.873047 0.316406 0.097656 0.087891
0 0.877930 0.449219 0.089844 0.099609
0 0.808105 0.547852 0.133789 0.123047
0 0.933594 0.945801 0.128906 0.084961
0 0.789551 0.417969 0.086914 0.144531
0 0.603027 0.229980 0.168945 0.133789
0 0.455566 0.088867 0.147461 0.078125
