0 0.151855 0.287598 0.120117 0.092773
0 0.049805 0.383301 0.076172 0.104492
0 0.041016 0.501953 0.062500 0.117188
0 0.034180 0.622559 0.056641 0.110352
0 0.162598 0.407715 0.124023 0.114258
0 0.104492 0.523438 0.058594 0.097656
0 0.083008 0.710938 0.107422 0.160156
0 0.336426 0.394531 0.108398 0.111328
0 0.349121 0.238770 0.108398 0.108398
0 0.455078 0.310059 0.085938 0.102539
0 0.435547 0.557617 0.080078 0.083984
0 0.465820 0.651855 0.109375 0.114258
0 0.511230 0.427734 0.092773 0.103516
0 0.512207 0.220215 0.077148 0.104492
0 0.578613 0.723145 0.110352 0.098633
0 0.552734 0.833984 0.085938 0.097656
0 0.440430 0.830078 0.089844 0.125000
0 0.745117 0.538574 0.111328 0.090820
0 0.826172 0.510742 0.089844 0.080078
0 0.763672 0.751465 0.117188 0.098633
0 0.858398 0.614258 0.097656 0.119141
0 0.953613 0.578613 0.088867 0.084961
