0 0.315918 0.063965 0.182617 0.120117
0 0.206055 0.199219 0.144531 0.101562
0 0.382324 0.166504 0.108398 0.149414
0 0.214844 0.526855 0.103516 0.122070
0 0.229980 0.623535 0.088867 0.092773
0 0.318848 0.538574 0.112305 0.122070
0 0.849609 0.316406 0.097656 0.117188
0 0.962891 0.273926 0.070312 0.069336
0 0.966309 0.191406 0.067383 0.087891
0 0.828125 0.423828 0.068359 0.068359
0 0.617188 0.543945 0.103516 0.091797
0 0.540039 0.607422 0.085938 0.085938
0 0.588379 0.724609 0.116211 0.109375
0 0.497559 0.756348 0.083008 0.077148
0 0.441895 0.818848 0.090820 0.096680
0 0.414551 0.890137 0.098633 0.069336
0 0.378418 0.964844 0.100586 0.070312
0 0.972168 0.521973 0.055664 0.069336
0 0.947266 0.596680 0.105469 0.066406
0 0.946777 0.679688 0.106445 0.082031
0 0.955078 0.964355 0.087891 0.071289
0 0.949219 0.869141 0.095703 0.099609
0 0.955078 0.767090 0.089844 0.096680
