0 0.094238 0.472656 0.108398 0.111328
0 0.046875 0.533691 0.083984 0.116211
0 0.056152 0.611328 0.104492 0.113281
0 0.053223 0.924805 0.086914 0.140625
0 0.615234 0.042480 0.089844 0.075195
0 0.571289 0.114746 0.085938 0.071289
0 0.979980 0.177246 0.040039 0.083008
0 0.981934 0.283203 0.036133 0.107422
0 0.528809 0.268066 0.086914 0.096680
0 0.591797 0.333496 0.105469 0.090820
0 0.648438 0.425781 0.115234 0.125000
0 0.907227 0.717773 0.085938 0.091797
0 0.619629 0.558105 0.122070 0.104492
0 0.695801 0.655273 0.090820 0.111328
0 0.395996 0.075684 0.086914 0.084961
0 0.365234 0.228516 0.074219 0.064453
