0 0.152344 0.071289 0.099609 0.093750
0 0.065918 0.080566 0.092773 0.094727
0 0.189941 0.236816 0.108398 0.104492
0 0.041992 0.229004 0.072266 0.116211
0 0.191406 0.428223 0.085938 0.079102
0 0.216797 0.512207 0.099609 0.088867
0 0.075195 0.466797 0.066406 0.062500
0 0.112793 0.535645 0.075195 0.075195
0 0.119629 0.626953 0.055664 0.062500
0 0.052734 0.640137 0.074219 0.088867
0 0.163574 0.730469 0.110352 0.074219
0 0.222656 0.639160 0.089844 0.084961
0 0.407715 0.719238 0.102539 0.100586
0 0.481445 0.752930 0.099609 0.091797
0 0.397949 0.827637 0.081055 0.081055
0 0.600586 0.811523 0.093750 0.060547
0 0.517578 0.853027 0.070312 0.100586
0 0.478516 0.498535 0.089844 0.090820
0 0.556152 0.536621 0.106445 0.100586
0 0.479492 0.379395 0.087891 0.083008
0 0.527832 0.307617 0.081055 0.089844
0 0.595703 0.345215 0.072266 0.104492
0 0.606934 0.259766 0.086914 0.095703
0 0.583008 0.103027 0.074219 0.077148
0 0.645508 0.180664 0.097656 0.095703
0 0.651367 0.049805 0.083984 0.085938
0 0.724121 0.101074 0.088867 0.092773
0 0.730957 0.266602 0.086914 0.083984
0 0.750977 0.184082 0.101562 0.083008
0 0.880859 0.242188 0.091797 0.076172
0 0.799805 0.212891 0.074219 0.062500
0 0.927734 0.165039 0.099609 0.082031
0 0.961426 0.027344 0.071289 0.052734
0 0.652344 0.715820 0.064453 0.087891
0 0.727051 0.767578 0.102539 0.076172
