0 0.095215 0.063477 0.090820 0.087891
0 0.226562 0.027344 0.097656 0.044922
0 0.221191 0.154785 0.092773 0.084961
0 0.629883 0.087891 0.099609 0.109375
0 0.484863 0.072266 0.102539 0.107422
0 0.324219 0.082520 0.107422 0.125977
0 0.189453 0.325684 0.107422 0.090820
0 0.056641 0.306641 0.083984 0.066406
0 0.064453 0.423340 0.080078 0.088867
0 0.179688 0.435547 0.103516 0.087891
0 0.028809 0.604980 0.055664 0.145508
0 0.046875 0.940430 0.085938 0.119141
0 0.138184 0.827637 0.098633 0.098633
0 0.146484 0.915527 0.119141 0.083008
0 0.354492 0.841797 0.111328 0.109375
0 0.519531 0.653320 0.107422 0.107422
0 0.539551 0.769043 0.104492 0.094727
0 0.425781 0.380371 0.117188 0.116211
0 0.502930 0.436523 0.095703 0.082031
0 0.584473 0.358887 0.112305 0.110352
0 0.541016 0.866699 0.082031 0.055664
0 0.611328 0.843750 0.087891 0.087891
0 0.697754 0.878906 0.094727 0.082031
0 0.778320 0.938477 0.087891 0.091797
0 0.871582 0.931152 0.084961 0.086914
0 0.960938 0.878906 0.078125 0.093750
0 0.665039 0.772461 0.082031 0.109375
0 0.754883 0.799805 0.091797 0.099609
0 0.837891 0.828125 0.103516 0.091797
0 0.923340 0.777832 0.090820 0.086914
0 0.939941 0.681152 0.110352 0.104492
0 0.975098 0.603516 0.049805 0.101562
0 0.729004 0.254883 0.116211 0.109375
0 0.765625 0.343750 0.091797 0.093750
0 0.848145 0.293945 0.100586 0.115234
0 0.969727 0.319824 0.060547 0.084961
0 0.725098 0.093262 0.090820 0.106445
0 0.786621 0.151367 0.086914 0.126953
0 0.853027 0.117188 0.073242 0.080078
0 0.888184 0.184570 0.090820 0.091797
