0 0.950684 0.080078 0.098633 0.085938
0 0.460449 0.040039 0.094727 0.078125
0 0.529297 0.100586 0.119141 0.109375
0 0.748047 0.213867 0.095703 0.107422
0 0.813965 0.150391 0.102539 0.091797
0 0.726562 0.128906 0.093750 0.103516
0 0.612793 0.180176 0.073242 0.102539
0 0.632812 0.291992 0.076172 0.091797
0 0.738281 0.326660 0.099609 0.145508
0 0.975586 0.508789 0.048828 0.091797
0 0.946289 0.592773 0.087891 0.083984
0 0.588379 0.351562 0.110352 0.076172
0 0.303711 0.297363 0.126953 0.104492
0 0.189453 0.275391 0.132812 0.103516
0 0.385742 0.403320 0.085938 0.082031
0 0.352539 0.473145 0.093750 0.088867
0 0.620605 0.431641 0.067383 0.105469
0 0.550293 0.453613 0.077148 0.092773
0 0.434082 0.609375 0.083008 0.101562
0 0.380371 0.704102 0.086914 0.115234
0 0.528320 0.702148 0.097656 0.117188
0 0.479492 0.800293 0.093750 0.127930
0 0.753906 0.864258 0.101562 0.109375
0 0.739258 0.964844 0.103516 0.070312
0 0.845703 0.883789 0.087891 0.128906
0 0.240723 0.888672 0.122070 0.126953
