0 0.053711 0.061035 0.070312 0.083008
0 0.055176 0.172363 0.092773 0.088867
0 0.461426 0.105469 0.094727 0.064453
0 0.298828 0.145020 0.115234 0.090820
0 0.201172 0.120117 0.087891 0.076172
0 0.398438 0.145508 0.068359 0.074219
0 0.635742 0.091797 0.089844 0.068359
0 0.508789 0.184570 0.082031 0.095703
0 0.451660 0.258789 0.081055 0.095703
0 0.845703 0.279785 0.109375 0.122070
0 0.757324 0.074219 0.166992 0.126953
0 0.921875 0.045898 0.156250 0.076172
0 0.906738 0.123535 0.153320 0.118164
0 0.077637 0.444824 0.143555 0.223633
0 0.125488 0.702148 0.110352 0.082031
0 0.289551 0.794434 0.106445 0.102539
0 0.149414 0.839355 0.138672 0.102539
0 0.200195 0.673340 0.087891 0.081055
0 0.400879 0.966309 0.079102 0.059570
0 0.393066 0.436523 0.084961 0.095703
0 0.355469 0.354492 0.080078 0.080078
0 0.255371 0.238770 0.081055 0.069336
0 0.181152 0.232422 0.120117 0.115234
0 0.527344 0.468750 0.089844 0.085938
0 0.584473 0.549805 0.100586 0.083984
0 0.567383 0.635254 0.085938 0.086914
0 0.368652 0.693848 0.092773 0.094727
0 0.658691 0.658691 0.079102 0.102539
0 0.558105 0.899414 0.098633 0.076172
0 0.599609 0.970703 0.093750 0.058594
0 0.669434 0.568359 0.084961 0.111328
0 0.779297 0.584961 0.126953 0.121094
0 0.739258 0.683105 0.083984 0.116211
