0 0.909180 0.101074 0.134766 0.145508
0 0.852539 0.291992 0.105469 0.117188
0 0.784668 0.043945 0.081055 0.080078
0 0.726074 0.051270 0.073242 0.083008
0 0.639648 0.085938 0.074219 0.062500
0 0.507324 0.185059 0.084961 0.079102
0 0.456055 0.249512 0.072266 0.108398
0 0.978516 0.417480 0.042969 0.073242
0 0.969238 0.502930 0.061523 0.068359
0 0.955078 0.573730 0.089844 0.079102
0 0.881836 0.584473 0.062500 0.079102
0 0.801758 0.583984 0.089844 0.076172
0 0.462402 0.105957 0.071289 0.075195
0 0.392090 0.149902 0.083008 0.102539
0 0.252930 0.243652 0.082031 0.092773
0 0.341309 0.262207 0.083008 0.065430
0 0.373047 0.347656 0.080078 0.089844
0 0.404785 0.433594 0.083008 0.082031
0 0.167480 0.219727 0.102539 0.078125
0 0.277832 0.724121 0.094727 0.092773
0 0.478027 0.742676 0.090820 0.079102
0 0.532227 0.475098 0.078125 0.077148
0 0.550781 0.554199 0.068359 0.073242
0 0.645996 0.568848 0.098633 0.094727
0 0.736328 0.586914 0.076172 0.089844
0 0.570312 0.645996 0.091797 0.073242
0 0.653809 0.660645 0.079102 0.077148
0 0.750977 0.664551 0.091797 0.096680
0 0.952148 0.685059 0.095703 0.092773
0 0.575684 0.889648 0.102539 0.103516
0 0.621094 0.972168 0.091797 0.055664
0 0.109863 0.813965 0.118164 0.094727
0 0.041992 0.861328 0.072266 0.097656
0 0.153809 0.724609 0.100586 0.087891
