0 0.413086 0.047852 0.115234 0.093750
0 0.541504 0.042969 0.122070 0.080078
0 0.402832 0.177246 0.096680 0.110352
0 0.543457 0.137695 0.143555 0.089844
0 0.515625 0.523926 0.099609 0.077148
0 0.424316 0.545898 0.094727 0.083984
0 0.483398 0.595703 0.099609 0.085938
0 0.610352 0.646973 0.132812 0.106445
0 0.038086 0.724609 0.068359 0.103516
0 0.175293 0.785156 0.092773 0.109375
0 0.142090 0.897461 0.088867 0.123047
0 0.547852 0.708496 0.121094 0.094727
0 0.875000 0.762695 0.130859 0.085938
0 0.910645 0.862305 0.098633 0.083984
0 0.785645 0.942871 0.118164 0.104492
