0 0.931152 0.219238 0.120117 0.108398
0 0.714355 0.095703 0.102539 0.080078
0 0.652832 0.023926 0.106445 0.040039
0 0.513184 0.032715 0.081055 0.043945
0 0.463379 0.096680 0.088867 0.076172
0 0.548340 0.112793 0.079102 0.061523
0 0.520508 0.180176 0.097656 0.077148
0 0.591797 0.233398 0.091797 0.080078
0 0.698242 0.257812 0.115234 0.074219
0 0.392090 0.157715 0.122070 0.118164
0 0.460938 0.263672 0.056641 0.087891
0 0.143066 0.128418 0.155273 0.098633
0 0.376953 0.424805 0.091797 0.099609
0 0.328613 0.489746 0.092773 0.102539
0 0.431641 0.481445 0.082031 0.101562
0 0.398438 0.585449 0.113281 0.108398
0 0.250977 0.674805 0.121094 0.109375
0 0.063477 0.646973 0.115234 0.094727
0 0.517578 0.687012 0.078125 0.133789
0 0.707031 0.375000 0.095703 0.083984
0 0.808594 0.328613 0.134766 0.081055
0 0.937988 0.317383 0.104492 0.064453
0 0.959961 0.395996 0.080078 0.077148
0 0.638184 0.437012 0.079102 0.098633
0 0.792969 0.539551 0.113281 0.094727
0 0.631348 0.610352 0.059570 0.087891
0 0.821289 0.806641 0.136719 0.097656
0 0.463867 0.805176 0.101562 0.059570
0 0.338867 0.910156 0.072266 0.132812
