0 0.025879 0.224121 0.047852 0.088867
0 0.031250 0.337891 0.048828 0.087891
0 0.305176 0.298828 0.112305 0.093750
0 0.425293 0.286621 0.118164 0.104492
0 0.534668 0.212402 0.139648 0.092773
0 0.422363 0.111328 0.114258 0.109375
0 0.550781 0.030762 0.107422 0.059570
0 0.612305 0.391602 0.089844 0.117188
0 0.648438 0.655273 0.101562 0.105469
0 0.511719 0.766602 0.097656 0.076172
0 0.395020 0.763184 0.079102 0.065430
0 0.288086 0.733398 0.107422 0.085938
0 0.091309 0.686523 0.129883 0.091797
0 0.116699 0.790527 0.102539 0.083008
0 0.305176 0.835449 0.100586 0.065430
0 0.393555 0.840820 0.093750 0.070312
0 0.488281 0.843750 0.083984 0.066406
0 0.535645 0.912598 0.083008 0.110352
0 0.427734 0.925781 0.074219 0.097656
0 0.643555 0.952148 0.068359 0.087891
0 0.926758 0.818359 0.103516 0.105469
0 0.826172 0.775391 0.105469 0.087891
0 0.726074 0.745117 0.104492 0.074219
0 0.774414 0.378418 0.113281 0.114258
0 0.730469 0.528320 0.091797 0.117188
0 0.770508 0.614746 0.058594 0.112305
0 0.901367 0.718750 0.097656 0.076172
0 0.694824 0.277832 0.098633 0.098633
0 0.888184 0.233398 0.124023 0.091797
0 0.820801 0.180664 0.133789 0.097656
0 0.824219 0.048828 0.082031 0.062500
0 0.304688 0.106934 0.076172 0.092773
