0 0.692871 0.051270 0.124023 0.088867
0 0.819336 0.166992 0.189453 0.162109
0 0.738770 0.316895 0.124023 0.129883
0 0.525879 0.205566 0.124023 0.106445
0 0.589355 0.299805 0.120117 0.119141
0 0.502930 0.345215 0.097656 0.104492
0 0.472656 0.428711 0.115234 0.123047
0 0.456543 0.563477 0.127930 0.107422
0 0.376465 0.474121 0.124023 0.118164
0 0.444824 0.044922 0.104492 0.078125
0 0.349121 0.128418 0.092773 0.098633
0 0.181641 0.154785 0.095703 0.102539
0 0.915527 0.498047 0.165039 0.158203
0 0.954590 0.645020 0.090820 0.125977
0 0.966309 0.915039 0.067383 0.169922
0 0.689453 0.896973 0.158203 0.129883
0 0.189941 0.550781 0.120117 0.082031
0 0.333496 0.881836 0.120117 0.162109
0 0.267578 0.951172 0.111328 0.097656
0 0.040527 0.866699 0.079102 0.133789
0 0.685059 0.633789 0.108398 0.107422
0 0.031738 0.267578 0.051758 0.117188
0 0.026367 0.673340 0.042969 0.086914
0 0.744629 0.724121 0.100586 0.088867
0 0.348633 0.285156 0.115234 0.123047
