0 0.882324 0.215332 0.141602 0.165039
0 0.604004 0.250977 0.139648 0.121094
0 0.427734 0.257324 0.126953 0.084961
0 0.328613 0.165039 0.157227 0.156250
0 0.404785 0.361816 0.131836 0.124023
0 0.226074 0.312500 0.106445 0.076172
0 0.259766 0.394043 0.117188 0.081055
0 0.123047 0.622559 0.111328 0.139648
0 0.154785 0.882812 0.182617 0.201172
0 0.597656 0.923828 0.173828 0.152344
0 0.468750 0.742676 0.107422 0.137695
0 0.451660 0.891602 0.112305 0.128906
0 0.703613 0.728516 0.147461 0.113281
0 0.653320 0.829590 0.103516 0.108398
0 0.532227 0.398438 0.109375 0.132812
0 0.281250 0.756836 0.128906 0.158203
