0 0.971191 0.214355 0.057617 0.116211
0 0.852539 0.308594 0.117188 0.132812
0 0.958984 0.470215 0.082031 0.073242
0 0.600098 0.190430 0.100586 0.080078
0 0.705078 0.240723 0.136719 0.122070
0 0.502441 0.090332 0.120117 0.124023
0 0.283203 0.086426 0.169922 0.114258
0 0.174316 0.295410 0.102539 0.084961
0 0.543457 0.313965 0.112305 0.065430
0 0.284668 0.342285 0.092773 0.075195
0 0.204590 0.410156 0.088867 0.109375
0 0.358398 0.383301 0.105469 0.086914
0 0.322266 0.442383 0.091797 0.080078
0 0.270508 0.570312 0.083984 0.068359
0 0.335938 0.632812 0.095703 0.099609
0 0.629395 0.543457 0.088867 0.077148
0 0.598145 0.631348 0.110352 0.088867
0 0.493164 0.626953 0.101562 0.111328
0 0.419434 0.687988 0.106445 0.096680
0 0.812988 0.565430 0.116211 0.107422
0 0.445801 0.817871 0.116211 0.118164
0 0.551270 0.829102 0.092773 0.093750
0 0.652832 0.792480 0.110352 0.122070
0 0.758789 0.839355 0.107422 0.131836
0 0.864258 0.880859 0.117188 0.128906
0 0.558105 0.948242 0.145508 0.103516
0 0.967285 0.868164 0.065430 0.099609
0 0.084961 0.930664 0.103516 0.085938
0 0.844727 0.142090 0.113281 0.104492
