0 0.910156 0.511719 0.121094 0.121094
0 0.957520 0.630859 0.084961 0.119141
0 0.755371 0.660645 0.116211 0.114258
0 0.869629 0.834961 0.133789 0.128906
0 0.773438 0.928223 0.134766 0.122070
0 0.698730 0.823242 0.124023 0.125000
0 0.768066 0.500977 0.083008 0.099609
0 0.959473 0.130859 0.081055 0.091797
0 0.552246 0.426758 0.129883 0.107422
0 0.492188 0.569824 0.123047 0.104492
0 0.544922 0.807617 0.181641 0.152344
0 0.339355 0.823730 0.159180 0.170898
0 0.453613 0.925781 0.157227 0.148438
0 0.461914 0.381836 0.080078 0.068359
0 0.089844 0.366211 0.076172 0.089844
0 0.146484 0.288574 0.085938 0.081055
0 0.153809 0.781738 0.102539 0.069336
0 0.147949 0.903809 0.096680 0.106445
0 0.218262 0.846680 0.090820 0.103516
0 0.652832 0.318359 0.094727 0.205078
0 0.773926 0.327637 0.098633 0.159180
0 0.602539 0.074219 0.093750 0.087891
0 0.259766 0.327148 0.076172 0.109375
