0 0.302246 0.039551 0.088867 0.055664
0 0.912598 0.041504 0.096680 0.081055
0 0.715820 0.267578 0.101562 0.097656
0 0.701660 0.359375 0.129883 0.095703
0 0.583984 0.350586 0.123047 0.111328
0 0.519531 0.421387 0.121094 0.116211
0 0.426270 0.359863 0.106445 0.096680
0 0.380859 0.310059 0.115234 0.112305
0 0.743652 0.515625 0.108398 0.128906
0 0.891113 0.284180 0.118164 0.125000
0 0.851074 0.570312 0.096680 0.132812
0 0.956543 0.600098 0.086914 0.127930
0 0.651855 0.561523 0.100586 0.115234
0 0.558594 0.536621 0.099609 0.120117
0 0.650391 0.677734 0.134766 0.105469
0 0.690430 0.835938 0.164062 0.193359
0 0.555664 0.917480 0.175781 0.165039
0 0.099121 0.561035 0.079102 0.092773
0 0.172852 0.677246 0.082031 0.122070
0 0.187012 0.823242 0.086914 0.107422
0 0.038574 0.645508 0.075195 0.111328
0 0.032227 0.765137 0.058594 0.122070
0 0.302246 0.140625 0.096680 0.121094
0 0.419922 0.197266 0.072266 0.101562
