0 0.475586 0.027344 0.123047 0.052734
0 0.250000 0.163574 0.099609 0.081055
0 0.842285 0.169434 0.065430 0.124023
0 0.751465 0.256836 0.090820 0.113281
0 0.679199 0.303711 0.079102 0.117188
0 0.580566 0.290039 0.094727 0.113281
0 0.848633 0.334961 0.109375 0.091797
0 0.971680 0.279785 0.056641 0.083008
0 0.568848 0.410645 0.131836 0.104492
0 0.443848 0.398438 0.106445 0.080078
0 0.352051 0.372559 0.088867 0.084961
0 0.327637 0.235352 0.079102 0.066406
0 0.208984 0.385742 0.082031 0.115234
0 0.111328 0.375000 0.111328 0.105469
0 0.025879 0.449219 0.045898 0.089844
0 0.020996 0.577637 0.036133 0.079102
0 0.194824 0.647461 0.088867 0.107422
0 0.307129 0.582031 0.098633 0.105469
0 0.266113 0.779785 0.057617 0.083008
0 0.181641 0.800781 0.083984 0.093750
0 0.361328 0.967773 0.095703 0.064453
0 0.443848 0.522461 0.118164 0.070312
0 0.470215 0.639160 0.108398 0.073242
0 0.364258 0.835938 0.099609 0.087891
0 0.481445 0.830566 0.101562 0.081055
0 0.867188 0.781250 0.087891 0.113281
0 0.643066 0.626953 0.114258 0.078125
0 0.959961 0.712891 0.072266 0.089844
0 0.548828 0.712891 0.095703 0.074219
