0 0.214355 0.674316 0.165039 0.155273
0 0.544922 0.607422 0.140625 0.179688
0 0.666504 0.645996 0.118164 0.145508
0 0.475098 0.135254 0.106445 0.137695
0 0.357422 0.085938 0.111328 0.132812
0 0.585449 0.242676 0.112305 0.100586
0 0.561035 0.352051 0.106445 0.120117
0 0.435547 0.309570 0.066406 0.087891
0 0.432129 0.454590 0.102539 0.096680
0 0.328613 0.574219 0.104492 0.099609
0 0.090820 0.518555 0.085938 0.078125
0 0.093262 0.814453 0.075195 0.091797
0 0.135254 0.868652 0.075195 0.106445
0 0.960938 0.227051 0.078125 0.088867
0 0.924805 0.429199 0.097656 0.086914
0 0.883789 0.235840 0.080078 0.102539
0 0.738770 0.416504 0.086914 0.069336
0 0.666016 0.446777 0.107422 0.081055
0 0.662598 0.535645 0.100586 0.090820
0 0.729980 0.582031 0.083008 0.070312
0 0.827637 0.555664 0.090820 0.091797
0 0.673828 0.047852 0.083984 0.074219
0 0.850098 0.050781 0.079102 0.066406
0 0.952637 0.686035 0.094727 0.075195
0 0.922363 0.938477 0.092773 0.123047
0 0.566406 0.949219 0.085938 0.097656
0 0.664062 0.945312 0.097656 0.085938
0 0.740723 0.779785 0.122070 0.098633
