0 0.237305 0.172852 0.101562 0.115234
0 0.294922 0.278809 0.132812 0.143555
0 0.435547 0.203613 0.119141 0.124023
0 0.314941 0.373047 0.065430 0.089844
0 0.141113 0.428223 0.166992 0.143555
0 0.137207 0.569336 0.143555 0.152344
0 0.051758 0.687988 0.101562 0.143555
0 0.291504 0.610352 0.108398 0.105469
0 0.402344 0.563965 0.097656 0.129883
0 0.790527 0.433594 0.125977 0.150391
0 0.910156 0.461914 0.101562 0.115234
0 0.670898 0.310547 0.103516 0.093750
0 0.561523 0.456055 0.109375 0.134766
0 0.578125 0.666016 0.132812 0.144531
0 0.686523 0.491699 0.072266 0.108398
0 0.423828 0.718262 0.107422 0.096680
0 0.268555 0.717285 0.093750 0.127930
0 0.374512 0.890625 0.063477 0.082031
0 0.431152 0.927734 0.073242 0.095703
0 0.491211 0.884766 0.091797 0.099609
0 0.692383 0.915527 0.087891 0.092773
0 0.713379 0.976562 0.077148 0.046875
0 0.629395 0.858887 0.061523 0.077148
0 0.733887 0.662109 0.106445 0.083984
0 0.033691 0.331543 0.061523 0.114258
0 0.038086 0.491211 0.050781 0.099609
