0 0.225586 0.295898 0.125000 0.169922
0 0.327148 0.229492 0.080078 0.080078
0 0.270508 0.453125 0.156250 0.132812
0 0.305664 0.593262 0.175781 0.163086
0 0.051758 0.023438 0.070312 0.042969
0 0.030273 0.104980 0.058594 0.090820
0 0.195312 0.030273 0.095703 0.056641
0 0.088867 0.199219 0.074219 0.064453
0 0.049805 0.349609 0.068359 0.064453
0 0.091309 0.419434 0.084961 0.075195
0 0.242188 0.738281 0.093750 0.074219
0 0.157227 0.836914 0.095703 0.083984
0 0.080078 0.943359 0.095703 0.085938
0 0.393066 0.687988 0.084961 0.108398
0 0.387207 0.812988 0.161133 0.120117
0 0.451172 0.651367 0.111328 0.136719
0 0.433594 0.518555 0.082031 0.097656
0 0.357422 0.325195 0.089844 0.099609
0 0.598633 0.241211 0.123047 0.111328
0 0.571289 0.153320 0.115234 0.082031
0 0.646484 0.354492 0.121094 0.074219
0 0.609863 0.460449 0.112305 0.092773
0 0.663574 0.530273 0.079102 0.082031
0 0.575684 0.594238 0.127930 0.133789
0 0.475586 0.883301 0.105469 0.086914
0 0.728027 0.922852 0.084961 0.091797
0 0.887695 0.876465 0.107422 0.133789
0 0.968262 0.951660 0.063477 0.096680
0 0.830078 0.706055 0.134766 0.113281
0 0.892090 0.627441 0.141602 0.129883
0 0.978516 0.621582 0.042969 0.153320
0 0.747559 0.251953 0.077148 0.080078
0 0.785156 0.325195 0.080078 0.093750
0 0.913574 0.328613 0.084961 0.079102
0 0.936523 0.401367 0.078125 0.070312
0 0.923340 0.052246 0.069336 0.065430
0 0.978516 0.106445 0.042969 0.140625
0 0.985352 0.271484 0.029297 0.062500
0 0.804688 0.517090 0.076172 0.096680
