0 0.153809 0.035156 0.088867 0.058594
0 0.313477 0.046387 0.087891 0.065430
0 0.235352 0.097168 0.062500 0.077148
0 0.160645 0.112305 0.073242 0.085938
0 0.089844 0.166016 0.078125 0.060547
0 0.072754 0.346191 0.122070 0.149414
0 0.413086 0.336426 0.080078 0.106445
0 0.467285 0.460938 0.108398 0.089844
0 0.418457 0.026855 0.067383 0.041992
0 0.572266 0.224609 0.167969 0.160156
0 0.679688 0.136230 0.146484 0.184570
0 0.324707 0.554688 0.094727 0.076172
0 0.021973 0.634766 0.040039 0.082031
0 0.085449 0.628906 0.088867 0.089844
0 0.261719 0.919434 0.091797 0.086914
0 0.453613 0.705566 0.061523 0.075195
0 0.524414 0.530273 0.068359 0.082031
0 0.616211 0.396973 0.078125 0.094727
0 0.616211 0.510742 0.082031 0.093750
0 0.701172 0.481445 0.068359 0.066406
0 0.780273 0.518555 0.068359 0.078125
0 0.926758 0.105469 0.072266 0.078125
0 0.971680 0.221191 0.056641 0.157227
0 0.897949 0.177246 0.098633 0.086914
0 0.885742 0.246582 0.121094 0.106445
0 0.963867 0.456055 0.072266 0.095703
0 0.800781 0.590332 0.076172 0.057617
0 0.561035 0.614746 0.077148 0.073242
0 0.498535 0.907715 0.110352 0.131836
0 0.649414 0.919434 0.117188 0.108398
0 0.946777 0.938965 0.106445 0.122070
0 0.692871 0.684082 0.084961 0.065430
0 0.971680 0.691406 0.056641 0.089844
0 0.768066 0.649902 0.077148 0.059570
0 0.234375 0.527832 0.105469 0.114258
