0 0.068359 0.125000 0.074219 0.101562
0 0.164062 0.162109 0.078125 0.089844
0 0.169922 0.072266 0.089844 0.082031
0 0.097656 0.033203 0.085938 0.058594
0 0.242188 0.285156 0.140625 0.093750
0 0.328125 0.185547 0.101562 0.082031
0 0.046875 0.628906 0.078125 0.109375
0 0.453125 0.414062 0.140625 0.117188
0 0.562500 0.460938 0.093750 0.101562
0 0.443359 0.568359 0.097656 0.097656
0 0.548828 0.753906 0.113281 0.132812
0 0.441406 0.820312 0.101562 0.101562
0 0.478516 0.953125 0.136719 0.093750
0 0.087891 0.921875 0.097656 0.078125
0 0.074219 0.851562 0.070312 0.078125
0 0.767578 0.572266 0.105469 0.105469
0 0.837891 0.693359 0.097656 0.105469
0 0.886719 0.791016 0.101562 0.097656
0 0.824219 0.880859 0.093750 0.089844
0 0.847656 0.968750 0.132812 0.062500
0 0.919922 0.599609 0.089844 0.121094
0 0.906250 0.480469 0.109375 0.109375
0 0.785156 0.433594 0.125000 0.132812
0 0.664062 0.082031 0.125000 0.117188
0 0.814453 0.074219 0.113281 0.109375
