0 0.398438 0.365234 0.101562 0.105469
0 0.525391 0.359375 0.105469 0.101562
0 0.728516 0.300781 0.128906 0.093750
0 0.861328 0.310547 0.105469 0.113281
0 0.054688 0.384766 0.085938 0.058594
0 0.189453 0.359375 0.160156 0.085938
0 0.140625 0.509766 0.117188 0.105469
0 0.398438 0.490234 0.171875 0.121094
0 0.541016 0.771484 0.113281 0.097656
0 0.660156 0.773438 0.093750 0.085938
0 0.740234 0.845703 0.113281 0.089844
0 0.656250 0.957031 0.109375 0.085938
0 0.957031 0.933594 0.085938 0.109375
0 0.406250 0.962891 0.101562 0.074219
0 0.835938 0.738281 0.093750 0.070312
0 0.087891 0.775391 0.089844 0.058594
