0 0.562500 0.359375 0.140625 0.085938
0 0.242188 0.347656 0.101562 0.070312
0 0.044922 0.404297 0.082031 0.082031
0 0.095703 0.367188 0.097656 0.078125
0 0.164062 0.435547 0.093750 0.089844
0 0.103516 0.535156 0.097656 0.109375
0 0.210938 0.542969 0.093750 0.117188
0 0.324219 0.439453 0.125000 0.121094
0 0.304688 0.615234 0.125000 0.097656
0 0.447266 0.570312 0.097656 0.101562
0 0.488281 0.470703 0.101562 0.097656
0 0.583984 0.474609 0.089844 0.105469
0 0.552734 0.585938 0.121094 0.101562
0 0.609375 0.679688 0.078125 0.078125
0 0.654297 0.630859 0.089844 0.097656
0 0.033203 0.810547 0.050781 0.082031
0 0.119141 0.902344 0.082031 0.085938
0 0.199219 0.853516 0.101562 0.089844
0 0.322266 0.833984 0.089844 0.082031
0 0.380859 0.908203 0.082031 0.074219
0 0.494141 0.908203 0.089844 0.082031
0 0.519531 0.826172 0.101562 0.082031
0 0.697266 0.917969 0.097656 0.085938
0 0.802734 0.781250 0.121094 0.101562
0 0.917969 0.832031 0.085938 0.101562
0 0.955078 0.765625 0.082031 0.101562
0 0.876953 0.537109 0.082031 0.105469
0 0.806641 0.388672 0.082031 0.089844
