0 0.203125 0.380859 0.093750 0.097656
0 0.191406 0.466797 0.101562 0.089844
0 0.345703 0.423828 0.113281 0.105469
0 0.412109 0.367188 0.082031 0.101562
0 0.341797 0.283203 0.097656 0.082031
0 0.250000 0.283203 0.101562 0.097656
0 0.164062 0.242188 0.070312 0.062500
0 0.076172 0.255859 0.121094 0.089844
0 0.031250 0.349609 0.054688 0.089844
0 0.089844 0.408203 0.093750 0.089844
0 0.033203 0.455078 0.058594 0.097656
0 0.572266 0.158203 0.128906 0.074219
0 0.435547 0.140625 0.105469 0.078125
0 0.292969 0.134766 0.117188 0.058594
0 0.222656 0.048828 0.117188 0.074219
0 0.427734 0.039062 0.128906 0.070312
0 0.689453 0.111328 0.089844 0.082031
0 0.568359 0.082031 0.089844 0.062500
0 0.621094 0.042969 0.070312 0.054688
0 0.068359 0.042969 0.074219 0.070312
0 0.564453 0.417969 0.074219 0.085938
0 0.632812 0.460938 0.085938 0.085938
0 0.781250 0.521484 0.101562 0.097656
0 0.748047 0.585938 0.089844 0.070312
0 0.898438 0.517578 0.117188 0.105469
0 0.914062 0.609375 0.093750 0.085938
0 0.869141 0.306641 0.097656 0.089844
0 0.947266 0.312500 0.066406 0.078125
0 0.455078 0.714844 0.121094 0.109375
0 0.558594 0.740234 0.101562 0.128906
0 0.712891 0.781250 0.136719 0.109375
0 0.619141 0.886719 0.121094 0.125000
0 0.496094 0.841797 0.109375 0.105469
0 0.380859 0.824219 0.089844 0.078125
0 0.529297 0.937500 0.105469 0.070312
0 0.757812 0.970703 0.125000 0.058594
0 0.294922 0.769531 0.121094 0.093750
