0 0.287109 0.253906 0.144531 0.101562
0 0.246094 0.392578 0.140625 0.136719
0 0.679688 0.224609 0.148438 0.136719
0 0.830078 0.169922 0.144531 0.136719
0 0.353516 0.634766 0.128906 0.089844
0 0.119141 0.255859 0.128906 0.105469
0 0.218750 0.146484 0.109375 0.082031
0 0.429688 0.148438 0.078125 0.125000
0 0.160156 0.781250 0.093750 0.101562
0 0.732422 0.763672 0.097656 0.113281
0 0.568359 0.916016 0.121094 0.097656
0 0.681641 0.933594 0.105469 0.117188
0 0.904297 0.710938 0.097656 0.117188
0 0.431641 0.904297 0.097656 0.082031
