0 0.802734 0.367188 0.160156 0.109375
0 0.615234 0.404297 0.105469 0.105469
0 0.691406 0.503906 0.101562 0.093750
0 0.523438 0.757812 0.132812 0.101562
0 0.384766 0.841797 0.144531 0.121094
0 0.271484 0.931641 0.121094 0.105469
0 0.111328 0.646484 0.105469 0.113281
0 0.634766 0.246094 0.152344 0.109375
0 0.796875 0.208984 0.117188 0.105469
0 0.888672 0.103516 0.144531 0.105469
0 0.960938 0.199219 0.078125 0.125000
0 0.742188 0.087891 0.085938 0.082031
0 0.238281 0.218750 0.125000 0.101562
0 0.519531 0.095703 0.148438 0.128906
0 0.093750 0.378906 0.156250 0.101562
0 0.496094 0.435547 0.117188 0.097656
0 0.431641 0.560547 0.113281 0.082031
0 0.300781 0.490234 0.132812 0.113281
0 0.597656 0.875000 0.117188 0.101562
0 0.527344 0.955078 0.125000 0.082031
0 0.658203 0.158203 0.113281 0.097656
