0 0.156250 0.328125 0.109375 0.101562
0 0.224609 0.433594 0.121094 0.125000
0 0.091797 0.421875 0.121094 0.109375
0 0.060547 0.556641 0.113281 0.136719
0 0.167969 0.546875 0.109375 0.109375
0 0.060547 0.796875 0.113281 0.109375
0 0.339844 0.484375 0.140625 0.117188
0 0.445312 0.355469 0.140625 0.148438
0 0.312500 0.240234 0.125000 0.121094
0 0.478516 0.220703 0.144531 0.136719
0 0.617188 0.287109 0.148438 0.136719
0 0.052734 0.185547 0.089844 0.113281
0 0.173828 0.072266 0.144531 0.128906
0 0.564453 0.082031 0.144531 0.117188
0 0.677734 0.130859 0.128906 0.152344
0 0.757812 0.201172 0.093750 0.074219
0 0.857422 0.076172 0.136719 0.113281
0 0.326172 0.623047 0.167969 0.097656
0 0.162109 0.710938 0.121094 0.085938
0 0.134766 0.921875 0.128906 0.156250
0 0.294922 0.796875 0.191406 0.140625
0 0.294922 0.939453 0.167969 0.121094
0 0.482422 0.853516 0.136719 0.113281
0 0.498047 0.697266 0.167969 0.128906
0 0.839844 0.488281 0.125000 0.132812
0 0.763672 0.359375 0.121094 0.109375
0 0.955078 0.486328 0.066406 0.074219
