0 0.080078 0.384766 0.121094 0.105469
0 0.416016 0.087891 0.128906 0.113281
0 0.398438 0.216797 0.132812 0.113281
0 0.248047 0.316406 0.144531 0.109375
0 0.191406 0.162109 0.125000 0.105469
0 0.072266 0.101562 0.121094 0.109375
0 0.142578 0.466797 0.082031 0.058594
0 0.373047 0.548828 0.136719 0.128906
0 0.181641 0.646484 0.152344 0.128906
0 0.060547 0.781250 0.105469 0.148438
0 0.072266 0.925781 0.105469 0.078125
0 0.183594 0.794922 0.093750 0.121094
0 0.330078 0.726562 0.121094 0.132812
0 0.576172 0.482422 0.113281 0.113281
0 0.953125 0.121094 0.093750 0.117188
0 0.759766 0.214844 0.113281 0.117188
0 0.501953 0.597656 0.121094 0.109375
0 0.697266 0.437500 0.113281 0.132812
