0 0.062500 0.960938 0.109375 0.078125
0 0.205078 0.962891 0.144531 0.074219
0 0.148438 0.880859 0.156250 0.113281
0 0.300781 0.894531 0.148438 0.109375
0 0.408203 0.796875 0.136719 0.132812
0 0.277344 0.761719 0.125000 0.125000
0 0.164062 0.732422 0.085938 0.097656
0 0.507812 0.689453 0.171875 0.152344
0 0.587891 0.597656 0.136719 0.148438
0 0.353516 0.640625 0.121094 0.101562
0 0.425781 0.513672 0.125000 0.105469
0 0.746094 0.546875 0.195312 0.171875
0 0.621094 0.445312 0.140625 0.117188
0 0.847656 0.416016 0.132812 0.128906
0 0.736328 0.341797 0.121094 0.121094
0 0.847656 0.292969 0.101562 0.085938
0 0.941406 0.234375 0.101562 0.101562
0 0.822266 0.642578 0.082031 0.152344
0 0.921875 0.560547 0.085938 0.105469
0 0.945312 0.697266 0.109375 0.160156
0 0.685547 0.835938 0.113281 0.093750
0 0.572266 0.845703 0.113281 0.074219
0 0.410156 0.964844 0.125000 0.070312
0 0.423828 0.201172 0.113281 0.105469
0 0.568359 0.164062 0.105469 0.109375
0 0.490234 0.097656 0.121094 0.101562
0 0.732422 0.039062 0.113281 0.070312
