0 0.414062 0.732422 0.132812 0.113281
0 0.525391 0.550781 0.089844 0.125000
0 0.437500 0.560547 0.109375 0.128906
0 0.265625 0.761719 0.125000 0.078125
0 0.107422 0.789062 0.160156 0.117188
0 0.146484 0.873047 0.105469 0.082031
0 0.197266 0.505859 0.097656 0.074219
0 0.333984 0.404297 0.136719 0.097656
0 0.470703 0.324219 0.113281 0.070312
0 0.826172 0.337891 0.136719 0.144531
0 0.970703 0.251953 0.058594 0.121094
0 0.886719 0.167969 0.093750 0.117188
0 0.958984 0.115234 0.082031 0.113281
0 0.650391 0.222656 0.097656 0.117188
0 0.738281 0.107422 0.117188 0.128906
0 0.052734 0.488281 0.089844 0.125000
0 0.146484 0.380859 0.113281 0.128906
0 0.238281 0.281250 0.125000 0.148438
0 0.439453 0.162109 0.113281 0.121094
0 0.160156 0.136719 0.117188 0.078125
0 0.050781 0.257812 0.085938 0.093750
0 0.033203 0.363281 0.058594 0.101562
0 0.287109 0.140625 0.105469 0.101562
0 0.292969 0.044922 0.101562 0.082031
0 0.410156 0.035156 0.093750 0.062500
0 0.541016 0.042969 0.128906 0.078125
0 0.060547 0.033203 0.097656 0.058594
