0 0.035156 0.558594 0.062500 0.132812
0 0.179688 0.576172 0.109375 0.136719
0 0.134766 0.720703 0.128906 0.144531
0 0.253906 0.664062 0.070312 0.078125
0 0.269531 0.779297 0.085938 0.089844
0 0.359375 0.707031 0.078125 0.125000
0 0.314453 0.560547 0.074219 0.082031
0 0.246094 0.464844 0.070312 0.093750
0 0.138672 0.431641 0.082031 0.082031
0 0.423828 0.921875 0.113281 0.109375
0 0.544922 0.941406 0.074219 0.101562
0 0.085938 0.308594 0.085938 0.109375
0 0.039062 0.425781 0.062500 0.109375
0 0.039062 0.138672 0.062500 0.160156
0 0.300781 0.292969 0.101562 0.132812
0 0.435547 0.359375 0.136719 0.179688
0 0.351562 0.208984 0.117188 0.105469
0 0.525391 0.273438 0.144531 0.140625
0 0.582031 0.398438 0.125000 0.132812
0 0.511719 0.492188 0.101562 0.109375
0 0.423828 0.511719 0.082031 0.109375
0 0.501953 0.621094 0.128906 0.132812
0 0.615234 0.587891 0.113281 0.128906
0 0.691406 0.794922 0.093750 0.089844
0 0.677734 0.914062 0.105469 0.132812
0 0.781250 0.884766 0.078125 0.121094
0 0.718750 0.681641 0.085938 0.105469
0 0.720703 0.560547 0.089844 0.097656
0 0.701172 0.458984 0.089844 0.089844
0 0.927734 0.591797 0.144531 0.136719
0 0.972656 0.812500 0.054688 0.125000
0 0.919922 0.460938 0.105469 0.101562
0 0.830078 0.501953 0.089844 0.160156
0 0.847656 0.304688 0.171875 0.140625
0 0.960938 0.400391 0.078125 0.105469
