0 0.091797 0.398438 0.136719 0.101562
0 0.054688 0.513672 0.093750 0.097656
0 0.087891 0.636719 0.128906 0.085938
0 0.212891 0.630859 0.089844 0.089844
0 0.175781 0.515625 0.085938 0.101562
0 0.248047 0.763672 0.105469 0.121094
0 0.123047 0.781250 0.105469 0.117188
0 0.031250 0.746094 0.054688 0.132812
0 0.216797 0.910156 0.113281 0.140625
0 0.333984 0.876953 0.097656 0.136719
0 0.085938 0.896484 0.093750 0.097656
0 0.339844 0.390625 0.132812 0.148438
0 0.298828 0.523438 0.082031 0.132812
0 0.416016 0.570312 0.113281 0.148438
0 0.464844 0.431641 0.101562 0.121094
0 0.542969 0.560547 0.109375 0.136719
0 0.628906 0.669922 0.109375 0.113281
0 0.503906 0.720703 0.109375 0.128906
0 0.507812 0.875000 0.156250 0.148438
0 0.640625 0.800781 0.117188 0.117188
0 0.751953 0.791016 0.105469 0.128906
0 0.687500 0.921875 0.132812 0.117188
0 0.835938 0.900391 0.117188 0.105469
