0 0.097656 0.330078 0.125000 0.128906
0 0.162109 0.468750 0.113281 0.117188
0 0.218750 0.367188 0.093750 0.117188
0 0.287109 0.458984 0.089844 0.089844
0 0.248047 0.550781 0.121094 0.109375
0 0.152344 0.632812 0.125000 0.132812
0 0.050781 0.533203 0.085938 0.113281
0 0.046875 0.656250 0.085938 0.109375
0 0.121094 0.791016 0.093750 0.160156
0 0.244141 0.800781 0.105469 0.140625
0 0.300781 0.677734 0.117188 0.121094
0 0.369141 0.603516 0.074219 0.113281
0 0.417969 0.705078 0.085938 0.097656
0 0.367188 0.798828 0.093750 0.113281
0 0.326172 0.912109 0.113281 0.121094
0 0.210938 0.945312 0.148438 0.109375
0 0.449219 0.875000 0.101562 0.109375
0 0.517578 0.962891 0.089844 0.074219
0 0.148438 0.144531 0.140625 0.140625
0 0.128906 0.037109 0.148438 0.066406
0 0.474609 0.250000 0.105469 0.093750
0 0.474609 0.136719 0.097656 0.109375
0 0.453125 0.365234 0.125000 0.105469
0 0.472656 0.472656 0.125000 0.117188
0 0.585938 0.496094 0.109375 0.132812
0 0.544922 0.615234 0.113281 0.128906
0 0.578125 0.746094 0.101562 0.125000
0 0.650391 0.623047 0.082031 0.113281
0 0.714844 0.714844 0.085938 0.101562
0 0.667969 0.841797 0.093750 0.113281
0 0.720703 0.941406 0.089844 0.117188
0 0.812500 0.933594 0.093750 0.117188
0 0.763672 0.816406 0.082031 0.093750
