0 0.218750 0.097656 0.093750 0.093750
0 0.330078 0.050781 0.136719 0.093750
0 0.396484 0.214844 0.121094 0.117188
0 0.507812 0.283203 0.117188 0.128906
0 0.396484 0.357422 0.113281 0.113281
0 0.521484 0.451172 0.113281 0.160156
0 0.628906 0.396484 0.101562 0.167969
0 0.490234 0.591797 0.105469 0.105469
0 0.634766 0.619141 0.128906 0.128906
0 0.542969 0.681641 0.101562 0.105469
0 0.583984 0.873047 0.082031 0.105469
0 0.675781 0.722656 0.125000 0.117188
0 0.785156 0.800781 0.148438 0.140625
0 0.708984 0.939453 0.113281 0.121094
0 0.376953 0.453125 0.089844 0.109375
0 0.830078 0.507812 0.082031 0.117188
0 0.925781 0.705078 0.109375 0.144531
0 0.945312 0.560547 0.109375 0.136719
0 0.894531 0.419922 0.125000 0.121094
0 0.763672 0.365234 0.089844 0.113281
0 0.855469 0.287109 0.109375 0.121094
0 0.966797 0.294922 0.066406 0.128906
0 0.957031 0.152344 0.085938 0.125000
0 0.845703 0.167969 0.105469 0.125000
0 0.740234 0.244141 0.097656 0.097656
0 0.626953 0.166016 0.097656 0.128906
0 0.720703 0.099609 0.089844 0.105469
0 0.775391 0.029297 0.113281 0.050781
0 0.894531 0.044922 0.125000 0.082031
0 0.609375 0.039062 0.125000 0.070312
