0 0.070312 0.183594 0.132812 0.140625
0 0.062500 0.349609 0.117188 0.128906
0 0.070312 0.525391 0.101562 0.160156
0 0.177734 0.435547 0.121094 0.144531
0 0.294922 0.392578 0.113281 0.128906
0 0.277344 0.558594 0.117188 0.140625
0 0.402344 0.535156 0.140625 0.171875
0 0.154297 0.634766 0.128906 0.167969
0 0.253906 0.806641 0.156250 0.136719
0 0.335938 0.701172 0.140625 0.136719
0 0.503906 0.662109 0.140625 0.105469
0 0.466797 0.808594 0.152344 0.171875
0 0.060547 0.837891 0.113281 0.121094
0 0.126953 0.955078 0.152344 0.089844
0 0.457031 0.957031 0.179688 0.085938
0 0.589844 0.847656 0.101562 0.218750
0 0.730469 0.697266 0.132812 0.128906
0 0.796875 0.810547 0.140625 0.144531
0 0.867188 0.904297 0.132812 0.136719
0 0.945312 0.792969 0.109375 0.125000
0 0.869141 0.664062 0.152344 0.117188
0 0.847656 0.533203 0.125000 0.097656
0 0.726562 0.556641 0.093750 0.105469
0 0.648438 0.578125 0.062500 0.078125
0 0.351562 0.275391 0.085938 0.105469
0 0.445312 0.207031 0.148438 0.148438
0 0.556641 0.302734 0.152344 0.144531
0 0.568359 0.152344 0.144531 0.164062
0 0.343750 0.130859 0.109375 0.097656
0 0.285156 0.050781 0.109375 0.093750
0 0.417969 0.062500 0.132812 0.117188
0 0.527344 0.039062 0.117188 0.070312
0 0.195312 0.271484 0.140625 0.167969
