0 0.144531 0.458984 0.101562 0.105469
0 0.275391 0.396484 0.089844 0.105469
0 0.355469 0.451172 0.093750 0.105469
0 0.328125 0.648438 0.101562 0.117188
0 0.240234 0.582031 0.105469 0.117188
0 0.234375 0.736328 0.093750 0.128906
0 0.138672 0.765625 0.105469 0.117188
0 0.503906 0.832031 0.117188 0.117188
0 0.556641 0.730469 0.105469 0.109375
0 0.705078 0.724609 0.097656 0.121094
0 0.779297 0.787109 0.089844 0.105469
0 0.726562 0.570312 0.117188 0.125000
0 0.697266 0.205078 0.105469 0.128906
0 0.630859 0.359375 0.105469 0.101562
0 0.525391 0.357422 0.136719 0.113281
0 0.408203 0.277344 0.121094 0.125000
0 0.582031 0.216797 0.117188 0.113281
0 0.697266 0.060547 0.089844 0.105469
0 0.583984 0.056641 0.089844 0.074219
0 0.947266 0.037109 0.105469 0.066406
0 0.945312 0.140625 0.109375 0.117188
0 0.906250 0.427734 0.132812 0.105469
