0 0.119141 0.052734 0.121094 0.089844
0 0.037109 0.128906 0.058594 0.093750
0 0.181641 0.308594 0.121094 0.125000
0 0.115234 0.484375 0.113281 0.109375
0 0.316406 0.195312 0.085938 0.125000
0 0.259766 0.386719 0.074219 0.109375
0 0.271484 0.486328 0.105469 0.105469
0 0.388672 0.527344 0.097656 0.156250
0 0.550781 0.585938 0.140625 0.164062
0 0.398438 0.804688 0.117188 0.109375
0 0.371094 0.908203 0.164062 0.105469
0 0.527344 0.818359 0.132812 0.128906
0 0.642578 0.396484 0.113281 0.113281
0 0.630859 0.164062 0.128906 0.140625
0 0.578125 0.048828 0.125000 0.082031
0 0.451172 0.044922 0.121094 0.082031
0 0.312500 0.033203 0.117188 0.058594
