0 0.533203 0.345703 0.121094 0.128906
0 0.705078 0.439453 0.152344 0.144531
0 0.712891 0.580078 0.128906 0.113281
0 0.878906 0.388672 0.109375 0.128906
0 0.818359 0.208984 0.136719 0.121094
0 0.296875 0.443359 0.132812 0.128906
0 0.431641 0.457031 0.105469 0.109375
0 0.521484 0.621094 0.113281 0.117188
0 0.148438 0.902344 0.171875 0.117188
0 0.060547 0.679688 0.105469 0.140625
0 0.126953 0.746094 0.105469 0.125000
0 0.396484 0.248047 0.128906 0.089844
0 0.173828 0.400391 0.113281 0.089844
0 0.087891 0.437500 0.105469 0.125000
0 0.179688 0.308594 0.109375 0.109375
0 0.833984 0.914062 0.136719 0.117188
0 0.771484 0.685547 0.105469 0.113281
0 0.656250 0.781250 0.117188 0.078125
0 0.572266 0.865234 0.113281 0.089844
0 0.419922 0.908203 0.121094 0.074219
0 0.404297 0.822266 0.113281 0.113281
0 0.320312 0.957031 0.109375 0.085938
