0 0.478516 0.294922 0.152344 0.121094
0 0.679688 0.173828 0.148438 0.136719
0 0.660156 0.310547 0.140625 0.097656
0 0.300781 0.406250 0.125000 0.085938
0 0.185547 0.332031 0.121094 0.125000
0 0.441406 0.505859 0.132812 0.113281
0 0.582031 0.648438 0.156250 0.140625
0 0.419922 0.791016 0.167969 0.144531
0 0.724609 0.746094 0.121094 0.101562
0 0.886719 0.695312 0.148438 0.109375
0 0.380859 0.173828 0.160156 0.136719
0 0.828125 0.544922 0.171875 0.152344
0 0.138672 0.195312 0.105469 0.148438
0 0.050781 0.220703 0.085938 0.105469
0 0.078125 0.300781 0.101562 0.101562
0 0.238281 0.833984 0.125000 0.113281
0 0.244141 0.052734 0.113281 0.097656
0 0.892578 0.335938 0.144531 0.148438
0 0.824219 0.220703 0.109375 0.144531
0 0.941406 0.160156 0.085938 0.093750
