0 0.080078 0.585938 0.074219 0.117188
0 0.109375 0.712891 0.078125 0.121094
0 0.144531 0.828125 0.078125 0.117188
0 0.083984 0.935547 0.097656 0.089844
0 0.238281 0.652344 0.109375 0.117188
0 0.171875 0.521484 0.078125 0.136719
0 0.289062 0.449219 0.125000 0.117188
0 0.195312 0.318359 0.140625 0.097656
0 0.273438 0.216797 0.132812 0.097656
0 0.357422 0.322266 0.160156 0.113281
0 0.394531 0.207031 0.109375 0.101562
0 0.507812 0.214844 0.109375 0.117188
0 0.341797 0.855469 0.152344 0.117188
0 0.552734 0.779297 0.128906 0.113281
0 0.679688 0.652344 0.132812 0.093750
0 0.687500 0.791016 0.117188 0.105469
0 0.789062 0.671875 0.132812 0.125000
0 0.888672 0.716797 0.113281 0.105469
0 0.908203 0.613281 0.136719 0.101562
0 0.857422 0.537109 0.113281 0.097656
0 0.949219 0.406250 0.093750 0.132812
0 0.890625 0.326172 0.117188 0.128906
0 0.789062 0.447266 0.117188 0.105469
0 0.660156 0.449219 0.117188 0.140625
0 0.476562 0.494141 0.156250 0.113281
0 0.601562 0.146484 0.117188 0.113281
0 0.757812 0.101562 0.132812 0.078125
0 0.648438 0.054688 0.109375 0.078125
0 0.800781 0.042969 0.117188 0.078125
0 0.423828 0.082031 0.089844 0.101562
