0 0.105469 0.328125 0.117188 0.109375
0 0.066406 0.646484 0.101562 0.089844
0 0.095703 0.736328 0.113281 0.089844
0 0.226562 0.660156 0.109375 0.078125
0 0.218750 0.728516 0.101562 0.066406
0 0.292969 0.769531 0.109375 0.109375
0 0.095703 0.927734 0.105469 0.074219
0 0.365234 0.580078 0.105469 0.121094
0 0.179688 0.583984 0.101562 0.105469
0 0.113281 0.470703 0.125000 0.113281
0 0.375000 0.373047 0.085938 0.136719
0 0.337891 0.169922 0.082031 0.128906
0 0.546875 0.343750 0.117188 0.132812
0 0.822266 0.511719 0.113281 0.132812
0 0.949219 0.382812 0.101562 0.117188
0 0.890625 0.169922 0.148438 0.191406
0 0.224609 0.873047 0.121094 0.097656
0 0.357422 0.941406 0.144531 0.117188
0 0.779297 0.939453 0.128906 0.089844
0 0.859375 0.894531 0.156250 0.109375
