0 0.117188 0.189453 0.148438 0.121094
0 0.082031 0.343750 0.101562 0.101562
0 0.158203 0.404297 0.144531 0.097656
0 0.298828 0.332031 0.128906 0.109375
0 0.064453 0.488281 0.113281 0.078125
0 0.300781 0.535156 0.156250 0.109375
0 0.396484 0.628906 0.128906 0.125000
0 0.349609 0.804688 0.097656 0.117188
0 0.376953 0.197266 0.113281 0.152344
0 0.402344 0.312500 0.109375 0.101562
0 0.478516 0.355469 0.089844 0.117188
0 0.533203 0.275391 0.082031 0.074219
0 0.597656 0.179688 0.117188 0.062500
0 0.726562 0.179688 0.109375 0.070312
0 0.685547 0.279297 0.136719 0.089844
0 0.597656 0.960938 0.132812 0.078125
0 0.734375 0.884766 0.109375 0.113281
0 0.712891 0.628906 0.121094 0.109375
0 0.556641 0.527344 0.105469 0.101562
0 0.904297 0.521484 0.089844 0.097656
0 0.347656 0.044922 0.093750 0.074219
0 0.658203 0.101562 0.105469 0.085938
