0 0.384766 0.605469 0.097656 0.125000
0 0.464844 0.693359 0.125000 0.113281
0 0.470703 0.851562 0.121094 0.117188
0 0.660156 0.699219 0.132812 0.125000
0 0.646484 0.816406 0.144531 0.109375
0 0.576172 0.505859 0.136719 0.089844
0 0.695312 0.441406 0.125000 0.117188
0 0.812500 0.369141 0.109375 0.082031
0 0.916016 0.410156 0.113281 0.101562
0 0.800781 0.537109 0.117188 0.105469
0 0.890625 0.507812 0.117188 0.109375
0 0.947266 0.601562 0.105469 0.109375
0 0.914062 0.714844 0.148438 0.109375
0 0.812500 0.820312 0.132812 0.054688
0 0.761719 0.898438 0.117188 0.070312
0 0.849609 0.955078 0.128906 0.082031
0 0.236328 0.894531 0.128906 0.125000
0 0.306641 0.718750 0.074219 0.140625
0 0.212891 0.699219 0.089844 0.140625
0 0.115234 0.738281 0.089844 0.125000
0 0.269531 0.251953 0.140625 0.128906
0 0.412109 0.105469 0.152344 0.109375
0 0.572266 0.091797 0.105469 0.097656
0 0.693359 0.146484 0.097656 0.113281
0 0.574219 0.228516 0.101562 0.113281
0 0.695312 0.294922 0.109375 0.128906
0 0.791016 0.242188 0.136719 0.140625
0 0.787109 0.085938 0.144531 0.132812
0 0.960938 0.220703 0.078125 0.136719
0 0.185547 0.501953 0.128906 0.113281
0 0.109375 0.332031 0.117188 0.101562
0 0.160156 0.144531 0.117188 0.093750
