0 0.085938 0.369141 0.125000 0.128906
0 0.234375 0.369141 0.132812 0.128906
0 0.281250 0.478516 0.125000 0.121094
0 0.082031 0.238281 0.117188 0.132812
0 0.167969 0.201172 0.109375 0.113281
0 0.064453 0.035156 0.105469 0.062500
0 0.189453 0.046875 0.097656 0.085938
0 0.058594 0.103516 0.093750 0.050781
0 0.410156 0.054688 0.125000 0.101562
0 0.367188 0.380859 0.085938 0.121094
0 0.529297 0.205078 0.089844 0.097656
0 0.580078 0.138672 0.089844 0.105469
0 0.664062 0.076172 0.085938 0.082031
0 0.621094 0.027344 0.093750 0.046875
0 0.751953 0.187500 0.121094 0.117188
0 0.906250 0.130859 0.132812 0.121094
0 0.910156 0.312500 0.101562 0.117188
0 0.771484 0.650391 0.105469 0.136719
0 0.898438 0.621094 0.117188 0.117188
0 0.935547 0.490234 0.128906 0.136719
0 0.671875 0.923828 0.125000 0.097656
0 0.837891 0.816406 0.128906 0.132812
