0 0.166016 0.074219 0.105469 0.125000
0 0.222656 0.171875 0.101562 0.109375
0 0.138672 0.224609 0.097656 0.097656
0 0.042969 0.205078 0.078125 0.113281
0 0.050781 0.072266 0.093750 0.121094
0 0.087891 0.316406 0.136719 0.109375
0 0.107422 0.449219 0.121094 0.109375
0 0.259766 0.441406 0.097656 0.109375
0 0.244141 0.550781 0.128906 0.117188
0 0.033203 0.599609 0.058594 0.121094
0 0.080078 0.699219 0.105469 0.070312
0 0.123047 0.589844 0.089844 0.101562
0 0.222656 0.628906 0.132812 0.078125
0 0.357422 0.533203 0.074219 0.136719
0 0.062500 0.779297 0.109375 0.089844
0 0.203125 0.730469 0.164062 0.093750
0 0.361328 0.722656 0.136719 0.132812
0 0.289062 0.853516 0.117188 0.144531
0 0.458984 0.896484 0.113281 0.136719
0 0.558594 0.771484 0.109375 0.105469
0 0.697266 0.792969 0.121094 0.117188
0 0.716797 0.951172 0.144531 0.089844
0 0.519531 0.621094 0.101562 0.125000
0 0.640625 0.640625 0.109375 0.125000
0 0.767578 0.646484 0.121094 0.144531
0 0.904297 0.666016 0.121094 0.128906
0 0.947266 0.927734 0.105469 0.089844
0 0.871094 0.550781 0.117188 0.101562
0 0.677734 0.507812 0.136719 0.093750
0 0.808594 0.464844 0.132812 0.093750
0 0.968750 0.423828 0.062500 0.121094
0 0.886719 0.267578 0.132812 0.136719
0 0.755859 0.328125 0.128906 0.109375
0 0.568359 0.283203 0.105469 0.097656
0 0.478516 0.302734 0.089844 0.121094
0 0.478516 0.158203 0.136719 0.128906
0 0.595703 0.132812 0.113281 0.125000
0 0.707031 0.208984 0.125000 0.105469
0 0.699219 0.107422 0.117188 0.113281
