0 0.210938 0.140625 0.148438 0.117188
0 0.062500 0.224609 0.117188 0.089844
0 0.072266 0.099609 0.089844 0.097656
0 0.177734 0.314453 0.105469 0.136719
0 0.060547 0.349609 0.113281 0.113281
0 0.103516 0.478516 0.144531 0.113281
0 0.312500 0.337891 0.132812 0.136719
0 0.375000 0.423828 0.085938 0.121094
0 0.207031 0.769531 0.085938 0.093750
0 0.123047 0.718750 0.089844 0.101562
0 0.039062 0.894531 0.070312 0.109375
0 0.421875 0.529297 0.101562 0.105469
0 0.724609 0.326172 0.113281 0.121094
0 0.523438 0.263672 0.109375 0.128906
0 0.406250 0.134766 0.085938 0.128906
0 0.617188 0.171875 0.132812 0.117188
0 0.609375 0.068359 0.117188 0.089844
0 0.496094 0.142578 0.085938 0.097656
0 0.732422 0.103516 0.097656 0.097656
0 0.804688 0.101562 0.085938 0.117188
0 0.882812 0.052734 0.093750 0.097656
