0 0.156250 0.578125 0.109375 0.101562
0 0.169922 0.759766 0.105469 0.089844
0 0.322266 0.578125 0.105469 0.117188
0 0.423828 0.554688 0.105469 0.140625
0 0.314453 0.431641 0.121094 0.144531
0 0.451172 0.316406 0.121094 0.171875
0 0.562500 0.419922 0.125000 0.113281
0 0.402344 0.699219 0.148438 0.117188
0 0.603516 0.652344 0.113281 0.117188
0 0.832031 0.486328 0.132812 0.113281
0 0.941406 0.564453 0.117188 0.097656
0 0.914062 0.333984 0.171875 0.136719
0 0.568359 0.150391 0.121094 0.105469
0 0.587891 0.289062 0.136719 0.132812
0 0.849609 0.664062 0.136719 0.109375
