0 0.205078 0.082031 0.128906 0.140625
0 0.060547 0.378906 0.105469 0.117188
0 0.126953 0.193359 0.097656 0.121094
0 0.042969 0.216797 0.078125 0.113281
0 0.326172 0.220703 0.113281 0.105469
0 0.353516 0.080078 0.105469 0.152344
0 0.498047 0.457031 0.066406 0.093750
0 0.587891 0.353516 0.113281 0.121094
0 0.683594 0.316406 0.093750 0.132812
0 0.730469 0.464844 0.117188 0.117188
0 0.603516 0.503906 0.105469 0.093750
0 0.394531 0.402344 0.101562 0.101562
0 0.218750 0.343750 0.125000 0.078125
0 0.353516 0.798828 0.105469 0.113281
0 0.318359 0.576172 0.097656 0.082031
0 0.277344 0.707031 0.109375 0.101562
0 0.498047 0.919922 0.152344 0.128906
0 0.689453 0.720703 0.160156 0.152344
0 0.927734 0.273438 0.128906 0.125000
0 0.966797 0.660156 0.066406 0.125000
0 0.673828 0.943359 0.097656 0.105469
