0 0.076172 0.878906 0.113281 0.132812
0 0.392578 0.695312 0.121094 0.117188
0 0.568359 0.746094 0.121094 0.109375
0 0.634766 0.617188 0.128906 0.140625
0 0.703125 0.691406 0.101562 0.109375
0 0.947266 0.857422 0.105469 0.121094
0 0.568359 0.527344 0.105469 0.109375
0 0.951172 0.490234 0.097656 0.167969
0 0.750000 0.150391 0.179688 0.128906
0 0.750000 0.316406 0.132812 0.132812
0 0.867188 0.224609 0.070312 0.105469
0 0.550781 0.357422 0.093750 0.144531
0 0.357422 0.529297 0.097656 0.089844
0 0.261719 0.599609 0.109375 0.144531
0 0.207031 0.396484 0.117188 0.105469
0 0.164062 0.300781 0.132812 0.117188
0 0.294922 0.271484 0.144531 0.136719
0 0.074219 0.166016 0.117188 0.105469
0 0.464844 0.863281 0.117188 0.101562
