0 0.126953 0.791016 0.113281 0.167969
0 0.222656 0.849609 0.109375 0.136719
0 0.269531 0.710938 0.125000 0.148438
0 0.380859 0.667969 0.121094 0.132812
0 0.033203 0.869141 0.058594 0.144531
0 0.078125 0.941406 0.125000 0.101562
0 0.054688 0.662109 0.101562 0.136719
0 0.662109 0.878906 0.144531 0.117188
0 0.794922 0.931641 0.136719 0.105469
0 0.867188 0.808594 0.132812 0.117188
0 0.863281 0.515625 0.148438 0.140625
0 0.546875 0.857422 0.132812 0.105469
0 0.605469 0.953125 0.117188 0.093750
0 0.453125 0.957031 0.117188 0.085938
0 0.435547 0.845703 0.136719 0.105469
