0 0.062500 0.392578 0.117188 0.152344
0 0.134766 0.574219 0.144531 0.140625
0 0.134766 0.751953 0.144531 0.152344
0 0.232422 0.449219 0.105469 0.132812
0 0.169922 0.267578 0.113281 0.144531
0 0.085938 0.107422 0.117188 0.136719
0 0.255859 0.128906 0.128906 0.148438
0 0.541016 0.158203 0.160156 0.167969
0 0.607422 0.031250 0.128906 0.054688
0 0.691406 0.277344 0.078125 0.179688
0 0.863281 0.330078 0.132812 0.136719
0 0.925781 0.220703 0.132812 0.097656
0 0.964844 0.371094 0.070312 0.140625
0 0.939453 0.580078 0.121094 0.144531
0 0.683594 0.550781 0.140625 0.132812
0 0.785156 0.658203 0.109375 0.113281
0 0.648438 0.939453 0.101562 0.113281
