0 0.187500 0.419922 0.117188 0.144531
0 0.242188 0.119141 0.140625 0.128906
0 0.111328 0.271484 0.121094 0.160156
0 0.414062 0.914062 0.156250 0.171875
0 0.208984 0.964844 0.113281 0.070312
0 0.416016 0.447266 0.082031 0.152344
0 0.482422 0.400391 0.082031 0.144531
0 0.525391 0.708984 0.097656 0.136719
0 0.462891 0.173828 0.105469 0.160156
0 0.646484 0.222656 0.167969 0.164062
0 0.537109 0.035156 0.113281 0.062500
0 0.681641 0.501953 0.144531 0.152344
0 0.671875 0.781250 0.164062 0.125000
0 0.900391 0.669922 0.105469 0.136719
0 0.835938 0.207031 0.078125 0.148438
0 0.951172 0.367188 0.097656 0.195312
0 0.931641 0.041016 0.136719 0.074219
