0 0.226562 0.039062 0.109375 0.070312
0 0.291016 0.169922 0.097656 0.121094
0 0.283203 0.453125 0.105469 0.164062
0 0.244141 0.640625 0.105469 0.164062
0 0.412109 0.681641 0.160156 0.152344
0 0.550781 0.138672 0.117188 0.183594
0 0.679688 0.261719 0.101562 0.164062
0 0.685547 0.488281 0.113281 0.156250
0 0.705078 0.679688 0.074219 0.140625
0 0.546875 0.626953 0.101562 0.152344
0 0.919922 0.503906 0.160156 0.226562
0 0.867188 0.300781 0.117188 0.156250
0 0.886719 0.123047 0.101562 0.113281
0 0.841797 0.876953 0.136719 0.152344
