0 0.041016 0.599609 0.074219 0.144531
0 0.167969 0.830078 0.125000 0.136719
0 0.349609 0.822266 0.144531 0.144531
0 0.277344 0.652344 0.148438 0.132812
0 0.316406 0.519531 0.148438 0.140625
0 0.236328 0.246094 0.121094 0.125000
0 0.394531 0.375000 0.093750 0.117188
0 0.609375 0.898438 0.093750 0.109375
0 0.667969 0.775391 0.085938 0.105469
0 0.847656 0.730469 0.156250 0.148438
0 0.843750 0.902344 0.117188 0.132812
0 0.765625 0.574219 0.125000 0.117188
0 0.673828 0.587891 0.128906 0.136719
0 0.703125 0.466797 0.140625 0.128906
0 0.578125 0.300781 0.132812 0.117188
0 0.582031 0.390625 0.101562 0.101562
0 0.802734 0.326172 0.113281 0.128906
0 0.429688 0.082031 0.148438 0.132812
0 0.705078 0.085938 0.152344 0.156250
0 0.951172 0.406250 0.089844 0.148438
