0 0.121094 0.458984 0.132812 0.136719
0 0.195312 0.355469 0.132812 0.117188
0 0.042969 0.222656 0.078125 0.148438
0 0.144531 0.173828 0.109375 0.121094
0 0.292969 0.722656 0.117188 0.140625
0 0.148438 0.732422 0.164062 0.160156
0 0.398438 0.880859 0.125000 0.121094
0 0.380859 0.365234 0.097656 0.152344
0 0.470703 0.369141 0.097656 0.136719
0 0.580078 0.443359 0.113281 0.152344
0 0.591797 0.654297 0.097656 0.144531
0 0.742188 0.671875 0.140625 0.195312
0 0.757812 0.937500 0.132812 0.125000
0 0.728516 0.523438 0.144531 0.148438
0 0.666016 0.359375 0.113281 0.109375
0 0.744141 0.300781 0.105469 0.117188
0 0.457031 0.246094 0.117188 0.125000
0 0.583984 0.125000 0.136719 0.132812
0 0.910156 0.058594 0.140625 0.109375
0 0.917969 0.208984 0.132812 0.128906
0 0.968750 0.335938 0.062500 0.093750
0 0.957031 0.527344 0.085938 0.132812
