0 0.615234 0.060547 0.074219 0.082031
0 0.675781 0.298828 0.070312 0.097656
0 0.521484 0.173828 0.074219 0.089844
0 0.365234 0.197266 0.089844 0.089844
0 0.558594 0.720703 0.125000 0.121094
0 0.431641 0.613281 0.105469 0.117188
0 0.347656 0.935547 0.078125 0.128906
0 0.322266 0.716797 0.121094 0.113281
0 0.433594 0.873047 0.101562 0.105469
0 0.505859 0.962891 0.128906 0.074219
0 0.119141 0.785156 0.097656 0.093750
0 0.058594 0.902344 0.078125 0.085938
0 0.039062 0.669922 0.062500 0.089844
0 0.287109 0.285156 0.113281 0.109375
0 0.117188 0.201172 0.125000 0.113281
0 0.304688 0.416016 0.078125 0.058594
0 0.472656 0.257812 0.078125 0.078125
