0 0.162109 0.115234 0.152344 0.113281
0 0.070312 0.203125 0.132812 0.132812
0 0.070312 0.361328 0.117188 0.121094
0 0.146484 0.541016 0.144531 0.136719
0 0.240234 0.363281 0.136719 0.140625
0 0.419922 0.572266 0.113281 0.136719
0 0.226562 0.722656 0.117188 0.156250
0 0.363281 0.792969 0.140625 0.132812
0 0.585938 0.593750 0.093750 0.132812
0 0.730469 0.732422 0.109375 0.121094
0 0.681641 0.931641 0.089844 0.105469
0 0.841797 0.400391 0.082031 0.136719
0 0.605469 0.412109 0.101562 0.121094
0 0.501953 0.384766 0.082031 0.113281
0 0.718750 0.154297 0.101562 0.105469
0 0.664062 0.044922 0.109375 0.082031
