0 0.273438 0.361328 0.117188 0.121094
0 0.419922 0.425781 0.144531 0.132812
0 0.531250 0.576172 0.125000 0.136719
0 0.333984 0.275391 0.105469 0.105469
0 0.623047 0.330078 0.128906 0.136719
0 0.773438 0.373047 0.125000 0.152344
0 0.773438 0.787109 0.132812 0.113281
0 0.908203 0.833984 0.121094 0.121094
0 0.763672 0.958984 0.144531 0.082031
0 0.097656 0.951172 0.101562 0.082031
0 0.347656 0.927734 0.117188 0.128906
0 0.101562 0.382812 0.132812 0.117188
0 0.519531 0.111328 0.109375 0.136719
0 0.617188 0.218750 0.101562 0.132812
0 0.083984 0.056641 0.113281 0.058594
0 0.058594 0.091797 0.109375 0.089844
0 0.398438 0.046875 0.109375 0.085938
0 0.416016 0.287109 0.113281 0.128906
0 0.597656 0.486328 0.109375 0.121094
0 0.638672 0.599609 0.074219 0.128906
