0 0.042969 0.107422 0.078125 0.121094
0 0.148438 0.236328 0.117188 0.128906
0 0.224609 0.414062 0.136719 0.101562
0 0.380859 0.359375 0.160156 0.140625
0 0.419922 0.732422 0.144531 0.136719
0 0.501953 0.919922 0.136719 0.128906
0 0.617188 0.867188 0.117188 0.125000
0 0.687500 0.736328 0.117188 0.128906
0 0.828125 0.804688 0.117188 0.140625
0 0.685547 0.593750 0.128906 0.164062
0 0.849609 0.574219 0.144531 0.140625
0 0.960938 0.640625 0.078125 0.171875
0 0.666016 0.386719 0.167969 0.187500
0 0.867188 0.410156 0.140625 0.148438
0 0.738281 0.224609 0.093750 0.105469
0 0.238281 0.058594 0.117188 0.085938
0 0.373047 0.052734 0.097656 0.089844
