0 0.556641 0.222656 0.167969 0.187500
0 0.804688 0.343750 0.117188 0.117188
0 0.857422 0.449219 0.105469 0.109375
0 0.966797 0.339844 0.066406 0.117188
0 0.734375 0.431641 0.140625 0.128906
0 0.796875 0.574219 0.164062 0.171875
0 0.863281 0.683594 0.140625 0.125000
0 0.947266 0.599609 0.105469 0.144531
0 0.632812 0.701172 0.148438 0.160156
0 0.865234 0.802734 0.113281 0.113281
0 0.949219 0.900391 0.101562 0.167969
0 0.964844 0.726562 0.070312 0.140625
0 0.529297 0.531250 0.121094 0.117188
0 0.285156 0.494141 0.187500 0.152344
0 0.123047 0.906250 0.175781 0.164062
0 0.037109 0.656250 0.066406 0.132812
0 0.162109 0.595703 0.128906 0.160156
0 0.050781 0.515625 0.093750 0.125000
0 0.265625 0.250000 0.109375 0.109375
0 0.240234 0.150391 0.121094 0.082031
0 0.230469 0.085938 0.101562 0.070312
0 0.126953 0.453125 0.144531 0.125000
0 0.169922 0.255859 0.105469 0.105469
0 0.068359 0.251953 0.128906 0.136719
0 0.080078 0.115234 0.144531 0.152344
