0 0.580078 0.773438 0.089844 0.109375
0 0.658203 0.818359 0.105469 0.105469
0 0.824219 0.806641 0.164062 0.152344
0 0.423828 0.492188 0.136719 0.156250
0 0.308594 0.582031 0.125000 0.117188
0 0.208984 0.582031 0.113281 0.101562
0 0.177734 0.675781 0.128906 0.109375
0 0.294922 0.722656 0.113281 0.093750
0 0.300781 0.806641 0.117188 0.097656
0 0.226562 0.847656 0.125000 0.093750
0 0.214844 0.929688 0.210938 0.109375
0 0.082031 0.742188 0.140625 0.156250
0 0.064453 0.582031 0.121094 0.171875
0 0.095703 0.468750 0.160156 0.156250
0 0.187500 0.322266 0.132812 0.136719
0 0.398438 0.931641 0.109375 0.136719
0 0.498047 0.935547 0.121094 0.128906
0 0.478516 0.824219 0.167969 0.140625
0 0.783203 0.943359 0.183594 0.105469
0 0.169922 0.193359 0.097656 0.097656
0 0.863281 0.369141 0.117188 0.105469
0 0.072266 0.318359 0.113281 0.121094
0 0.042969 0.154297 0.078125 0.136719
0 0.943359 0.630859 0.113281 0.121094
