0 0.498047 0.296875 0.128906 0.132812
0 0.351562 0.839844 0.125000 0.101562
0 0.673828 0.097656 0.097656 0.109375
0 0.757812 0.138672 0.085938 0.121094
0 0.849609 0.203125 0.113281 0.125000
0 0.947266 0.267578 0.105469 0.128906
0 0.923828 0.597656 0.152344 0.125000
0 0.875000 0.744141 0.109375 0.113281
0 0.343750 0.187500 0.125000 0.140625
0 0.162109 0.460938 0.136719 0.132812
0 0.214844 0.197266 0.109375 0.136719
0 0.300781 0.289062 0.117188 0.125000
0 0.873047 0.431641 0.082031 0.121094
0 0.931641 0.466797 0.089844 0.113281
0 0.513672 0.574219 0.089844 0.132812
0 0.390625 0.646484 0.148438 0.160156
