0 0.091797 0.361328 0.136719 0.121094
0 0.044922 0.517578 0.082031 0.160156
0 0.208984 0.488281 0.167969 0.101562
0 0.410156 0.560547 0.117188 0.128906
0 0.248047 0.613281 0.144531 0.132812
0 0.335938 0.667969 0.109375 0.109375
0 0.425781 0.732422 0.109375 0.144531
0 0.525391 0.724609 0.097656 0.121094
0 0.533203 0.925781 0.136719 0.148438
0 0.617188 0.656250 0.132812 0.132812
0 0.683594 0.732422 0.109375 0.121094
0 0.681641 0.548828 0.167969 0.160156
0 0.818359 0.410156 0.105469 0.109375
0 0.906250 0.480469 0.085938 0.101562
0 0.767578 0.742188 0.097656 0.101562
0 0.773438 0.878906 0.101562 0.109375
0 0.140625 0.804688 0.085938 0.078125
0 0.044922 0.771484 0.082031 0.097656
0 0.251953 0.910156 0.121094 0.117188
0 0.845703 0.562500 0.113281 0.140625
