0 0.107422 0.179688 0.152344 0.156250
0 0.138672 0.353516 0.136719 0.152344
0 0.042969 0.294922 0.078125 0.152344
0 0.083984 0.445312 0.105469 0.109375
0 0.037109 0.103516 0.066406 0.144531
0 0.248047 0.558594 0.144531 0.156250
0 0.351562 0.669922 0.132812 0.121094
0 0.472656 0.589844 0.101562 0.125000
0 0.572266 0.472656 0.144531 0.156250
0 0.693359 0.552734 0.152344 0.160156
0 0.587891 0.628906 0.167969 0.140625
0 0.714844 0.685547 0.140625 0.136719
0 0.671875 0.783203 0.132812 0.121094
0 0.828125 0.650391 0.109375 0.097656
0 0.871094 0.714844 0.101562 0.093750
0 0.812500 0.810547 0.117188 0.113281
0 0.931641 0.789062 0.105469 0.109375
0 0.884766 0.892578 0.152344 0.136719
0 0.453125 0.412109 0.140625 0.144531
0 0.375000 0.281250 0.117188 0.140625
0 0.419922 0.183594 0.082031 0.093750
0 0.484375 0.246094 0.125000 0.117188
0 0.597656 0.199219 0.093750 0.101562
0 0.652344 0.158203 0.085938 0.082031
0 0.765625 0.335938 0.109375 0.093750
0 0.800781 0.419922 0.101562 0.105469
0 0.921875 0.513672 0.101562 0.097656
0 0.916016 0.427734 0.105469 0.097656
0 0.890625 0.332031 0.125000 0.117188
0 0.810547 0.271484 0.113281 0.089844
0 0.867188 0.228516 0.085938 0.089844
0 0.761719 0.181641 0.132812 0.121094
0 0.527344 0.083984 0.109375 0.089844
0 0.566406 0.037109 0.101562 0.066406
0 0.677734 0.072266 0.097656 0.105469
0 0.640625 0.037109 0.093750 0.066406
0 0.892578 0.138672 0.121094 0.121094
0 0.970703 0.177734 0.058594 0.113281
0 0.970703 0.324219 0.058594 0.140625
0 0.767578 0.066406 0.074219 0.093750
0 0.832031 0.054688 0.101562 0.093750
