0 0.390625 0.339844 0.101562 0.109375
0 0.427734 0.101562 0.152344 0.148438
0 0.210938 0.453125 0.156250 0.117188
0 0.082031 0.460938 0.093750 0.101562
0 0.037109 0.232422 0.066406 0.121094
0 0.105469 0.089844 0.093750 0.148438
0 0.480469 0.578125 0.117188 0.132812
0 0.556641 0.675781 0.113281 0.132812
0 0.666016 0.775391 0.105469 0.121094
0 0.587891 0.185547 0.097656 0.113281
0 0.578125 0.281250 0.109375 0.109375
0 0.580078 0.406250 0.152344 0.101562
0 0.707031 0.388672 0.117188 0.128906
0 0.642578 0.539062 0.121094 0.125000
0 0.726562 0.613281 0.109375 0.117188
0 0.806641 0.595703 0.113281 0.144531
0 0.744141 0.496094 0.113281 0.132812
0 0.900391 0.753906 0.121094 0.132812
0 0.695312 0.927734 0.148438 0.121094
0 0.537109 0.802734 0.144531 0.113281
0 0.972656 0.822266 0.054688 0.097656
