0 0.378906 0.099609 0.109375 0.113281
0 0.253906 0.074219 0.117188 0.109375
0 0.123047 0.058594 0.128906 0.109375
0 0.060547 0.203125 0.105469 0.109375
0 0.093750 0.332031 0.101562 0.148438
0 0.164062 0.294922 0.117188 0.113281
0 0.289062 0.322266 0.164062 0.183594
0 0.298828 0.203125 0.144531 0.148438
0 0.457031 0.298828 0.156250 0.167969
0 0.500000 0.197266 0.125000 0.105469
0 0.707031 0.275391 0.117188 0.128906
0 0.505859 0.457031 0.121094 0.117188
0 0.697266 0.398438 0.160156 0.125000
0 0.695312 0.500000 0.125000 0.101562
0 0.769531 0.576172 0.171875 0.152344
0 0.904297 0.505859 0.089844 0.105469
0 0.896484 0.695312 0.128906 0.140625
0 0.781250 0.667969 0.125000 0.117188
0 0.230469 0.519531 0.125000 0.140625
0 0.402344 0.583984 0.125000 0.113281
0 0.535156 0.630859 0.117188 0.097656
0 0.074219 0.589844 0.117188 0.140625
