0 0.082031 0.171875 0.109375 0.101562
0 0.140625 0.250000 0.109375 0.117188
0 0.044922 0.039062 0.082031 0.070312
0 0.121094 0.085938 0.101562 0.085938
0 0.181641 0.150391 0.105469 0.105469
0 0.371094 0.455078 0.125000 0.097656
0 0.037109 0.650391 0.066406 0.160156
0 0.167969 0.814453 0.125000 0.121094
0 0.189453 0.912109 0.105469 0.105469
0 0.302734 0.896484 0.175781 0.144531
0 0.755859 0.888672 0.089844 0.097656
0 0.763672 0.964844 0.089844 0.070312
0 0.830078 0.925781 0.105469 0.085938
0 0.875000 0.966797 0.101562 0.066406
