0 0.371094 0.552734 0.187500 0.152344
0 0.156250 0.464844 0.148438 0.148438
0 0.248047 0.818359 0.152344 0.136719
0 0.425781 0.955078 0.164062 0.089844
0 0.640625 0.923828 0.210938 0.152344
0 0.800781 0.859375 0.109375 0.125000
0 0.703125 0.660156 0.132812 0.132812
0 0.423828 0.361328 0.128906 0.144531
0 0.484375 0.318359 0.109375 0.136719
0 0.511719 0.181641 0.148438 0.160156
0 0.626953 0.417969 0.152344 0.156250
0 0.886719 0.935547 0.148438 0.128906
0 0.900391 0.486328 0.183594 0.136719
0 0.742188 0.562500 0.148438 0.148438
0 0.744141 0.404297 0.167969 0.167969
