0 0.058594 0.070312 0.085938 0.101562
0 0.169922 0.353516 0.097656 0.121094
0 0.224609 0.503906 0.089844 0.117188
0 0.232422 0.273438 0.113281 0.101562
0 0.322266 0.367188 0.136719 0.117188
0 0.388672 0.462891 0.113281 0.136719
0 0.316406 0.583984 0.117188 0.105469
0 0.423828 0.648438 0.136719 0.125000
0 0.417969 0.253906 0.125000 0.125000
0 0.369141 0.121094 0.144531 0.125000
0 0.201172 0.062500 0.128906 0.101562
0 0.500000 0.156250 0.093750 0.125000
0 0.574219 0.484375 0.109375 0.117188
0 0.376953 0.865234 0.097656 0.128906
0 0.564453 0.943359 0.152344 0.113281
0 0.894531 0.099609 0.093750 0.113281
0 0.970703 0.349609 0.058594 0.121094
0 0.908203 0.443359 0.113281 0.128906
0 0.929688 0.560547 0.101562 0.113281
0 0.949219 0.761719 0.085938 0.109375
0 0.751953 0.710938 0.136719 0.148438
0 0.867188 0.845703 0.125000 0.121094
