0 0.025391 0.083984 0.042969 0.136719
0 0.078125 0.125000 0.093750 0.109375
0 0.119141 0.056641 0.097656 0.089844
0 0.158203 0.150391 0.089844 0.105469
0 0.263672 0.173828 0.105469 0.128906
0 0.277344 0.062500 0.117188 0.109375
0 0.064453 0.359375 0.082031 0.093750
0 0.085938 0.441406 0.085938 0.101562
0 0.029297 0.521484 0.050781 0.121094
0 0.144531 0.511719 0.101562 0.101562
0 0.123047 0.322266 0.089844 0.128906
0 0.267578 0.437500 0.105469 0.109375
0 0.357422 0.476562 0.113281 0.125000
0 0.279297 0.556641 0.121094 0.105469
0 0.224609 0.615234 0.097656 0.121094
0 0.169922 0.414062 0.097656 0.109375
0 0.302734 0.671875 0.113281 0.101562
0 0.421875 0.744141 0.117188 0.105469
0 0.064453 0.675781 0.097656 0.101562
0 0.136719 0.763672 0.109375 0.097656
0 0.281250 0.863281 0.101562 0.125000
0 0.439453 0.884766 0.128906 0.128906
0 0.689453 0.830078 0.121094 0.105469
0 0.636719 0.914062 0.117188 0.109375
0 0.585938 0.957031 0.109375 0.085938
0 0.750000 0.908203 0.109375 0.105469
0 0.724609 0.664062 0.113281 0.125000
0 0.574219 0.539062 0.109375 0.140625
0 0.685547 0.486328 0.121094 0.144531
0 0.871094 0.542969 0.125000 0.132812
0 0.943359 0.451172 0.113281 0.105469
0 0.896484 0.376953 0.113281 0.105469
0 0.804688 0.425781 0.132812 0.140625
0 0.675781 0.378906 0.125000 0.132812
0 0.578125 0.312500 0.132812 0.125000
0 0.501953 0.230469 0.128906 0.117188
0 0.558594 0.152344 0.109375 0.125000
0 0.580078 0.060547 0.128906 0.113281
0 0.675781 0.126953 0.117188 0.097656
0 0.781250 0.070312 0.109375 0.101562
0 0.783203 0.304688 0.128906 0.109375
0 0.644531 0.236328 0.132812 0.113281
