0 0.060547 0.951172 0.082031 0.097656
0 0.285156 0.744141 0.093750 0.082031
0 0.310547 0.826172 0.082031 0.097656
0 0.357422 0.771484 0.074219 0.074219
0 0.412109 0.833984 0.097656 0.082031
0 0.408203 0.908203 0.089844 0.097656
0 0.482422 0.873047 0.082031 0.074219
0 0.476562 0.953125 0.093750 0.093750
0 0.554688 0.955078 0.093750 0.089844
0 0.212891 0.150391 0.121094 0.105469
0 0.244141 0.238281 0.121094 0.093750
0 0.371094 0.181641 0.117188 0.105469
0 0.550781 0.287109 0.101562 0.097656
0 0.828125 0.203125 0.132812 0.101562
0 0.808594 0.359375 0.093750 0.109375
0 0.732422 0.410156 0.082031 0.085938
0 0.898438 0.447266 0.093750 0.105469
0 0.634766 0.052734 0.128906 0.097656
0 0.324219 0.033203 0.109375 0.058594
0 0.253906 0.054688 0.085938 0.093750
0 0.429688 0.062500 0.085938 0.093750
