0 0.095703 0.322266 0.089844 0.105469
0 0.050781 0.419922 0.093750 0.113281
0 0.123047 0.474609 0.089844 0.113281
0 0.164062 0.386719 0.101562 0.109375
0 0.205078 0.513672 0.097656 0.121094
0 0.310547 0.447266 0.105469 0.105469
0 0.294922 0.601562 0.089844 0.101562
0 0.378906 0.558594 0.093750 0.109375
0 0.375000 0.656250 0.101562 0.109375
0 0.468750 0.613281 0.085938 0.093750
0 0.419922 0.751953 0.097656 0.105469
0 0.191406 0.658203 0.101562 0.105469
0 0.058594 0.855469 0.101562 0.117188
0 0.054688 0.958984 0.093750 0.082031
0 0.238281 0.962891 0.125000 0.074219
0 0.267578 0.869141 0.113281 0.121094
0 0.365234 0.871094 0.074219 0.101562
0 0.429688 0.908203 0.101562 0.097656
0 0.462891 0.968750 0.121094 0.062500
0 0.603516 0.791016 0.097656 0.113281
0 0.701172 0.812500 0.097656 0.117188
0 0.746094 0.904297 0.109375 0.082031
0 0.792969 0.843750 0.093750 0.085938
0 0.867188 0.958984 0.101562 0.082031
0 0.759766 0.962891 0.097656 0.074219
0 0.816406 0.759766 0.085938 0.089844
0 0.955078 0.884766 0.089844 0.121094
0 0.726562 0.552734 0.117188 0.121094
0 0.716797 0.419922 0.105469 0.121094
0 0.765625 0.361328 0.109375 0.121094
0 0.869141 0.318359 0.105469 0.128906
0 0.857422 0.419922 0.121094 0.105469
0 0.796875 0.488281 0.109375 0.093750
0 0.837891 0.609375 0.105469 0.117188
0 0.873047 0.531250 0.113281 0.125000
0 0.955078 0.552734 0.089844 0.128906
0 0.910156 0.685547 0.085938 0.121094
0 0.949219 0.443359 0.101562 0.121094
0 0.603516 0.119141 0.136719 0.105469
0 0.443359 0.332031 0.113281 0.093750
0 0.347656 0.232422 0.109375 0.089844
0 0.250000 0.265625 0.101562 0.101562
0 0.195312 0.123047 0.117188 0.097656
0 0.103516 0.119141 0.121094 0.113281
0 0.285156 0.048828 0.117188 0.089844
0 0.166016 0.220703 0.089844 0.097656
0 0.162109 0.027344 0.128906 0.046875
