0 0.117188 0.134766 0.101562 0.089844
0 0.207031 0.181641 0.093750 0.089844
0 0.365234 0.230469 0.128906 0.132812
0 0.484375 0.246094 0.101562 0.117188
0 0.636719 0.083984 0.093750 0.105469
0 0.792969 0.185547 0.101562 0.136719
0 0.933594 0.332031 0.125000 0.140625
0 0.306641 0.517578 0.121094 0.105469
0 0.384766 0.593750 0.121094 0.117188
0 0.482422 0.548828 0.113281 0.113281
0 0.470703 0.427734 0.097656 0.097656
0 0.562500 0.462891 0.101562 0.097656
0 0.572266 0.621094 0.121094 0.117188
0 0.580078 0.734375 0.105469 0.125000
0 0.691406 0.708984 0.125000 0.113281
0 0.687500 0.464844 0.132812 0.109375
0 0.708984 0.541016 0.128906 0.113281
0 0.259766 0.675781 0.136719 0.117188
0 0.333984 0.933594 0.128906 0.132812
0 0.539062 0.906250 0.132812 0.132812
0 0.445312 0.845703 0.109375 0.136719
0 0.353516 0.796875 0.121094 0.140625
0 0.166016 0.599609 0.136719 0.113281
0 0.099609 0.541016 0.105469 0.113281
