0 0.048828 0.080078 0.082031 0.082031
0 0.103516 0.123047 0.066406 0.058594
0 0.146484 0.087891 0.074219 0.066406
0 0.222656 0.117188 0.085938 0.085938
0 0.173828 0.175781 0.066406 0.085938
0 0.099609 0.203125 0.074219 0.085938
0 0.146484 0.261719 0.074219 0.078125
0 0.037109 0.232422 0.066406 0.121094
0 0.109375 0.324219 0.101562 0.101562
0 0.050781 0.396484 0.070312 0.089844
0 0.042969 0.564453 0.078125 0.074219
0 0.031250 0.673828 0.054688 0.097656
0 0.035156 0.785156 0.062500 0.109375
0 0.113281 0.822266 0.101562 0.097656
0 0.134766 0.710938 0.113281 0.093750
0 0.195312 0.781250 0.101562 0.078125
0 0.201172 0.873047 0.089844 0.097656
0 0.117188 0.625000 0.109375 0.101562
0 0.462891 0.960938 0.121094 0.078125
0 0.181641 0.964844 0.097656 0.070312
0 0.259766 0.931641 0.097656 0.105469
0 0.400391 0.587891 0.082031 0.089844
0 0.494141 0.593750 0.089844 0.101562
0 0.437500 0.507812 0.101562 0.101562
0 0.531250 0.517578 0.078125 0.074219
0 0.601562 0.474609 0.101562 0.082031
0 0.501953 0.443359 0.105469 0.097656
0 0.400391 0.390625 0.105469 0.109375
0 0.349609 0.515625 0.121094 0.101562
0 0.906250 0.941406 0.109375 0.101562
0 0.890625 0.861328 0.101562 0.082031
0 0.777344 0.873047 0.093750 0.089844
0 0.722656 0.791016 0.101562 0.089844
0 0.753906 0.716797 0.093750 0.074219
0 0.824219 0.798828 0.109375 0.105469
0 0.929688 0.779297 0.101562 0.082031
0 0.837891 0.708984 0.113281 0.082031
0 0.798828 0.621094 0.128906 0.093750
0 0.722656 0.544922 0.085938 0.089844
0 0.689453 0.589844 0.089844 0.078125
0 0.484375 0.191406 0.117188 0.109375
0 0.546875 0.292969 0.117188 0.117188
0 0.589844 0.177734 0.101562 0.128906
0 0.664062 0.289062 0.117188 0.109375
0 0.712891 0.208984 0.097656 0.121094
0 0.699219 0.390625 0.125000 0.117188
0 0.777344 0.460938 0.078125 0.085938
0 0.957031 0.371094 0.085938 0.093750
0 0.873047 0.445312 0.121094 0.109375
0 0.968750 0.570312 0.062500 0.101562
0 0.925781 0.621094 0.125000 0.093750
