0 0.033203 0.169922 0.058594 0.089844
0 0.078125 0.255859 0.101562 0.105469
0 0.091797 0.363281 0.113281 0.093750
0 0.072266 0.472656 0.105469 0.093750
0 0.226562 0.443359 0.156250 0.152344
0 0.248047 0.062500 0.105469 0.093750
0 0.363281 0.234375 0.132812 0.117188
0 0.431641 0.337891 0.089844 0.082031
0 0.412109 0.421875 0.097656 0.078125
0 0.457031 0.494141 0.117188 0.089844
0 0.416016 0.595703 0.121094 0.105469
0 0.355469 0.677734 0.101562 0.097656
0 0.480469 0.265625 0.093750 0.101562
0 0.531250 0.353516 0.101562 0.105469
0 0.470703 0.121094 0.121094 0.117188
0 0.621094 0.302734 0.101562 0.105469
0 0.664062 0.222656 0.117188 0.101562
0 0.589844 0.125000 0.117188 0.109375
0 0.070312 0.761719 0.101562 0.117188
0 0.267578 0.820312 0.105469 0.093750
0 0.183594 0.730469 0.117188 0.085938
0 0.187500 0.818359 0.125000 0.074219
0 0.216797 0.947266 0.128906 0.105469
0 0.140625 0.882812 0.117188 0.101562
0 0.646484 0.673828 0.105469 0.082031
0 0.812500 0.632812 0.093750 0.085938
0 0.894531 0.701172 0.109375 0.082031
0 0.837891 0.802734 0.105469 0.105469
0 0.960938 0.560547 0.078125 0.121094
