0 0.873047 0.058594 0.105469 0.109375
0 0.763672 0.085938 0.097656 0.101562
0 0.957031 0.306641 0.085938 0.128906
0 0.777344 0.365234 0.093750 0.105469
0 0.824219 0.427734 0.078125 0.089844
0 0.830078 0.546875 0.089844 0.117188
0 0.896484 0.494141 0.089844 0.105469
0 0.351562 0.263672 0.140625 0.105469
0 0.187500 0.072266 0.132812 0.113281
0 0.378906 0.587891 0.101562 0.082031
0 0.416016 0.699219 0.089844 0.085938
0 0.484375 0.636719 0.109375 0.093750
0 0.566406 0.890625 0.109375 0.101562
0 0.656250 0.929688 0.101562 0.093750
0 0.574219 0.968750 0.093750 0.062500
0 0.710938 0.976562 0.117188 0.046875
0 0.691406 0.853516 0.125000 0.144531
0 0.580078 0.761719 0.152344 0.148438
0 0.203125 0.480469 0.156250 0.132812
0 0.099609 0.521484 0.136719 0.152344
0 0.082031 0.425781 0.132812 0.132812
0 0.107422 0.726562 0.121094 0.132812
0 0.033203 0.712891 0.058594 0.121094
0 0.240234 0.855469 0.113281 0.140625
0 0.279297 0.951172 0.121094 0.097656
0 0.121094 0.859375 0.117188 0.140625
