0 0.248047 0.443359 0.144531 0.128906
0 0.396484 0.544922 0.128906 0.105469
0 0.417969 0.644531 0.117188 0.101562
0 0.351562 0.716797 0.109375 0.105469
0 0.394531 0.363281 0.101562 0.109375
0 0.611328 0.347656 0.113281 0.093750
0 0.876953 0.474609 0.144531 0.144531
0 0.855469 0.677734 0.132812 0.144531
0 0.634766 0.556641 0.089844 0.089844
0 0.560547 0.398438 0.082031 0.085938
0 0.572266 0.490234 0.066406 0.066406
0 0.734375 0.646484 0.109375 0.089844
0 0.658203 0.681641 0.074219 0.105469
0 0.744141 0.726562 0.082031 0.085938
0 0.955078 0.832031 0.089844 0.117188
0 0.931641 0.900391 0.074219 0.082031
0 0.859375 0.148438 0.109375 0.085938
0 0.775391 0.179688 0.066406 0.093750
0 0.849609 0.222656 0.082031 0.101562
0 0.935547 0.291016 0.074219 0.105469
0 0.302734 0.052734 0.105469 0.089844
