0 0.775391 0.404297 0.105469 0.097656
0 0.849609 0.169922 0.089844 0.097656
0 0.925781 0.224609 0.078125 0.097656
0 0.970703 0.269531 0.058594 0.117188
0 0.923828 0.564453 0.058594 0.082031
0 0.912109 0.658203 0.082031 0.097656
0 0.968750 0.628906 0.062500 0.109375
0 0.818359 0.730469 0.105469 0.117188
0 0.804688 0.861328 0.093750 0.113281
0 0.912109 0.802734 0.105469 0.105469
0 0.945312 0.892578 0.101562 0.089844
0 0.843750 0.964844 0.093750 0.070312
0 0.908203 0.957031 0.097656 0.085938
0 0.384766 0.199219 0.113281 0.117188
0 0.281250 0.312500 0.109375 0.125000
0 0.167969 0.222656 0.125000 0.109375
0 0.261719 0.175781 0.125000 0.132812
0 0.355469 0.087891 0.117188 0.113281
0 0.093750 0.111328 0.109375 0.097656
0 0.425781 0.050781 0.101562 0.093750
0 0.501953 0.183594 0.160156 0.140625
