0 0.478516 0.205078 0.136719 0.121094
0 0.656250 0.480469 0.109375 0.117188
0 0.693359 0.103516 0.136719 0.105469
0 0.849609 0.205078 0.113281 0.097656
0 0.933594 0.361328 0.117188 0.121094
0 0.820312 0.755859 0.125000 0.105469
0 0.957031 0.806641 0.085938 0.113281
0 0.843750 0.884766 0.109375 0.105469
0 0.251953 0.382812 0.113281 0.093750
0 0.191406 0.445312 0.101562 0.085938
0 0.275391 0.476562 0.105469 0.101562
0 0.355469 0.421875 0.117188 0.101562
0 0.357422 0.322266 0.097656 0.105469
0 0.281250 0.277344 0.101562 0.101562
0 0.203125 0.285156 0.132812 0.109375
0 0.109375 0.384766 0.148438 0.136719
0 0.044922 0.222656 0.082031 0.109375
0 0.091797 0.261719 0.113281 0.101562
0 0.138672 0.130859 0.105469 0.097656
0 0.187500 0.191406 0.093750 0.093750
0 0.263672 0.115234 0.136719 0.113281
0 0.085938 0.058594 0.125000 0.101562
0 0.117188 0.937500 0.101562 0.070312
0 0.113281 0.849609 0.093750 0.074219
0 0.037109 0.804688 0.066406 0.078125
0 0.207031 0.671875 0.132812 0.085938
0 0.111328 0.732422 0.113281 0.082031
