0 0.15234375 0.0078125 0.0453125 0.015625
0 0.1328125 0.01484375 0.03125 0.0296875
0 0.1609375 0.0109375 0.046875 0.021875
0 0.18046875 0.0265625 0.0546875 0.0484375
0 0.18203125 0.071875 0.0625 0.0640625
0 0.2484375 0.0125 0.0625 0.025
0 0.240625 0.03125 0.04375 0.040625
0 0.28515625 0.04921875 0.059375 0.0578125
0 0.25 0.09921875 0.06875 0.0546875
0 0.2921875 0.10546875 0.0609375 0.0625
0 0.09921875 0.0828125 0.0328125 0.05625
0 0.09140625 0.11484375 0.0296875 0.046875
0 0.07734375 0.1703125 0.03125 0.0484375
0 0.0875 0.20390625 0.0546875 0.0609375
0 0.065625 0.21796875 0.028125 0.040625
0 0.07734375 0.2484375 0.05 0.0484375
0 0.12421875 0.23984375 0.046875 0.05
0 0.1421875 0.278125 0.065625 0.0546875
0 0.153125 0.20078125 0.0515625 0.05625
0 0.1421875 0.146875 0.0578125 0.0578125
0 0.18515625 0.1640625 0.040625 0.05
0 0.2234375 0.228125 0.0546875 0.0546875
0 0.25859375 0.28125 0.053125 0.0546875
0 0.30546875 0.2375 0.053125 0.0546875
0 0.259375 0.31640625 0.05 0.053125
0 0.3046875 0.35234375 0.0546875 0.0453125
0 0.3390625 0.3515625 0.059375 0.0609375
0 0.38515625 0.38984375 0.0578125 0.059375
0 0.26796875 0.35703125 0.0328125 0.03125
0 0.3 0.38828125 0.0359375 0.04375
0 0.3234375 0.41875 0.046875 0.0515625
0 0.36328125 0.4625 0.0515625 0.05625
0 0.40859375 0.48984375 0.071875 0.075
0 0.16015625 0.3734375 0.0625 0.0625
0 0.2140625 0.40234375 0.0609375 0.0625
0 0.175 0.4265625 0.05625 0.0546875
0 0.2109375 0.4515625 0.05 0.05
0 0.25 0.51015625 0.0578125 0.04375
0 0.25625 0.54609375 0.0484375 0.05
0 0.29609375 0.57265625 0.0609375 0.0625
0 0.253125 0.5859375 0.0609375 0.05625
0 0.29296875 0.63828125 0.059375 0.0640625
0 0.33359375 0.6046875 0.0703125 0.0609375
0 0.321875 0.69453125 0.065625 0.0578125
0 0.38828125 0.6875 0.071875 0.0671875
0 0.3640625 0.740625 0.0703125 0.0609375
0 0.04296875 0.30546875 0.0265625 0.0390625
0 0.08203125 0.35625 0.0609375 0.059375
0 0.07421875 0.4265625 0.0640625 0.0515625
0 0.0265625 0.375 0.034375 0.0609375
0 0.05703125 0.45703125 0.0625 0.05625
0 0.0203125 0.440625 0.040625 0.05625
0 0.0734375 0.51171875 0.0625 0.0515625
0 0.121875 0.55859375 0.0625 0.0515625
0 0.14375 0.60625 0.065625 0.0578125
0 0.1359375 0.440625 0.0609375 0.0546875
0 0.0046875 0.57890625 0.009375 0.0296875
0 0.02578125 0.6484375 0.0515625 0.075
0 0.0890625 0.659375 0.06875 0.071875
0 0.14609375 0.72578125 0.0609375 0.0671875
0 0.16171875 0.68671875 0.053125 0.05
0 0.1921875 0.7296875 0.0453125 0.04375
0 0.0921875 0.7546875 0.053125 0.046875
0 0.0265625 0.69765625 0.053125 0.0546875
0 0.02421875 0.74375 0.0484375 0.05
0 0.06328125 0.71171875 0.05 0.0578125
0 0.06171875 0.7625 0.0578125 0.05625
0 0.0921875 0.7984375 0.046875 0.05
0 0.1546875 0.77421875 0.059375 0.05
0 0.13828125 0.828125 0.0671875 0.0578125
0 0.08515625 0.84765625 0.059375 0.0484375
0 0.05234375 0.8046875 0.05625 0.0609375
0 0.0109375 0.80703125 0.021875 0.0890625
0 0.27734375 0.75078125 0.06875 0.0625
0 0.24140625 0.78828125 0.053125 0.05
0 0.309375 0.790625 0.071875 0.0703125
0 0.3109375 0.840625 0.075 0.0671875
0 0.371875 0.871875 0.071875 0.0703125
0 0.2546875 0.83984375 0.0609375 0.0625
0 0.28828125 0.88203125 0.0546875 0.0609375
0 0.38671875 0.95078125 0.0671875 0.0625
0 0.3359375 0.9578125 0.0625 0.0453125
0 0.25078125 0.9328125 0.053125 0.0484375
0 0.190625 0.9265625 0.071875 0.0375
0 0.12421875 0.909375 0.0703125 0.0375
0 0.3125 0.965625 0.05625 0.0203125
0 0.39609375 0.9796875 0.075 0.0359375
0 0.46484375 0.99140625 0.0578125 0.0171875
0 0.50234375 0.85625 0.0484375 0.0515625
0 0.4625 0.8359375 0.05625 0.065625
0 0.4859375 0.89453125 0.05625 0.0515625
0 0.51640625 0.90234375 0.0515625 0.0484375
0 0.5546875 0.93359375 0.0625 0.05625
0 0.609375 0.9703125 0.0578125 0.0515625
0 0.6578125 0.98359375 0.0625 0.0328125
0 0.57109375 0.97578125 0.0640625 0.0484375
0 0.49296875 0.68515625 0.053125 0.053125
0 0.5109375 0.73203125 0.05625 0.05
0 0.58984375 0.66328125 0.065625 0.06875
0 0.6671875 0.7 0.0625 0.0609375
0 0.7203125 0.7859375 0.065625 0.0578125
0 0.53671875 0.675 0.0546875 0.0609375
0 0.57421875 0.7015625 0.0546875 0.053125
0 0.58203125 0.75859375 0.053125 0.053125
0 0.55078125 0.7765625 0.0609375 0.0625
0 0.609375 0.81796875 0.0578125 0.0515625
0 0.6421875 0.7796875 0.065625 0.065625
0 0.65625 0.8578125 0.06875 0.0625
0 0.71328125 0.871875 0.053125 0.046875
0 0.665625 0.925 0.0484375 0.040625
0 0.83125 0.79140625 0.0578125 0.06875
0 0.93515625 0.75390625 0.0421875 0.0484375
0 0.8984375 0.72890625 0.05 0.053125
0 0.90859375 0.82265625 0.05625 0.0625
0 0.86484375 0.82578125 0.0703125 0.075
0 0.8609375 0.671875 0.0734375 0.065625
0 0.80625 0.696875 0.08125 0.071875
0 0.76640625 0.65859375 0.06875 0.0625
0 0.7484375 0.69921875 0.065625 0.0453125
0 0.78828125 0.7578125 0.0625 0.053125
0 0.65390625 0.56484375 0.0796875 0.0859375
0 0.60859375 0.5796875 0.059375 0.0578125
0 0.54921875 0.56171875 0.078125 0.071875
0 0.53828125 0.5 0.0625 0.0515625
0 0.56796875 0.4203125 0.06875 0.0859375
0 0.5046875 0.4453125 0.05625 0.04375
0 0.48984375 0.40390625 0.0671875 0.05625
0 0.48828125 0.33359375 0.0515625 0.05625
0 0.46484375 0.31875 0.0546875 0.05625
0 0.45625 0.36171875 0.0453125 0.0515625
0 0.40234375 0.25625 0.0609375 0.0625
0 0.425 0.3078125 0.0625 0.0640625
0 0.39453125 0.10078125 0.0671875 0.075
0 0.47265625 0.16640625 0.06875 0.0578125
0 0.51796875 0.246875 0.08125 0.071875
0 0.5625 0.1296875 0.0703125 0.06875
0 0.53203125 0.0828125 0.06875 0.0703125
0 0.49765625 0.0484375 0.0625 0.05625
0 0.4640625 0.078125 0.0578125 0.0671875
0 0.48828125 0.10234375 0.053125 0.0640625
0 0.30234375 0.01484375 0.0671875 0.0296875
0 0.31640625 0.01953125 0.0609375 0.0390625
0 0.353125 0.015625 0.075 0.03125
0 0.26328125 0.0078125 0.0546875 0.015625
0 0.321875 0.00703125 0.046875 0.0140625
0 0.36015625 0.00625 0.0453125 0.0125
0 0.3734375 0.0078125 0.053125 0.015625
0 0.59375 0.01796875 0.0421875 0.028125
0 0.65078125 0.04921875 0.05625 0.046875
0 0.6359375 0.02734375 0.0421875 0.025
0 0.51171875 0.0078125 0.0484375 0.015625
0 0.5546875 0.0109375 0.046875 0.021875
0 0.61875 0.07421875 0.0671875 0.0578125
0 0.64375 0.18125 0.065625 0.0515625
0 0.6171875 0.196875 0.0453125 0.0390625
0 0.6421875 0.2515625 0.0578125 0.071875
0 0.71875 0.30234375 0.06875 0.0703125
0 0.78203125 0.32890625 0.0625 0.053125
0 0.77578125 0.265625 0.0546875 0.0453125
0 0.734375 0.203125 0.071875 0.059375
0 0.7046875 0.25078125 0.0671875 0.0640625
0 0.6484375 0.475 0.0546875 0.0484375
0 0.6796875 0.4625 0.046875 0.0359375
0 0.60625 0.4 0.075 0.071875
0 0.70859375 0.46484375 0.065625 0.059375
0 0.73203125 0.5125 0.059375 0.05625
0 0.78359375 0.5703125 0.065625 0.065625
0 0.82109375 0.54453125 0.065625 0.059375
0 0.82578125 0.50390625 0.06875 0.0625
0 0.81875 0.45625 0.05625 0.0578125
0 0.8671875 0.4921875 0.0578125 0.065625
0 0.85859375 0.21328125 0.0625 0.0609375
0 0.8375 0.128125 0.0421875 0.040625
0 0.8046875 0.16171875 0.040625 0.04375
0 0.77265625 0.140625 0.0453125 0.040625
0 0.79765625 0.1015625 0.046875 0.0453125
0 0.9109375 0.28984375 0.0453125 0.040625
0 0.8875 0.31875 0.0390625 0.0359375
0 0.86953125 0.3515625 0.0421875 0.0421875
0 0.9109375 0.3328125 0.040625 0.04375
0 0.93046875 0.37109375 0.0671875 0.0640625
0 0.96328125 0.43046875 0.0515625 0.0453125
