0 0.3140625 0.00859375 0.040625 0.0171875
0 0.27890625 0.01328125 0.0421875 0.0265625
0 0.29140625 0.015625 0.0578125 0.03125
0 0.2953125 0.01640625 0.0625 0.0328125
0 0.31640625 0.01640625 0.0671875 0.0328125
0 0.30859375 0.01640625 0.0671875 0.0328125
0 0.284375 0.03984375 0.065625 0.0625
0 0.34296875 0.03515625 0.0765625 0.065625
0 0.35078125 0.0765625 0.0734375 0.071875
0 0.39609375 0.10546875 0.0671875 0.0640625
0 0.3953125 0.0453125 0.0796875 0.078125
0 0.359375 0.02265625 0.071875 0.0453125
0 0.37421875 0.01640625 0.0703125 0.0328125
0 0.2046875 0.0234375 0.040625 0.046875
0 0.23046875 0.1 0.0625 0.0609375
0 0.221875 0.159375 0.0578125 0.05625
0 0.20546875 0.1796875 0.059375 0.053125
0 0.178125 0.0671875 0.0484375 0.0703125
0 0.15546875 0.115625 0.040625 0.046875
0 0.15625 0.1421875 0.0703125 0.0703125
0 0.13515625 0.1546875 0.0515625 0.0640625
0 0.1328125 0.17734375 0.05625 0.0625
0 0.1609375 0.19921875 0.0609375 0.0609375
0 0.1875 0.23671875 0.0734375 0.071875
0 0.0875 0.240625 0.046875 0.05625
0 0.09375 0.3078125 0.0734375 0.0734375
0 0.06171875 0.2921875 0.0484375 0.0515625
0 0.04375 0.32421875 0.0515625 0.0578125
0 0.0265625 0.34453125 0.0421875 0.0515625
0 0.01484375 0.38125 0.0296875 0.05
0 0.04453125 0.4078125 0.0734375 0.071875
0 0.08203125 0.37890625 0.0828125 0.090625
0 0.02421875 0.43203125 0.0484375 0.0734375
0 0.05625 0.46328125 0.0703125 0.06875
0 0.09296875 0.49140625 0.05625 0.0546875
0 0.065625 0.52421875 0.08125 0.0828125
0 0.10390625 0.54296875 0.0765625 0.075
0 0.0953125 0.58515625 0.0921875 0.0890625
0 0.16953125 0.32890625 0.0578125 0.0609375
0 0.140625 0.39765625 0.0703125 0.075
0 0.16484375 0.41328125 0.0515625 0.05
0 0.2 0.43515625 0.05625 0.059375
0 0.2265625 0.38125 0.0953125 0.09375
0 0.18359375 0.45859375 0.0546875 0.05625
0 0.1921875 0.5140625 0.0671875 0.071875
0 0.23046875 0.534375 0.0671875 0.0671875
0 0.2390625 0.49921875 0.0640625 0.0578125
0 0.2109375 0.57109375 0.065625 0.0703125
0 0.2203125 0.6296875 0.0640625 0.06875
0 0.26015625 0.5765625 0.0875 0.0859375
0 0.30703125 0.621875 0.0859375 0.084375
0 0.2859375 0.66640625 0.0609375 0.0625
0 0.25546875 0.65078125 0.0625 0.0640625
0 0.2265625 0.6796875 0.0546875 0.0546875
0 0.25703125 0.721875 0.0578125 0.0546875
0 0.31953125 0.72734375 0.0828125 0.0734375
0 0.29453125 0.778125 0.0671875 0.0625
0 0.3671875 0.23515625 0.08125 0.0859375
0 0.29765625 0.215625 0.0765625 0.078125
0 0.278125 0.1171875 0.09375 0.1
0 0.26796875 0.2515625 0.0640625 0.0625
0 0.31640625 0.2671875 0.0671875 0.065625
0 0.29140625 0.32265625 0.0640625 0.0625
0 0.32265625 0.309375 0.075 0.0765625
0 0.34296875 0.353125 0.0640625 0.0640625
0 0.37265625 0.3578125 0.0890625 0.0921875
0 0.4109375 0.40703125 0.0734375 0.0734375
0 0.3703125 0.49140625 0.0671875 0.0703125
0 0.4125 0.534375 0.090625 0.09375
0 0.33671875 0.44609375 0.065625 0.0671875
0 0.315625 0.403125 0.0703125 0.06875
0 0.00859375 0.4546875 0.0171875 0.05
0 0.0078125 0.5078125 0.015625 0.04375
0 0.00703125 0.690625 0.0140625 0.028125
0 0.02109375 0.5859375 0.0421875 0.078125
0 0.03125 0.62265625 0.0625 0.0734375
0 0.01640625 0.64296875 0.0328125 0.0671875
0 0.01640625 0.63515625 0.0328125 0.0640625
0 0.01328125 0.6171875 0.0265625 0.053125
0 0.0171875 0.678125 0.034375 0.06875
0 0.01328125 0.72265625 0.0265625 0.0546875
0 0.0140625 0.6796875 0.028125 0.053125
0 0.0203125 0.72109375 0.040625 0.0671875
0 0.05234375 0.69921875 0.059375 0.053125
0 0.0890625 0.675 0.0640625 0.0625
0 0.11015625 0.734375 0.065625 0.065625
0 0.06875 0.76640625 0.0875 0.0828125
0 0.034375 0.796875 0.06875 0.05625
0 0.0171875 0.765625 0.034375 0.065625
0 0.0171875 0.7484375 0.034375 0.059375
0 0.20625 0.77109375 0.0890625 0.084375
0 0.15390625 0.79140625 0.0796875 0.078125
0 0.221875 0.8140625 0.0734375 0.06875
0 0.20546875 0.85859375 0.084375 0.0796875
0 0.15390625 0.84375 0.0890625 0.0875
0 0.23359375 0.909375 0.05625 0.046875
0 0.26875 0.9171875 0.0703125 0.0671875
0 0.3578125 0.91171875 0.06875 0.06875
0 0.4078125 0.93984375 0.071875 0.0671875
0 0.36953125 0.96953125 0.0609375 0.0609375
0 0.40078125 0.98203125 0.0578125 0.0359375
0 0.3640625 0.61796875 0.08125 0.0796875
0 0.409375 0.7140625 0.078125 0.0765625
0 0.4265625 0.76015625 0.0625 0.0609375
0 0.434375 0.81796875 0.0734375 0.075
0 0.45703125 0.9 0.078125 0.0734375
0 0.5421875 0.75625 0.075 0.0734375
0 0.6171875 0.815625 0.078125 0.075
0 0.665625 0.8953125 0.090625 0.084375
0 0.65 0.93125 0.0859375 0.084375
0 0.48125 0.76640625 0.08125 0.08125
0 0.5328125 0.8 0.075 0.0671875
0 0.53828125 0.85078125 0.0765625 0.075
0 0.46875 0.85703125 0.075 0.075
0 0.50625 0.8578125 0.0734375 0.0734375
0 0.5734375 0.88984375 0.10625 0.096875
0 0.52421875 0.91875 0.071875 0.071875
0 0.559375 0.94296875 0.0671875 0.065625
0 0.565625 0.97109375 0.078125 0.0578125
0 0.625 0.9859375 0.084375 0.028125
0 0.68984375 0.84921875 0.065625 0.065625
0 0.7203125 0.796875 0.084375 0.0828125
0 0.7578125 0.8625 0.0828125 0.08125
0 0.71640625 0.92109375 0.065625 0.06875
0 0.76328125 0.9609375 0.0703125 0.0703125
0 0.746875 0.97890625 0.071875 0.0421875
0 0.8328125 0.915625 0.034375 0.046875
0 0.85546875 0.875 0.040625 0.059375
0 0.8125 0.84921875 0.0703125 0.065625
0 0.64375 0.68046875 0.08125 0.0890625
0 0.5875 0.68515625 0.071875 0.0734375
0 0.52890625 0.62578125 0.0875 0.075
0 0.48125 0.521875 0.0546875 0.0546875
0 0.553125 0.5796875 0.06875 0.06875
0 0.5203125 0.5703125 0.0890625 0.0921875
0 0.58359375 0.4953125 0.0953125 0.0984375
0 0.64296875 0.4890625 0.1015625 0.0921875
0 0.659375 0.57578125 0.075 0.0765625
0 0.46640625 0.40078125 0.075 0.075
0 0.48671875 0.47421875 0.0703125 0.0671875
0 0.51953125 0.36796875 0.0734375 0.0734375
0 0.546875 0.39765625 0.0546875 0.0578125
0 0.46953125 0.2828125 0.08125 0.0875
0 0.521875 0.0140625 0.059375 0.028125
0 0.48984375 0.0140625 0.0609375 0.028125
0 0.44921875 0.02265625 0.0609375 0.0453125
0 0.41953125 0.01328125 0.0609375 0.0265625
0 0.40078125 0.015625 0.0703125 0.03125
0 0.371875 0.0078125 0.04375 0.015625
0 0.4765625 0.0125 0.065625 0.025
0 0.43515625 0.01328125 0.0671875 0.0265625
0 0.50625 0.1203125 0.078125 0.078125
0 0.5671875 0.1046875 0.065625 0.0625
0 0.596875 0.1421875 0.0640625 0.0609375
0 0.62265625 0.09140625 0.0703125 0.065625
0 0.646875 0.14296875 0.071875 0.0671875
0 0.6671875 0.20234375 0.0921875 0.0890625
0 0.57578125 0.21171875 0.08125 0.0734375
0 0.53671875 0.23515625 0.0796875 0.075
0 0.5828125 0.31328125 0.084375 0.084375
0 0.6125 0.27890625 0.05 0.0515625
0 0.6328125 0.33515625 0.0734375 0.075
0 0.7078125 0.275 0.059375 0.0609375
0 0.71953125 0.34140625 0.0765625 0.078125
0 0.740625 0.2859375 0.0484375 0.0578125
0 0.82265625 0.3390625 0.0875 0.0859375
0 0.77421875 0.3609375 0.0578125 0.059375
0 0.7875 0.41796875 0.0734375 0.075
0 0.85625 0.4109375 0.071875 0.0671875
0 0.85078125 0.47421875 0.084375 0.0828125
0 0.7875 0.46328125 0.090625 0.084375
0 0.73828125 0.403125 0.065625 0.0625
0 0.72109375 0.58046875 0.0515625 0.0546875
0 0.70390625 0.63046875 0.06875 0.0765625
0 0.73359375 0.6484375 0.0671875 0.071875
0 0.71328125 0.7 0.059375 0.0625
0 0.78046875 0.72578125 0.090625 0.0890625
0 0.8328125 0.703125 0.0875 0.0828125
0 0.8421875 0.665625 0.0703125 0.065625
0 0.89765625 0.65703125 0.0734375 0.0734375
0 0.85390625 0.6015625 0.090625 0.0828125
0 0.79375 0.64765625 0.096875 0.096875
0 0.9265625 0.52109375 0.065625 0.065625
0 0.95546875 0.490625 0.0640625 0.05625
0 0.9734375 0.52890625 0.053125 0.0703125
0 0.975 0.46328125 0.05 0.0546875
0 0.9515625 0.4546875 0.0515625 0.05
0 0.89921875 0.51640625 0.0703125 0.06875
0 0.95859375 0.3671875 0.0828125 0.084375
0 0.90390625 0.36640625 0.0625 0.0640625
0 0.87578125 0.33203125 0.0515625 0.0546875
0 0.9171875 0.30625 0.078125 0.075
0 0.92890625 0.26484375 0.0796875 0.084375
0 0.9125 0.21640625 0.0765625 0.075
0 0.85625 0.23828125 0.08125 0.0796875
0 0.89609375 0.2671875 0.071875 0.0703125
0 0.7859375 0.15234375 0.08125 0.0765625
0 0.74296875 0.16953125 0.1078125 0.0984375
0 0.7015625 0.1140625 0.071875 0.0671875
0 0.7359375 0.11171875 0.0875 0.0796875
0 0.740625 0.08046875 0.0671875 0.05625
0 0.8125 0.11171875 0.0703125 0.0484375
0 0.6625 0.0390625 0.065625 0.0578125
