0 0.14453125 0.015625 0.0515625 0.03125
0 0.190625 0.015625 0.053125 0.03125
0 0.18828125 0.0125 0.0546875 0.025
0 0.221875 0.03359375 0.071875 0.0671875
0 0.23359375 0.071875 0.0609375 0.0640625
0 0.2203125 0.12265625 0.06875 0.0609375
0 0.27109375 0.10625 0.08125 0.065625
0 0.3 0.1515625 0.0703125 0.0625
0 0.3375 0.1625 0.0703125 0.0609375
0 0.33046875 0.121875 0.0671875 0.0671875
0 0.275 0.0296875 0.05 0.0421875
0 0.28515625 0.0671875 0.05625 0.053125
0 0.12734375 0.13515625 0.0671875 0.0671875
0 0.0859375 0.17578125 0.0453125 0.0625
0 0.09140625 0.22421875 0.0640625 0.059375
0 0.071875 0.26953125 0.05 0.0515625
0 0.125 0.26328125 0.0703125 0.06875
0 0.121875 0.31171875 0.0671875 0.0671875
0 0.17109375 0.28359375 0.078125 0.0625
0 0.17890625 0.325 0.059375 0.0703125
0 0.18125 0.19375 0.059375 0.0671875
0 0.1796875 0.25390625 0.053125 0.0484375
0 0.059375 0.36015625 0.059375 0.0625
0 0.1015625 0.43203125 0.0703125 0.0703125
0 0.01953125 0.4171875 0.0390625 0.078125
0 0.040625 0.4484375 0.0640625 0.0515625
0 0.1140625 0.50078125 0.0640625 0.059375
0 0.08984375 0.53828125 0.0703125 0.059375
0 0.0625 0.5546875 0.0546875 0.0515625
0 0.09140625 0.58125 0.05 0.04375
0 0.1375 0.596875 0.06875 0.0625
0 0.16328125 0.6421875 0.065625 0.065625
0 0.178125 0.6875 0.065625 0.0640625
0 0.034375 0.71484375 0.0515625 0.05625
0 0.0109375 0.84375 0.021875 0.040625
0 0.00625 0.69609375 0.0125 0.0328125
0 0.0859375 0.75234375 0.0515625 0.046875
0 0.11875 0.728125 0.0515625 0.05
0 0.02734375 0.7328125 0.04375 0.040625
0 0.01015625 0.753125 0.0203125 0.04375
0 0.0515625 0.7671875 0.0515625 0.0421875
0 0.03125 0.81796875 0.0625 0.0609375
0 0.08125 0.8 0.05625 0.05625
0 0.08125 0.84921875 0.0578125 0.0484375
0 0.125 0.8328125 0.05625 0.05625
0 0.078125 0.88515625 0.0546875 0.0484375
0 0.1171875 0.88203125 0.059375 0.0578125
0 0.1171875 0.90703125 0.0625 0.0296875
0 0.1609375 0.90390625 0.0671875 0.0578125
0 0.184375 0.86640625 0.065625 0.071875
0 0.16015625 0.80234375 0.053125 0.0484375
0 0.19140625 0.7765625 0.046875 0.0421875
0 0.3140625 0.83984375 0.059375 0.05625
0 0.27265625 0.86171875 0.059375 0.0578125
0 0.28671875 0.90625 0.0609375 0.0578125
0 0.33984375 0.87421875 0.0625 0.059375
0 0.334375 0.91953125 0.059375 0.05
0 0.30859375 0.9515625 0.0546875 0.040625
0 0.36640625 0.9609375 0.0703125 0.0546875
0 0.4109375 0.9546875 0.0625 0.0609375
0 0.34453125 0.29609375 0.0625 0.0703125
0 0.2671875 0.2953125 0.0484375 0.04375
0 0.25390625 0.3375 0.0703125 0.0546875
0 0.3046875 0.33359375 0.0640625 0.065625
0 0.284375 0.3921875 0.0640625 0.053125
0 0.33046875 0.37890625 0.078125 0.078125
0 0.3765625 0.41953125 0.0859375 0.0640625
0 0.3125 0.4328125 0.0484375 0.0453125
0 0.340625 0.45390625 0.05625 0.0515625
0 0.3515625 0.4859375 0.0546875 0.0515625
0 0.396875 0.51640625 0.075 0.071875
0 0.43125 0.54765625 0.059375 0.0625
0 0.459375 0.5875 0.0609375 0.0640625
0 0.43125 0.46015625 0.075 0.0703125
0 0.1859375 0.4328125 0.06875 0.0625
0 0.1765625 0.49921875 0.0578125 0.0640625
0 0.25703125 0.46953125 0.0703125 0.0625
0 0.23671875 0.51640625 0.06875 0.0640625
0 0.2703125 0.55703125 0.0578125 0.0515625
0 0.28515625 0.60546875 0.05625 0.0515625
0 0.246875 0.58671875 0.0609375 0.0609375
0 0.2734375 0.6421875 0.05625 0.0515625
0 0.32421875 0.64140625 0.059375 0.046875
0 0.3015625 0.69453125 0.0515625 0.05
0 0.33046875 0.68671875 0.059375 0.0640625
0 0.36953125 0.6765625 0.0828125 0.0703125
0 0.365625 0.72265625 0.06875 0.0625
0 0.32265625 0.7421875 0.0625 0.06875
0 0.3515625 0.77578125 0.0515625 0.05625
0 0.40078125 0.77109375 0.0734375 0.0734375
0 0.4015625 0.825 0.071875 0.06875
0 0.5 0.73125 0.05625 0.053125
0 0.43359375 0.6578125 0.05625 0.053125
0 0.5125 0.7796875 0.0578125 0.0515625
0 0.53203125 0.759375 0.0515625 0.0484375
0 0.57578125 0.75859375 0.05625 0.05625
0 0.61796875 0.73671875 0.065625 0.065625
0 0.62109375 0.78359375 0.0578125 0.0578125
0 0.57734375 0.8015625 0.0703125 0.046875
0 0.63359375 0.83125 0.05625 0.053125
0 0.58359375 0.8515625 0.0484375 0.0390625
0 0.61875 0.88828125 0.0453125 0.0484375
0 0.671875 0.85859375 0.0796875 0.075
0 0.67265625 0.90859375 0.0609375 0.0546875
0 0.69765625 0.94765625 0.0625 0.0609375
0 0.75390625 0.9578125 0.0640625 0.0578125
0 0.7359375 0.98359375 0.05625 0.0328125
0 0.771875 0.9875 0.053125 0.025
0 0.690625 0.98046875 0.046875 0.0390625
0 0.5828125 0.8953125 0.0734375 0.0625
0 0.54140625 0.94609375 0.0625 0.0546875
0 0.4984375 0.92734375 0.0546875 0.059375
0 0.51328125 0.97890625 0.0515625 0.0421875
0 0.55703125 0.984375 0.0734375 0.03125
0 0.4625 0.3203125 0.0859375 0.0828125
0 0.4765625 0.37578125 0.0765625 0.075
0 0.5109375 0.38046875 0.0546875 0.053125
0 0.53671875 0.4046875 0.0515625 0.05
0 0.484375 0.4125 0.0453125 0.0453125
0 0.5 0.44453125 0.040625 0.0453125
0 0.52265625 0.4828125 0.0640625 0.065625
0 0.609375 0.48984375 0.0578125 0.0578125
0 0.53046875 0.53046875 0.0671875 0.05625
0 0.56640625 0.56640625 0.0640625 0.0671875
0 0.5734375 0.60625 0.05625 0.053125
0 0.6171875 0.646875 0.0671875 0.05625
0 0.6625 0.6484375 0.0765625 0.084375
0 0.70859375 0.6421875 0.071875 0.08125
0 0.6953125 0.5484375 0.0578125 0.0609375
0 0.64609375 0.46875 0.0828125 0.078125
0 0.71171875 0.7890625 0.06875 0.0703125
0 0.76015625 0.87578125 0.0640625 0.0609375
0 0.93828125 0.77109375 0.025 0.053125
0 0.9015625 0.90078125 0.0265625 0.0421875
0 0.89453125 0.93515625 0.021875 0.040625
0 0.87734375 0.91015625 0.05625 0.053125
0 0.83828125 0.88046875 0.0578125 0.059375
0 0.89296875 0.86171875 0.0609375 0.0609375
0 0.8546875 0.83828125 0.0515625 0.0578125
0 0.8140625 0.825 0.05625 0.05625
0 0.81640625 0.765625 0.0546875 0.0515625
0 0.859375 0.778125 0.059375 0.0546875
0 0.91484375 0.75 0.0609375 0.071875
0 0.83359375 0.66328125 0.0671875 0.05625
0 0.7671875 0.64609375 0.05625 0.0515625
0 0.80234375 0.615625 0.0453125 0.040625
0 0.80234375 0.56953125 0.0515625 0.05625
0 0.7625 0.5484375 0.059375 0.0625
0 0.73125 0.51171875 0.05625 0.059375
0 0.7484375 0.5875 0.0578125 0.0515625
0 0.8796875 0.6234375 0.0578125 0.05
0 0.89140625 0.578125 0.0640625 0.059375
0 0.8796875 0.53515625 0.0546875 0.0609375
0 0.934375 0.56875 0.0640625 0.06875
0 0.83984375 0.590625 0.078125 0.075
0 0.88359375 0.475 0.046875 0.0375
0 0.89921875 0.440625 0.04375 0.0578125
0 0.9296875 0.43984375 0.05 0.059375
0 0.990625 0.51171875 0.01875 0.0421875
0 0.98125 0.45078125 0.0375 0.0515625
0 0.96796875 0.4234375 0.0375 0.04375
0 0.94296875 0.4046875 0.0484375 0.053125
0 0.96640625 0.37578125 0.04375 0.05
0 0.9375 0.359375 0.0484375 0.0546875
0 0.846875 0.40078125 0.0609375 0.0578125
0 0.83203125 0.3421875 0.0515625 0.05625
0 0.7875 0.28046875 0.0640625 0.06875
0 0.784375 0.35703125 0.046875 0.053125
0 0.79375 0.4234375 0.0625 0.059375
0 0.775 0.4515625 0.0703125 0.0609375
0 0.734375 0.41640625 0.06875 0.0640625
0 0.71171875 0.36875 0.0609375 0.0609375
0 0.75546875 0.33515625 0.0609375 0.08125
0 0.690625 0.32109375 0.0703125 0.078125
0 0.66875 0.26875 0.075 0.0765625
0 0.68125 0.221875 0.065625 0.071875
0 0.60234375 0.315625 0.0625 0.053125
0 0.578125 0.2734375 0.084375 0.08125
0 0.559375 0.3234375 0.0578125 0.0640625
0 0.5375 0.27734375 0.059375 0.065625
0 0.48671875 0.27109375 0.0578125 0.0640625
0 0.50625 0.21171875 0.0640625 0.065625
0 0.4671875 0.23125 0.0625 0.0703125
0 0.4265625 0.19375 0.059375 0.065625
0 0.4609375 0.1484375 0.0734375 0.071875
0 0.50625 0.13046875 0.0625 0.059375
0 0.53359375 0.16015625 0.0484375 0.0546875
0 0.60234375 0.1859375 0.0609375 0.0640625
0 0.578125 0.1375 0.0546875 0.0515625
0 0.55078125 0.096875 0.0609375 0.0578125
0 0.42734375 0.01328125 0.0640625 0.0265625
0 0.403125 0.05234375 0.059375 0.05625
0 0.34375 0.02109375 0.0625 0.0421875
0 0.2875 0.0125 0.065625 0.025
0 0.25078125 0.0109375 0.0484375 0.021875
0 0.38125 0.01171875 0.046875 0.0234375
0 0.3375 0.01171875 0.053125 0.0234375
0 0.3 0.0078125 0.04375 0.015625
0 0.5625 0.03359375 0.04375 0.0484375
0 0.6328125 0.0953125 0.0625 0.059375
0 0.66796875 0.13671875 0.0609375 0.0625
0 0.703125 0.12109375 0.0796875 0.0671875
0 0.68984375 0.06875 0.0453125 0.046875
0 0.73203125 0.06484375 0.05 0.04375
0 0.69453125 0.05 0.053125 0.040625
0 0.62578125 0.0375 0.065625 0.0546875
0 0.565625 0.01875 0.059375 0.0375
0 0.846875 0.1578125 0.0640625 0.0515625
0 0.9203125 0.27578125 0.0640625 0.065625
0 0.86796875 0.28984375 0.0578125 0.0578125
0 0.84765625 0.26875 0.053125 0.0609375
0 0.8125 0.24375 0.0734375 0.0578125
0 0.80234375 0.1890625 0.0609375 0.0609375
0 0.846875 0.21875 0.059375 0.05625
0 0.8734375 0.2375 0.0546875 0.053125
0 0.9046875 0.19609375 0.0515625 0.0578125
0 0.87265625 0.19609375 0.0578125 0.059375
