0 0.015625 0.02734375 0.02734375 0.03125
0 0.0515625 0.025 0.040625 0.04296875
0 0.090625 0.0453125 0.0296875 0.03125
0 0.13125 0.0578125 0.0390625 0.0328125
0 0.1734375 0.0546875 0.04296875 0.04296875
0 0.1671875 0.01640625 0.040625 0.0296875
0 0.23359375 0.0921875 0.0484375 0.0390625
0 0.2984375 0.03203125 0.0546875 0.040625
0 0.32421875 0.065625 0.04296875 0.0296875
0 0.34296875 0.090625 0.025 0.021875
0 0.1046875 0.259375 0.053125 0.03515625
0 0.0984375 0.3140625 0.0453125 0.0390625
0 0.02265625 0.33984375 0.040625 0.02734375
0 0.1703125 0.32734375 0.0390625 0.0328125
0 0.21875 0.30078125 0.0546875 0.0390625
0 0.3109375 0.29296875 0.0390625 0.03125
0 0.3625 0.29609375 0.0453125 0.0375
0 0.39453125 0.2515625 0.04296875 0.0390625
0 0.49296875 0.12109375 0.0375 0.03125
0 0.55078125 0.10234375 0.03125 0.0296875
0 0.6890625 0.03125 0.046875 0.03125
0 0.65703125 0.0734375 0.0328125 0.0296875
0 0.6296875 0.09453125 0.0328125 0.0296875
0 0.4578125 0.153125 0.0375 0.0328125
0 0.00859375 0.48515625 0.0171875 0.0328125
0 0.0421875 0.48515625 0.0375 0.040625
0 0.08125 0.5515625 0.0296875 0.0296875
0 0.11328125 0.5453125 0.03515625 0.0390625
0 0.125 0.5078125 0.02734375 0.0390625
0 0.153125 0.52265625 0.0296875 0.0484375
0 0.14765625 0.61328125 0.025 0.0234375
0 0.02265625 0.7703125 0.0453125 0.040625
0 0.06875 0.775 0.0546875 0.0546875
0 0.12890625 0.759375 0.046875 0.046875
0 0.16875 0.73359375 0.0296875 0.0453125
0 0.2609375 0.6125 0.040625 0.0328125
0 0.27421875 0.6453125 0.0296875 0.0328125
0 0.34296875 0.64140625 0.0375 0.0328125
0 0.32890625 0.57421875 0.0296875 0.03125
0 0.37578125 0.5578125 0.0296875 0.025
0 0.378125 0.6359375 0.0296875 0.025
0 0.41796875 0.62578125 0.03125 0.0328125
0 0.43359375 0.5984375 0.03125 0.0375
0 0.47265625 0.58671875 0.03125 0.0375
0 0.50390625 0.54765625 0.03515625 0.040625
0 0.50390625 0.5109375 0.02734375 0.0296875
0 0.5375 0.50859375 0.03125 0.0328125
0 0.57109375 0.5046875 0.0328125 0.0328125
0 0.6375 0.43671875 0.0375 0.0328125
0 0.67890625 0.3609375 0.0328125 0.03125
0 0.6984375 0.3875 0.0296875 0.0296875
0 0.7546875 0.35 0.040625 0.03125
0 0.74609375 0.31328125 0.03515625 0.0296875
0 0.640625 0.5546875 0.02734375 0.02734375
0 0.68125 0.5515625 0.03125 0.0296875
0 0.7359375 0.55078125 0.03515625 0.0390625
0 0.77421875 0.55859375 0.0296875 0.0234375
0 0.8328125 0.5359375 0.0296875 0.0296875
0 0.8796875 0.55546875 0.0375 0.0375
0 0.91796875 0.5640625 0.03515625 0.03125
0 0.94921875 0.709375 0.04296875 0.04296875
0 0.8703125 0.753125 0.040625 0.0375
0 0.9171875 0.7484375 0.0375 0.03125
0 0.8078125 0.76953125 0.0453125 0.05078125
0 0.76484375 0.759375 0.0375 0.0390625
0 0.69375 0.796875 0.0390625 0.03515625
0 0.646875 0.809375 0.0546875 0.0375
0 0.63203125 0.778125 0.0453125 0.0328125
0 0.55859375 0.8375 0.04296875 0.03515625
0 0.578125 0.8578125 0.046875 0.03125
0 0.5203125 0.9046875 0.0453125 0.03125
0 0.5609375 0.903125 0.0390625 0.0296875
0 0.47734375 0.896875 0.0375 0.03125
0 0.42578125 0.978125 0.046875 0.03515625
0 0.3515625 0.9859375 0.03125 0.0234375
0 0.3140625 0.9609375 0.0390625 0.03125
0 0.55 0.984375 0.053125 0.02734375
0 0.63359375 0.9859375 0.05625 0.0234375
0 0.765625 0.9828125 0.046875 0.03125
0 0.896875 0.0359375 0.03515625 0.0296875
0 0.83671875 0.05546875 0.0453125 0.0296875
