0 0.19765625 0.0078125 0.0203125 0.015625
0 0.20390625 0.01171875 0.0359375 0.0234375
0 0.23515625 0.00859375 0.0328125 0.0171875
0 0.25859375 0.0078125 0.0328125 0.015625
0 0.2734375 0.0125 0.05 0.025
0 0.3125 0.0140625 0.059375 0.028125
0 0.309375 0.00703125 0.04375 0.0140625
0 0.353125 0.01015625 0.04375 0.0203125
0 0.39296875 0.01015625 0.0390625 0.0203125
0 0.4296875 0.0109375 0.040625 0.021875
0 0.45703125 0.009375 0.0359375 0.01875
0 0.44609375 0.01875 0.0484375 0.0375
0 0.4953125 0.03671875 0.0578125 0.0640625
0 0.4859375 0.08515625 0.0484375 0.0546875
0 0.46015625 0.0640625 0.0578125 0.0625
0 0.36484375 0.02265625 0.0671875 0.0453125
0 0.10078125 0.159375 0.0296875 0.04375
0 0.0859375 0.19375 0.0203125 0.028125
0 0.1390625 0.19140625 0.071875 0.0703125
0 0.1515625 0.1203125 0.053125 0.046875
0 0.21015625 0.134375 0.05 0.04375
0 0.1953125 0.215625 0.046875 0.0453125
0 0.2578125 0.20859375 0.06875 0.0578125
0 0.23984375 0.25234375 0.059375 0.0515625
0 0.35859375 0.2328125 0.05 0.0390625
0 0.353125 0.27109375 0.05 0.0453125
0 0.4078125 0.25703125 0.0671875 0.05625
0 0.45 0.225 0.06875 0.06875
0 0.42578125 0.1859375 0.05 0.04375
0 0.54921875 0.1515625 0.0609375 0.0546875
0 0.596875 0.10859375 0.0484375 0.04375
0 0.5984375 0.1390625 0.0515625 0.05
0 0.66796875 0.13671875 0.059375 0.05
0 0.70859375 0.11640625 0.065625 0.059375
0 0.73515625 0.09453125 0.053125 0.0484375
0 0.75234375 0.0703125 0.0359375 0.0296875
0 0.8296875 0.1046875 0.05625 0.0453125
0 0.87421875 0.12109375 0.04375 0.0421875
0 0.7453125 0.15625 0.0453125 0.0390625
0 0.78515625 0.14375 0.0515625 0.0375
0 0.9328125 0.1609375 0.0546875 0.05
0 0.9671875 0.19140625 0.0484375 0.040625
0 0.0328125 0.3375 0.021875 0.0359375
0 0.03359375 0.34453125 0.0296875 0.04375
0 0.01015625 0.4390625 0.0203125 0.04375
0 0.0609375 0.365625 0.04375 0.04375
0 0.09375 0.3921875 0.0328125 0.0359375
0 0.11015625 0.43046875 0.0515625 0.046875
0 0.04765625 0.48828125 0.0484375 0.040625
0 0.07890625 0.50625 0.040625 0.0484375
0 0.00859375 0.61953125 0.0171875 0.0609375
0 0.01015625 0.634375 0.0203125 0.05625
0 0.0140625 0.60625 0.028125 0.053125
0 0.028125 0.59921875 0.05625 0.0609375
0 0.0484375 0.64140625 0.0578125 0.0625
0 0.1828125 0.584375 0.0546875 0.053125
0 0.1859375 0.5578125 0.0578125 0.05625
0 0.2359375 0.559375 0.053125 0.0390625
0 0.2171875 0.59921875 0.059375 0.0546875
0 0.26171875 0.60625 0.04375 0.04375
0 0.30703125 0.61015625 0.05625 0.053125
0 0.2734375 0.5296875 0.0453125 0.0421875
0 0.32421875 0.53359375 0.0640625 0.0640625
0 0.365625 0.5984375 0.059375 0.0578125
0 0.3328125 0.60546875 0.059375 0.059375
0 0.403125 0.59375 0.0640625 0.05625
0 0.453125 0.5625 0.0515625 0.05625
0 0.46640625 0.534375 0.0640625 0.05625
0 0.509375 0.53125 0.05625 0.05625
0 0.54609375 0.5375 0.0546875 0.059375
0 0.3203125 0.64453125 0.0453125 0.0375
0 0.63359375 0.49765625 0.05 0.0515625
0 0.66953125 0.509375 0.0484375 0.05
0 0.7078125 0.4765625 0.0453125 0.0484375
0 0.6984375 0.446875 0.0515625 0.04375
0 0.7734375 0.45234375 0.04375 0.040625
0 0.7875 0.4140625 0.04375 0.04375
0 0.8046875 0.4609375 0.05625 0.053125
0 0.86875 0.48046875 0.0640625 0.05625
0 0.89375 0.4203125 0.0515625 0.04375
0 0.921875 0.4578125 0.053125 0.05625
0 0.97265625 0.47265625 0.0375 0.0375
0 0.98359375 0.496875 0.0328125 0.05
0 0.5671875 0.6109375 0.0546875 0.05
0 0.59375 0.6171875 0.04375 0.0515625
0 0.6328125 0.63515625 0.0625 0.0609375
0 0.68359375 0.6421875 0.0515625 0.05
0 0.721875 0.67421875 0.0453125 0.046875
0 0.78671875 0.68125 0.0515625 0.059375
0 0.75703125 0.65234375 0.0578125 0.05625
0 0.8375 0.715625 0.0765625 0.075
0 0.8609375 0.74140625 0.040625 0.040625
0 0.90390625 0.73359375 0.0484375 0.0546875
0 0.84609375 0.89140625 0.0609375 0.0671875
0 0.86875 0.82265625 0.0484375 0.0453125
0 0.796875 0.91953125 0.0609375 0.065625
0 0.7484375 0.90703125 0.0734375 0.0703125
0 0.68046875 0.9015625 0.0671875 0.0671875
0 0.64921875 0.87578125 0.0484375 0.0484375
0 0.553125 0.8828125 0.06875 0.0625
0 0.5703125 0.91875 0.059375 0.046875
0 0.503125 0.8296875 0.0609375 0.05
0 0.49609375 0.8765625 0.0703125 0.071875
0 0.4 0.8296875 0.0578125 0.0484375
0 0.425 0.90859375 0.0796875 0.0640625
0 0.40234375 0.8765625 0.059375 0.0453125
0 0.3375 0.92578125 0.0609375 0.0609375
0 0.303125 0.8796875 0.05 0.040625
0 0.16015625 0.89296875 0.0578125 0.04375
0 0.06015625 0.865625 0.06875 0.0359375
