0 0.0046875 0.02734375 0.009375 0.0203125
0 0.0046875 0.02734375 0.009375 0.0203125
0 0.003125 0.04375 0.00625 0.0375
0 0.09140625 0.01953125 0.0453125 0.0125
0 0.1015625 0.0265625 0.046875 0.028125
0 0.07265625 0.06171875 0.0421875 0.0359375
0 0.15859375 0.0421875 0.0421875 0.0359375
0 0.1984375 0.02265625 0.046875 0.0265625
0 0.25546875 0.0203125 0.0453125 0.025
0 0.278125 0.015625 0.0453125 0.0171875
0 0.334375 0.0296875 0.05 0.05
0 0.3453125 0.090625 0.046875 0.053125
0 0.29609375 0.0640625 0.0421875 0.0421875
0 0.27890625 0.0421875 0.05625 0.046875
0 0.2390625 0.090625 0.04375 0.046875
0 0.18515625 0.09296875 0.059375 0.0515625
0 0.4578125 0.06953125 0.0515625 0.046875
0 0.4765625 0.09609375 0.0609375 0.0390625
0 0.53203125 0.078125 0.0546875 0.0515625
0 0.57421875 0.0296875 0.046875 0.04375
0 0.52109375 0.01015625 0.0328125 0.0203125
0 0.69921875 0.00625 0.0578125 0.0125
0 0.7546875 0.0078125 0.046875 0.015625
0 0.6578125 0.02421875 0.0390625 0.0421875
0 0.003125 0.2921875 0.00625 0.04375
0 0.00546875 0.3171875 0.0109375 0.040625
0 0.0078125 0.3796875 0.015625 0.05
0 0.00859375 0.3515625 0.0171875 0.0375
0 0.01875 0.3859375 0.0375 0.03125
0 0.03125 0.32109375 0.0625 0.0671875
0 0.028125 0.2734375 0.05625 0.046875
0 0.07421875 0.2546875 0.0578125 0.0359375
0 0.10703125 0.3390625 0.053125 0.0359375
0 0.15625 0.3 0.075 0.0578125
0 0.21796875 0.37421875 0.0796875 0.05
0 0.2796875 0.3453125 0.059375 0.05
0 0.33046875 0.30546875 0.0640625 0.05625
0 0.3609375 0.2421875 0.0609375 0.0640625
0 0.26015625 0.29609375 0.059375 0.0546875
0 0.82265625 0.00546875 0.0453125 0.0109375
0 0.86484375 0.0140625 0.0484375 0.028125
0 0.94375 0.00703125 0.053125 0.0140625
0 0.925 0.00390625 0.053125 0.0078125
0 0.94140625 0.0296875 0.0390625 0.028125
0 0.065625 0.565625 0.0375 0.0390625
0 0.10546875 0.59140625 0.0328125 0.0421875
0 0.0265625 0.55078125 0.0515625 0.0515625
0 0.0484375 0.5984375 0.0515625 0.040625
0 0.0171875 0.6546875 0.025 0.0484375
0 0.065625 0.67734375 0.046875 0.0515625
0 0.10703125 0.69375 0.04375 0.046875
0 0.01328125 0.5265625 0.0265625 0.0515625
0 0.025 0.86484375 0.0265625 0.0328125
0 0.02421875 0.83046875 0.028125 0.0453125
0 0.040625 0.803125 0.0484375 0.046875
0 0.09140625 0.784375 0.0421875 0.0421875
0 0.13046875 0.82578125 0.0453125 0.0578125
0 0.0203125 0.86484375 0.0171875 0.0453125
0 0.059375 0.8734375 0.04375 0.04375
0 0.07734375 0.8390625 0.046875 0.0359375
0 0.02734375 0.91640625 0.028125 0.0390625
0 0.1796875 0.7203125 0.0390625 0.0421875
0 0.2140625 0.753125 0.04375 0.046875
0 0.196875 0.6859375 0.0421875 0.0515625
0 0.2328125 0.63984375 0.04375 0.03125
0 0.284375 0.62265625 0.04375 0.0390625
0 0.2359375 0.68359375 0.0421875 0.0390625
0 0.23359375 0.72421875 0.0546875 0.05
0 0.28359375 0.73203125 0.0546875 0.0546875
0 0.2890625 0.67265625 0.0484375 0.040625
0 0.3828125 0.56640625 0.053125 0.0359375
0 0.35859375 0.60546875 0.046875 0.0390625
0 0.32421875 0.70625 0.053125 0.046875
0 0.3796875 0.696875 0.046875 0.0390625
0 0.415625 0.678125 0.046875 0.0375
0 0.4265625 0.64453125 0.04375 0.0390625
0 0.46640625 0.63203125 0.0421875 0.0484375
0 0.50546875 0.58828125 0.046875 0.0375
0 0.50390625 0.55078125 0.046875 0.0390625
0 0.46328125 0.5265625 0.0390625 0.0375
0 0.41328125 0.73046875 0.0671875 0.0421875
0 0.546875 0.5328125 0.0515625 0.034375
0 0.58515625 0.5265625 0.046875 0.0515625
0 0.6265625 0.4484375 0.0359375 0.0484375
0 0.6609375 0.45234375 0.0359375 0.0390625
0 0.70078125 0.45 0.028125 0.0375
0 0.72578125 0.39453125 0.0421875 0.0375
0 0.69453125 0.365625 0.04375 0.0421875
0 0.77734375 0.3421875 0.0390625 0.046875
0 0.81015625 0.34140625 0.0296875 0.046875
0 0.828125 0.290625 0.0484375 0.0390625
0 0.78984375 0.271875 0.0328125 0.0421875
0 0.89765625 0.3265625 0.0859375 0.0484375
0 0.88671875 0.2625 0.04375 0.0359375
0 0.925 0.28046875 0.0515625 0.0421875
0 0.98046875 0.2828125 0.0265625 0.028125
0 0.6734375 0.54453125 0.0484375 0.0359375
0 0.7046875 0.57265625 0.046875 0.0296875
0 0.7234375 0.60546875 0.0578125 0.0390625
0 0.76015625 0.6359375 0.059375 0.0515625
0 0.80078125 0.49921875 0.053125 0.0296875
0 0.7734375 0.575 0.0515625 0.0390625
0 0.88984375 0.5671875 0.0453125 0.0484375
0 0.83671875 0.55390625 0.0609375 0.0515625
0 0.8578125 0.640625 0.0515625 0.0359375
0 0.9125 0.6453125 0.0421875 0.028125
0 0.93046875 0.5859375 0.0515625 0.040625
0 0.9734375 0.59375 0.0359375 0.0359375
0 0.9875 0.634375 0.025 0.040625
0 0.590625 0.64921875 0.0625 0.0421875
0 0.6390625 0.63984375 0.0421875 0.0484375
0 0.63828125 0.58515625 0.04375 0.04375
0 0.95078125 0.49921875 0.0671875 0.040625
0 0.47890625 0.9625 0.0546875 0.05625
0 0.5203125 0.9140625 0.04375 0.0390625
0 0.5609375 0.878125 0.046875 0.0375
0 0.57421875 0.928125 0.0328125 0.0390625
0 0.61796875 0.946875 0.046875 0.04375
0 0.66953125 0.83125 0.04375 0.0375
0 0.6671875 0.89375 0.0640625 0.059375
0 0.7390625 0.81171875 0.0453125 0.053125
0 0.72890625 0.8703125 0.0421875 0.053125
0 0.76875 0.8953125 0.0421875 0.0515625
0 0.82578125 0.89140625 0.0609375 0.0515625
0 0.81953125 0.82109375 0.053125 0.046875
0 0.88203125 0.83203125 0.0609375 0.0515625
0 0.88984375 0.76875 0.0640625 0.0515625
0 0.9375 0.8578125 0.05625 0.05625
0 0.94296875 0.81171875 0.0609375 0.05625
0 0.99765625 0.7890625 0.0046875 0.05
0 0.9875 0.7546875 0.025 0.046875
0 0.97890625 0.73359375 0.0421875 0.0421875
