0 0.0078125 0.1390625 0.015625 0.021875
0 0.00625 0.13984375 0.0125 0.0203125
0 0.0140625 0.11953125 0.028125 0.0265625
0 0.06328125 0.10625 0.0625 0.0375
0 0.04765625 0.10546875 0.0765625 0.0328125
0 0.1203125 0.09140625 0.0578125 0.0359375
0 0.15390625 0.08125 0.05 0.03125
0 0.2359375 0.05625 0.053125 0.0234375
0 0.20625 0.0703125 0.04375 0.0328125
0 0.22734375 0.06328125 0.0640625 0.034375
0 0.2890625 0.05390625 0.0828125 0.05
0 0.29609375 0.0484375 0.053125 0.0359375
0 0.19375 0.0703125 0.0515625 0.0296875
0 0.0046875 0.32890625 0.009375 0.0421875
0 0.00859375 0.35625 0.0171875 0.046875
0 0.0078125 0.41171875 0.015625 0.0546875
0 0.01328125 0.38515625 0.0265625 0.0578125
0 0.028125 0.3421875 0.05625 0.071875
0 0.1171875 0.340625 0.0578125 0.05
0 0.15 0.29609375 0.0640625 0.0546875
0 0.16328125 0.2515625 0.0609375 0.053125
0 0.290625 0.31484375 0.0609375 0.05625
0 0.27109375 0.271875 0.065625 0.065625
0 0.3296875 0.2625 0.0578125 0.0640625
0 0.3515625 0.21328125 0.078125 0.0734375
0 0.29765625 0.18671875 0.0515625 0.0640625
0 0.34140625 0.096875 0.04375 0.053125
0 0.3875 0.11015625 0.0578125 0.0671875
0 0.43515625 0.06484375 0.0625 0.0609375
0 0.4 0.01953125 0.0390625 0.0265625
0 0.4140625 0.0203125 0.0390625 0.0359375
0 0.528125 0.00625 0.040625 0.0125
0 0.49296875 0.0078125 0.0578125 0.015625
0 0.50625 0.02578125 0.05625 0.0515625
0 0.5484375 0.01640625 0.065625 0.0328125
0 0.53046875 0.0078125 0.0484375 0.015625
0 0.62265625 0.00625 0.0453125 0.0125
0 0.5828125 0.0046875 0.0375 0.009375
0 0.6171875 0.00703125 0.046875 0.0140625
0 0.65 0.00703125 0.05 0.0140625
0 0.703125 0.0078125 0.059375 0.015625
0 0.7703125 0.00625 0.05 0.0125
0 0.8265625 0.00625 0.05625 0.0125
0 0.80390625 0.00703125 0.0484375 0.0140625
0 0.84609375 0.00703125 0.0453125 0.0140625
0 0.01640625 0.5609375 0.0328125 0.05625
0 0.07109375 0.5734375 0.0546875 0.05625
0 0.11171875 0.58203125 0.0484375 0.0546875
0 0.15234375 0.59609375 0.05625 0.065625
0 0.1109375 0.959375 0.0328125 0.04375
0 0.1109375 0.9078125 0.0515625 0.046875
0 0.125 0.8609375 0.0515625 0.0515625
0 0.13671875 0.82578125 0.05 0.0578125
0 0.18984375 0.8109375 0.05625 0.05625
0 0.2390625 0.82734375 0.0609375 0.0671875
0 0.0921875 0.890625 0.0328125 0.0578125
0 0.16953125 0.8734375 0.05625 0.06875
0 0.1953125 0.8515625 0.05 0.065625
0 0.2703125 0.71953125 0.0546875 0.0671875
0 0.28828125 0.671875 0.05625 0.0625
0 0.3046875 0.61953125 0.0703125 0.0703125
0 0.34921875 0.5984375 0.05625 0.05625
0 0.36015625 0.64921875 0.06875 0.0796875
0 0.36640625 0.69453125 0.0484375 0.05
0 0.3765625 0.72578125 0.0546875 0.05625
0 0.403125 0.665625 0.0515625 0.0640625
0 0.32734375 0.7015625 0.05625 0.0609375
0 0.46015625 0.653125 0.05625 0.0625
0 0.490625 0.615625 0.0484375 0.0421875
0 0.496875 0.57890625 0.0546875 0.0546875
0 0.54140625 0.559375 0.0453125 0.0453125
0 0.509375 0.64609375 0.0578125 0.059375
0 0.565625 0.51015625 0.05625 0.0515625
0 0.440625 0.515625 0.0625 0.0515625
0 0.41875 0.55625 0.0546875 0.05625
0 0.50546875 0.44921875 0.0515625 0.0453125
0 0.54765625 0.43671875 0.05 0.053125
0 0.58515625 0.44453125 0.05 0.0484375
0 0.62421875 0.4390625 0.046875 0.0515625
0 0.65859375 0.34921875 0.0578125 0.053125
0 0.68984375 0.3390625 0.0390625 0.0484375
0 0.7359375 0.3328125 0.0515625 0.0640625
0 0.6578125 0.28828125 0.0484375 0.0484375
0 0.6734375 0.2484375 0.0421875 0.0515625
0 0.69296875 0.20703125 0.0453125 0.0515625
0 0.703125 0.25078125 0.046875 0.04375
0 0.74453125 0.271875 0.059375 0.0515625
0 0.77890625 0.30390625 0.0546875 0.0453125
0 0.80546875 0.265625 0.0546875 0.05
0 0.78984375 0.2109375 0.0625 0.0625
0 0.778125 0.1703125 0.053125 0.0515625
0 0.78125 0.13515625 0.0578125 0.0546875
0 0.821875 0.1515625 0.0578125 0.0640625
0 0.9015625 0.1640625 0.05625 0.0609375
0 0.91484375 0.18203125 0.0484375 0.046875
0 0.87890625 0.08984375 0.05625 0.05625
0 0.9078125 0.1140625 0.0359375 0.0640625
0 0.72109375 0.42109375 0.0671875 0.0640625
0 0.7578125 0.45234375 0.0578125 0.0609375
0 0.7953125 0.48671875 0.0609375 0.0703125
0 0.68515625 0.48515625 0.0515625 0.059375
0 0.725 0.478125 0.05625 0.065625
0 0.66953125 0.5578125 0.0734375 0.0796875
0 0.84765625 0.3578125 0.071875 0.08125
0 0.88828125 0.4 0.0578125 0.0671875
0 0.91640625 0.41796875 0.0515625 0.059375
0 0.8203125 0.44765625 0.053125 0.0671875
0 0.8859375 0.4546875 0.0578125 0.0609375
0 0.94609375 0.3984375 0.05625 0.065625
0 0.9828125 0.42265625 0.034375 0.0609375
0 0.978125 0.46796875 0.04375 0.0609375
0 0.965625 0.61171875 0.06875 0.0703125
0 0.98046875 0.67578125 0.0390625 0.0703125
0 0.93671875 0.68046875 0.06875 0.06875
0 0.846875 0.67890625 0.0890625 0.075
0 0.8484375 0.7484375 0.0578125 0.059375
0 0.8953125 0.76171875 0.0578125 0.059375
0 0.9421875 0.7546875 0.0515625 0.053125
0 0.80078125 0.784375 0.0734375 0.065625
0 0.77421875 0.73515625 0.090625 0.0828125
0 0.76171875 0.84765625 0.06875 0.0625
0 0.71328125 0.8390625 0.0734375 0.078125
0 0.7453125 0.8984375 0.0640625 0.0578125
0 0.68828125 0.93203125 0.0640625 0.0578125
0 0.61640625 0.88984375 0.0734375 0.0734375
0 0.525 0.9890625 0.05625 0.021875
0 0.7609375 0.94375 0.04375 0.021875
