0 0.0203125 0.01015625 0.025 0.0203125
0 0.01796875 0.0390625 0.0203125 0.0296875
0 0.08984375 0.03515625 0.0515625 0.0265625
0 0.16015625 0.0453125 0.053125 0.05
0 0.14609375 0.00859375 0.0671875 0.0171875
0 0.2125 0.0515625 0.0484375 0.04375
0 0.24609375 0.02265625 0.0421875 0.0375
0 0.321875 0.0078125 0.046875 0.015625
0 0.29296875 0.0203125 0.0359375 0.040625
0 0.3125 0.0578125 0.0546875 0.0390625
0 0.36796875 0.053125 0.0703125 0.0625
0 0.37578125 0.10703125 0.04375 0.034375
0 0.28125 0.10234375 0.04375 0.028125
0 0.009375 0.27578125 0.0109375 0.0359375
0 0.01484375 0.30234375 0.0234375 0.0375
0 0.0109375 0.353125 0.01875 0.046875
0 0.0375 0.3359375 0.040625 0.04375
0 0.06640625 0.30234375 0.05625 0.053125
0 0.1515625 0.325 0.04375 0.0359375
0 0.190625 0.29296875 0.0515625 0.0390625
0 0.21171875 0.2578125 0.046875 0.0390625
0 0.30703125 0.3421875 0.046875 0.040625
0 0.30078125 0.30078125 0.05 0.05
0 0.35390625 0.30546875 0.04375 0.0484375
0 0.384375 0.26796875 0.059375 0.053125
0 0.34375 0.23203125 0.0375 0.0515625
0 0.40234375 0.1640625 0.0296875 0.0421875
0 0.4390625 0.1875 0.040625 0.053125
0 0.49140625 0.15859375 0.046875 0.0453125
0 0.47265625 0.08125 0.03125 0.034375
0 0.48359375 0.11171875 0.0296875 0.034375
0 0.5921875 0.06171875 0.034375 0.03125
0 0.55859375 0.0984375 0.0484375 0.040625
0 0.56328125 0.1390625 0.0421875 0.0421875
0 0.6046875 0.13203125 0.0515625 0.04375
0 0.59375 0.02265625 0.040625 0.0421875
0 0.68046875 0.01328125 0.0375 0.0203125
0 0.64375 0.0078125 0.03125 0.0109375
0 0.675 0.06640625 0.040625 0.0375
0 0.7046875 0.09375 0.0421875 0.034375
0 0.7546875 0.021875 0.0515625 0.034375
0 0.8171875 0.02890625 0.0421875 0.0296875
0 0.86796875 0.05390625 0.0484375 0.028125
0 0.846875 0.0765625 0.040625 0.0359375
0 0.88671875 0.075 0.040625 0.040625
0 0.92421875 0.0859375 0.0484375 0.0375
0 0.93046875 0.0359375 0.046875 0.028125
0 0.99453125 0.0765625 0.0109375 0.03125
0 0.99453125 0.1046875 0.0109375 0.0375
0 0.0125 0.490625 0.025 0.046875
0 0.0578125 0.515625 0.040625 0.0421875
0 0.08984375 0.5328125 0.034375 0.0421875
0 0.121875 0.5546875 0.040625 0.0515625
0 0.00703125 0.85859375 0.0140625 0.0359375
0 0.0171875 0.8140625 0.034375 0.034375
0 0.0375 0.778125 0.0375 0.0375
0 0.05546875 0.74921875 0.0359375 0.04375
0 0.1046875 0.74921875 0.0421875 0.0421875
0 0.14375 0.775 0.0453125 0.0515625
0 0.00703125 0.79609375 0.0140625 0.0484375
0 0.071875 0.79921875 0.0390625 0.0546875
0 0.1 0.7859375 0.034375 0.053125
0 0.19609375 0.6890625 0.0390625 0.053125
0 0.2234375 0.6515625 0.040625 0.0484375
0 0.2484375 0.61015625 0.053125 0.053125
0 0.2921875 0.60078125 0.0421875 0.0421875
0 0.290625 0.6484375 0.05 0.0625
0 0.2859375 0.6890625 0.0359375 0.0375
0 0.28671875 0.71875 0.040625 0.0421875
0 0.3234375 0.6734375 0.0375 0.0515625
0 0.25 0.68671875 0.040625 0.046875
0 0.37578125 0.675 0.040625 0.0484375
0 0.41171875 0.65 0.0375 0.0296875
0 0.425 0.61953125 0.040625 0.040625
0 0.46796875 0.6125 0.034375 0.034375
0 0.42109375 0.68046875 0.0421875 0.04375
0 0.50078125 0.57578125 0.0421875 0.0375
0 0.39140625 0.55234375 0.0484375 0.0375
0 0.36328125 0.58203125 0.040625 0.0421875
0 0.46328125 0.50859375 0.040625 0.03125
0 0.503125 0.50703125 0.0359375 0.040625
0 0.53359375 0.52265625 0.0375 0.0359375
0 0.56875 0.528125 0.034375 0.040625
0 0.61953125 0.45859375 0.04375 0.0375
0 0.64921875 0.45625 0.028125 0.0375
0 0.690625 0.4609375 0.0375 0.0515625
0 0.6328125 0.4046875 0.0359375 0.0359375
0 0.65546875 0.3734375 0.0296875 0.040625
0 0.6828125 0.3421875 0.03125 0.040625
0 0.68203125 0.38203125 0.0359375 0.03125
0 0.71171875 0.41015625 0.046875 0.0375
0 0.73359375 0.44609375 0.0421875 0.03125
0 0.76640625 0.41953125 0.0421875 0.0359375
0 0.76484375 0.36796875 0.046875 0.046875
0 0.76484375 0.33046875 0.040625 0.0375
0 0.77578125 0.3 0.04375 0.040625
0 0.8078125 0.3234375 0.04375 0.0484375
0 0.8734375 0.353125 0.040625 0.046875
0 0.88125 0.371875 0.0359375 0.034375
0 0.871875 0.28359375 0.0421875 0.0421875
0 0.9015625 0.31171875 0.040625 0.0546875
0 0.93984375 0.278125 0.03125 0.03125
0 0.97734375 0.2828125 0.028125 0.0359375
0 0.99375 0.2625 0.0125 0.028125
0 0.96953125 0.3734375 0.0359375 0.034375
0 0.9859375 0.346875 0.028125 0.034375
0 0.9609375 0.321875 0.0375 0.040625
0 0.65703125 0.534375 0.0515625 0.046875
0 0.68125 0.5703125 0.04375 0.046875
0 0.70625 0.60859375 0.04375 0.0546875
0 0.6109375 0.58125 0.0375 0.046875
0 0.646875 0.584375 0.040625 0.0515625
0 0.58046875 0.64140625 0.053125 0.0625
0 0.78125 0.50859375 0.0515625 0.0640625
0 0.80703125 0.5546875 0.040625 0.053125
0 0.82734375 0.5765625 0.0375 0.046875
0 0.73671875 0.58046875 0.0375 0.053125
0 0.7921875 0.60234375 0.04375 0.046875
0 0.85703125 0.5671875 0.040625 0.0515625
0 0.896875 0.59765625 0.0453125 0.0515625
0 0.94765625 0.6140625 0.046875 0.05
0 0.98125 0.5859375 0.034375 0.0515625
0 0.909375 0.65 0.0390625 0.046875
0 0.87578125 0.63671875 0.04375 0.046875
0 0.95390625 0.64765625 0.05625 0.053125
0 0.928125 0.72109375 0.0359375 0.040625
0 0.95390625 0.74921875 0.0515625 0.0390625
0 0.978125 0.7953125 0.034375 0.0484375
0 0.96953125 0.71015625 0.0359375 0.0421875
0 0.984375 0.7453125 0.0234375 0.04375
0 0.94375 0.79765625 0.04375 0.046875
0 0.896875 0.8046875 0.053125 0.0578125
0 0.93984375 0.834375 0.0515625 0.053125
0 0.88046875 0.84453125 0.059375 0.040625
0 0.8265625 0.75625 0.053125 0.053125
0 0.83828125 0.82109375 0.0578125 0.0515625
0 0.784375 0.809375 0.0515625 0.0515625
0 0.70625 0.78828125 0.0703125 0.053125
0 0.69140625 0.8484375 0.0421875 0.04375
0 0.72890625 0.8703125 0.0421875 0.04375
0 0.77109375 0.87578125 0.0375 0.040625
0 0.6421875 0.86796875 0.0578125 0.046875
0 0.6296875 0.81953125 0.0703125 0.059375
0 0.59296875 0.9140625 0.053125 0.0453125
0 0.553125 0.89609375 0.053125 0.059375
0 0.56640625 0.95546875 0.0484375 0.04375
0 0.509375 0.9703125 0.0484375 0.04375
0 0.45703125 0.9171875 0.05625 0.05625
0 0.353125 0.98828125 0.046875 0.0203125
0 0.2375 0.98984375 0.0515625 0.0109375
0 0.5703125 0.99609375 0.0375 0.0078125
