0 0.328125 0.0109375 0.05 0.021875
0 0.32265625 0.00390625 0.0203125 0.0078125
0 0.33359375 0.0078125 0.0453125 0.015625
0 0.30546875 0.0125 0.0453125 0.025
0 0.31640625 0.0109375 0.0390625 0.021875
0 0.31953125 0.0046875 0.0203125 0.009375
0 0.32109375 0.00546875 0.0234375 0.0109375
0 0.25859375 0.01328125 0.0484375 0.0265625
0 0.290625 0.028125 0.08125 0.05625
0 0.253125 0.02109375 0.084375 0.0421875
0 0.26484375 0.1046875 0.0734375 0.078125
0 0.31171875 0.1375 0.075 0.075
0 0.35625 0.115625 0.06875 0.0703125
0 0.34609375 0.01171875 0.0484375 0.0234375
0 0.3625 0.0171875 0.06875 0.034375
0 0.34296875 0.05859375 0.0734375 0.0765625
0 0.17265625 0.11015625 0.06875 0.075
0 0.1875 0.20546875 0.0609375 0.0625
0 0.19609375 0.15234375 0.0625 0.0609375
0 0.1546875 0.1328125 0.0578125 0.065625
0 0.12578125 0.1875 0.0625 0.0703125
0 0.103125 0.209375 0.0453125 0.0578125
0 0.0828125 0.24921875 0.05 0.0609375
0 0.084375 0.27734375 0.0734375 0.078125
0 0.1375 0.2734375 0.0828125 0.0796875
0 0.109375 0.2171875 0.0640625 0.0703125
0 0.12109375 0.3140625 0.078125 0.078125
0 0.05078125 0.29921875 0.0453125 0.0578125
0 0.0140625 0.3875 0.028125 0.059375
0 0.02109375 0.3578125 0.0421875 0.0625
0 0.0171875 0.37578125 0.034375 0.0640625
0 0.01328125 0.42421875 0.0265625 0.0671875
0 0.25703125 0.19765625 0.059375 0.059375
0 0.22890625 0.24609375 0.0765625 0.071875
0 0.25234375 0.3515625 0.071875 0.0734375
0 0.3375 0.24453125 0.0828125 0.0734375
0 0.31953125 0.29921875 0.071875 0.0703125
0 0.2703125 0.2625 0.059375 0.059375
0 0.35078125 0.35234375 0.0640625 0.06875
0 0.31015625 0.39375 0.0640625 0.0609375
0 0.27890625 0.43984375 0.059375 0.059375
0 0.3640625 0.4484375 0.0609375 0.065625
0 0.3765625 0.49453125 0.071875 0.0703125
0 0.3265625 0.478125 0.0609375 0.06875
0 0.4515625 0.290625 0.0640625 0.06875
0 0.47734375 0.365625 0.0625 0.0703125
0 0.428125 0.4046875 0.065625 0.0671875
0 0.43671875 0.52578125 0.053125 0.05
0 0.42734375 0.56953125 0.059375 0.0609375
0 0.2015625 0.41640625 0.1125 0.10625
0 0.2078125 0.4875 0.0734375 0.0765625
0 0.25390625 0.5375 0.0828125 0.0890625
0 0.290625 0.60390625 0.08125 0.0890625
0 0.21953125 0.6109375 0.096875 0.1015625
0 0.1828125 0.57265625 0.0953125 0.096875
0 0.1765625 0.5171875 0.0859375 0.090625
0 0.0859375 0.45234375 0.08125 0.075
0 0.0671875 0.396875 0.0734375 0.075
0 0.06640625 0.4921875 0.0484375 0.05
0 0.0546875 0.4578125 0.0953125 0.0953125
0 0.01171875 0.50703125 0.0234375 0.0546875
0 0.01484375 0.496875 0.0296875 0.065625
0 0.04453125 0.60390625 0.0625 0.0609375
0 0.034375 0.65078125 0.06875 0.0765625
0 0.03828125 0.7 0.0765625 0.071875
0 0.0203125 0.68203125 0.040625 0.0828125
0 0.01640625 0.73359375 0.0328125 0.0609375
0 0.0125 0.76328125 0.025 0.0390625
0 0.0171875 0.596875 0.034375 0.065625
0 0.0203125 0.55078125 0.040625 0.0796875
0 0.1421875 0.778125 0.0609375 0.0625
0 0.11015625 0.76484375 0.065625 0.0625
0 0.1109375 0.80390625 0.05625 0.05625
0 0.13359375 0.84375 0.071875 0.0640625
0 0.09375 0.82890625 0.0515625 0.0421875
0 0.07109375 0.78984375 0.075 0.075
0 0.0078125 0.584375 0.015625 0.046875
0 0.0078125 0.609375 0.015625 0.040625
0 0.009375 0.61484375 0.01875 0.0453125
0 0.009375 0.653125 0.01875 0.040625
0 0.01015625 0.6765625 0.0203125 0.040625
0 0.221875 0.734375 0.0703125 0.0609375
0 0.23359375 0.7765625 0.0609375 0.059375
0 0.28359375 0.7734375 0.0828125 0.08125
0 0.34765625 0.796875 0.0625 0.0640625
0 0.3453125 0.74921875 0.065625 0.0640625
0 0.3421875 0.6875 0.0796875 0.0828125
0 0.3953125 0.69296875 0.0640625 0.065625
0 0.38671875 0.64453125 0.06875 0.071875
0 0.28125 0.8796875 0.0546875 0.0546875
