0 0.15625 0.0140625 0.059375 0.028125
0 0.11015625 0.003125 0.0390625 0.00625
0 0.16796875 0.00390625 0.0453125 0.0078125
0 0.0921875 0.04296875 0.0578125 0.046875
0 0.07734375 0.0171875 0.0328125 0.034375
0 0.0859375 0.0078125 0.034375 0.015625
0 0.10625 0.00859375 0.040625 0.0171875
0 0.1140625 0.13515625 0.059375 0.0515625
0 0.184375 0.18359375 0.059375 0.071875
0 0.146875 0.18125 0.0640625 0.0671875
0 0.19453125 0.27421875 0.0546875 0.0625
0 0.24765625 0.2859375 0.059375 0.0578125
0 0.2796875 0.2515625 0.0515625 0.05625
0 0.2109375 0.10859375 0.0375 0.0390625
0 0.240625 0.140625 0.053125 0.053125
0 0.24609375 0.20546875 0.05625 0.0625
0 0.10625 0.309375 0.06875 0.0671875
0 0.16328125 0.3890625 0.046875 0.05
0 0.1515625 0.33984375 0.05 0.046875
0 0.04609375 0.32890625 0.059375 0.059375
0 0.05078125 0.3890625 0.0828125 0.065625
0 0.0234375 0.41328125 0.0375 0.0546875
0 0.04765625 0.459375 0.0578125 0.059375
0 0.0984375 0.48828125 0.0546875 0.0625
0 0.14375 0.46640625 0.065625 0.0609375
0 0.0859375 0.42578125 0.0734375 0.0640625
0 0.14296875 0.5078125 0.0625 0.0609375
0 0.009375 0.509375 0.01875 0.053125
0 0.01171875 0.60390625 0.0234375 0.0546875
0 0.05 0.58046875 0.0515625 0.0609375
0 0.02734375 0.5953125 0.0546875 0.0625
0 0.01328125 0.64375 0.0265625 0.065625
0 0.22109375 0.3578125 0.0453125 0.0453125
0 0.21328125 0.41015625 0.0625 0.0515625
0 0.27109375 0.49453125 0.053125 0.059375
0 0.30859375 0.37109375 0.0703125 0.0515625
0 0.31171875 0.42578125 0.05625 0.053125
0 0.2546875 0.409375 0.0453125 0.0453125
0 0.35703125 0.46015625 0.046875 0.05625
0 0.33671875 0.5109375 0.0515625 0.0453125
0 0.3265625 0.5625 0.0453125 0.0453125
0 0.403125 0.53984375 0.0453125 0.0546875
0 0.43125 0.57578125 0.05625 0.053125
0 0.38046875 0.57890625 0.0421875 0.059375
0 0.4234375 0.37109375 0.046875 0.05625
0 0.4734375 0.4265625 0.04375 0.059375
0 0.44296875 0.47890625 0.05 0.053125
0 0.49375 0.58125 0.04375 0.0375
0 0.5015625 0.62265625 0.046875 0.0484375
0 0.25078125 0.56875 0.0921875 0.078125
0 0.2796875 0.628125 0.05625 0.0625
0 0.3375 0.65625 0.0625 0.071875
0 0.39375 0.7015625 0.0578125 0.075
0 0.33515625 0.73203125 0.0734375 0.08125
0 0.2890625 0.7125 0.075 0.075
0 0.2640625 0.665625 0.0640625 0.075
0 0.1609375 0.640625 0.0671875 0.0546875
0 0.12578125 0.6 0.05625 0.059375
0 0.1578125 0.6828125 0.0359375 0.040625
0 0.13515625 0.65703125 0.0734375 0.0734375
0 0.01015625 0.73359375 0.0203125 0.0484375
0 0.05390625 0.7296875 0.05 0.0546875
0 0.1796875 0.78828125 0.05 0.046875
0 0.18125 0.834375 0.065625 0.05625
0 0.20703125 0.87578125 0.065625 0.053125
0 0.13515625 0.8859375 0.0640625 0.0640625
0 0.17265625 0.92265625 0.0546875 0.0453125
0 0.1703125 0.95234375 0.05 0.01875
0 0.0875 0.81875 0.05625 0.05
0 0.065625 0.78125 0.065625 0.0609375
0 0.325 0.90625 0.046875 0.05
0 0.2921875 0.90546875 0.0546875 0.046875
0 0.30703125 0.93984375 0.04375 0.04375
0 0.34140625 0.965625 0.0609375 0.0421875
0 0.3015625 0.9671875 0.0453125 0.0265625
0 0.2671875 0.94140625 0.0578125 0.059375
0 0.00390625 0.81953125 0.0078125 0.0453125
0 0.0078125 0.8453125 0.015625 0.0375
0 0.0125 0.85546875 0.025 0.0421875
0 0.01640625 0.89609375 0.0328125 0.0359375
0 0.0140625 0.91875 0.028125 0.034375
0 0.015625 0.9234375 0.03125 0.01875
0 0.38046875 0.83984375 0.0609375 0.040625
0 0.40546875 0.871875 0.0484375 0.046875
0 0.44765625 0.85234375 0.0671875 0.0625
0 0.51171875 0.84921875 0.0484375 0.05
0 0.49296875 0.809375 0.053125 0.0484375
0 0.46796875 0.75546875 0.0609375 0.065625
0 0.51640625 0.7421875 0.0484375 0.053125
0 0.4921875 0.703125 0.0515625 0.059375
0 0.48203125 0.9453125 0.0421875 0.04375
