0 0.0078125 0.17890625 0.015625 0.0359375
0 0.00703125 0.171875 0.0140625 0.021875
0 0.00859375 0.17265625 0.0171875 0.0265625
0 0.009375 0.1734375 0.01875 0.03125
0 0.00703125 0.1734375 0.0140625 0.025
0 0.00546875 0.175 0.0109375 0.025
0 0.00859375 0.17578125 0.0171875 0.0328125
0 0.0078125 0.17421875 0.015625 0.0265625
0 0.00859375 0.24140625 0.0171875 0.0546875
0 0.00859375 0.2046875 0.0171875 0.040625
0 0.00625 0.24453125 0.0125 0.0421875
0 0.00859375 0.29609375 0.0171875 0.0546875
0 0.01171875 0.27265625 0.0234375 0.0609375
0 0.0109375 0.30546875 0.021875 0.0515625
0 0.0203125 0.265625 0.040625 0.08125
0 0.01328125 0.18203125 0.0265625 0.0546875
0 0.03203125 0.26015625 0.0640625 0.0703125
0 0.0140625 0.1953125 0.028125 0.053125
0 0.084375 0.303125 0.078125 0.0890625
0 0.07109375 0.34453125 0.06875 0.0734375
0 0.02421875 0.35546875 0.0484375 0.0796875
0 0.01875 0.3328125 0.0375 0.075
0 0.034375 0.3015625 0.06875 0.103125
0 0.0109375 0.4265625 0.021875 0.071875
0 0.01484375 0.43828125 0.0296875 0.0640625
0 0.028125 0.48203125 0.05625 0.0671875
0 0.0140625 0.45703125 0.028125 0.0765625
0 0.01328125 0.5140625 0.0265625 0.059375
0 0.01875 0.55625 0.0375 0.078125
0 0.0234375 0.60078125 0.046875 0.06875
0 0.0125 0.55390625 0.025 0.0640625
0 0.0359375 0.57578125 0.071875 0.0734375
0 0.03125 0.6359375 0.040625 0.06875
0 0.08203125 0.61953125 0.075 0.06875
0 0.07109375 0.42578125 0.08125 0.0765625
0 0.08125 0.48359375 0.0578125 0.065625
0 0.1734375 0.409375 0.0859375 0.075
0 0.19609375 0.46328125 0.071875 0.0703125
0 0.18671875 0.55234375 0.05625 0.0734375
0 0.2734375 0.540625 0.059375 0.0578125
0 0.27421875 0.475 0.0703125 0.078125
0 0.35546875 0.5390625 0.0671875 0.0640625
0 0.39453125 0.56015625 0.06875 0.0625
0 0.28515625 0.58515625 0.090625 0.0765625
0 0.34296875 0.590625 0.06875 0.0625
0 0.246875 0.3890625 0.0765625 0.0796875
0 0.2828125 0.35390625 0.0515625 0.05625
0 0.36640625 0.3890625 0.075 0.0828125
0 0.3625 0.45859375 0.06875 0.0671875
0 0.46171875 0.534375 0.06875 0.059375
0 0.490625 0.57109375 0.0609375 0.05625
0 0.52265625 0.490625 0.0546875 0.05625
0 0.28203125 0.63515625 0.0734375 0.0765625
0 0.2140625 0.634375 0.1109375 0.0953125
0 0.27265625 0.68359375 0.084375 0.0765625
0 0.37265625 0.6484375 0.1046875 0.0859375
0 0.4140625 0.703125 0.0796875 0.0984375
0 0.3390625 0.68046875 0.0859375 0.0875
0 0.365625 0.76015625 0.084375 0.09375
0 0.30234375 0.76015625 0.0796875 0.0921875
0 0.0921875 0.721875 0.071875 0.071875
0 0.13671875 0.7484375 0.0734375 0.075
0 0.18984375 0.8078125 0.06875 0.0796875
0 0.21328125 0.7578125 0.0796875 0.0703125
0 0.259375 0.82421875 0.090625 0.0875
0 0.33671875 0.84375 0.10625 0.0921875
0 0.06328125 0.72265625 0.0546875 0.0796875
0 0.06953125 0.75390625 0.04375 0.065625
0 0.034375 0.65390625 0.0375 0.0625
0 0.059375 0.74609375 0.034375 0.075
0 0.0828125 0.79609375 0.0453125 0.065625
0 0.11328125 0.90234375 0.0375 0.0515625
0 0.13515625 0.98828125 0.0234375 0.0234375
0 0.10234375 0.878125 0.0296875 0.0421875
0 0.11484375 0.90703125 0.0359375 0.046875
0 0.12734375 0.9359375 0.0453125 0.05625
0 0.1640625 0.965625 0.0625 0.06875
0 0.2359375 0.89765625 0.0703125 0.071875
0 0.27109375 0.93828125 0.075 0.0796875
0 0.31796875 0.96484375 0.071875 0.0703125
0 0.234375 0.990625 0.078125 0.01875
0 0.3984375 0.97265625 0.046875 0.0484375
0 0.43984375 0.95234375 0.06875 0.0609375
0 0.440625 0.9859375 0.05 0.028125
0 0.490625 0.984375 0.06875 0.03125
0 0.45078125 0.8671875 0.059375 0.05
0 0.5078125 0.875 0.0578125 0.0640625
0 0.55 0.828125 0.0765625 0.078125
0 0.528125 0.78359375 0.0703125 0.0671875
0 0.52734375 0.7125 0.0703125 0.0671875
0 0.5125 0.65546875 0.06875 0.0734375
0 0.559375 0.6671875 0.0578125 0.065625
0 0.6109375 0.73984375 0.0640625 0.0734375
0 0.56953125 0.7546875 0.0734375 0.0640625
0 0.6 0.79921875 0.0703125 0.065625
0 0.64609375 0.7875 0.0765625 0.078125
0 0.59375 0.84140625 0.078125 0.065625
0 0.61875 0.90546875 0.071875 0.0765625
0 0.64375 0.96328125 0.0703125 0.046875
0 0.75625 0.9328125 0.0546875 0.0359375
0 0.7109375 0.93046875 0.0734375 0.06875
