0 0.05859375 0.04296875 0.053125 0.0578125
0 0.06953125 0.0203125 0.05 0.0125
0 0.0265625 0.021875 0.053125 0.0125
0 0.01015625 0.0515625 0.0203125 0.053125
0 0.00703125 0.025 0.0140625 0.015625
0 0.0125 0.10859375 0.025 0.0359375
0 0.04765625 0.1 0.0484375 0.0421875
0 0.0171875 0.06796875 0.034375 0.0453125
0 0.0046875 0.0890625 0.009375 0.05
0 0.00625 0.1765625 0.0125 0.04375
0 0.01015625 0.22421875 0.0203125 0.0484375
0 0.0421875 0.2109375 0.046875 0.05
0 0.046875 0.26953125 0.0625 0.0625
0 0.06953125 0.30625 0.0484375 0.0546875
0 0.13515625 0.24140625 0.046875 0.05625
0 0.13984375 0.1734375 0.0484375 0.0515625
0 0.196875 0.24609375 0.0515625 0.0546875
0 0.2203125 0.2296875 0.0421875 0.05625
0 0.26796875 0.278125 0.0625 0.0640625
0 0.23359375 0.303125 0.0546875 0.0546875
0 0.26796875 0.33046875 0.059375 0.0625
0 0.209375 0.35 0.0421875 0.0484375
0 0.15390625 0.33515625 0.0453125 0.0671875
0 0.121875 0.3046875 0.0546875 0.0546875
0 0.0890625 0.23515625 0.0390625 0.0453125
0 0.16328125 0.2828125 0.0359375 0.04375
0 0.18125 0.37109375 0.04375 0.0375
0 0.0796875 0.3921875 0.0484375 0.06875
0 0.125 0.4046875 0.0375 0.053125
0 0.15 0.4578125 0.0484375 0.0546875
0 0.01796875 0.42109375 0.0359375 0.0609375
0 0.03203125 0.478125 0.0640625 0.0625
0 0.08515625 0.50703125 0.0625 0.0640625
0 0.1296875 0.5421875 0.075 0.0640625
0 0.1609375 0.58671875 0.065625 0.0625
0 0.01171875 0.5109375 0.0234375 0.0625
0 0.04140625 0.55625 0.0640625 0.0546875
0 0.08359375 0.58125 0.0625 0.065625
0 0.0140625 0.609375 0.0234375 0.0515625
0 0.02109375 0.709375 0.0296875 0.05625
0 0.0578125 0.6734375 0.046875 0.05625
0 0.02578125 0.7484375 0.0359375 0.0328125
0 0.0265625 0.8484375 0.03125 0.0625
0 0.021875 0.9453125 0.0140625 0.053125
0 0.025 0.9734375 0.01875 0.0234375
0 0.05625 0.98046875 0.05 0.0375
0 0.071875 0.99609375 0.06875 0.0078125
0 0.02890625 0.98828125 0.0265625 0.0234375
0 0.08828125 0.834375 0.0484375 0.0546875
0 0.1140625 0.8796875 0.053125 0.0484375
0 0.1359375 0.9203125 0.0484375 0.0640625
0 0.125 0.83046875 0.046875 0.0546875
0 0.16484375 0.8890625 0.05 0.071875
0 0.228125 0.86953125 0.0578125 0.059375
0 0.2390625 0.91875 0.0484375 0.0375
0 0.2890625 0.95546875 0.0625 0.059375
0 0.2015625 0.97421875 0.046875 0.0515625
0 0.234375 0.965625 0.0359375 0.0421875
0 0.2515625 0.9953125 0.05625 0.009375
0 0.40625 0.96953125 0.0453125 0.04375
0 0.36171875 0.97109375 0.0375 0.0359375
0 0.35390625 0.99375 0.0328125 0.0125
0 0.1984375 0.41484375 0.06875 0.0515625
0 0.20546875 0.4703125 0.04375 0.0375
0 0.24140625 0.475 0.046875 0.05625
0 0.27734375 0.55234375 0.0625 0.0484375
0 0.2984375 0.46953125 0.059375 0.0421875
0 0.290625 0.4203125 0.0640625 0.059375
0 0.35703125 0.49375 0.053125 0.053125
0 0.35 0.55703125 0.0609375 0.040625
0 0.3515625 0.60078125 0.0921875 0.0515625
0 0.4203125 0.575 0.05 0.0375
0 0.4609375 0.60390625 0.0484375 0.0453125
0 0.40234375 0.6140625 0.0546875 0.0484375
0 0.26953125 0.63671875 0.0875 0.0640625
0 0.31171875 0.68515625 0.0625 0.0546875
0 0.33359375 0.6484375 0.05625 0.0421875
0 0.36953125 0.71171875 0.06875 0.0875
0 0.40234375 0.68125 0.0546875 0.0484375
0 0.4453125 0.74609375 0.0734375 0.0796875
0 0.3796875 0.7859375 0.0546875 0.08125
0 0.33203125 0.77109375 0.0578125 0.075
0 0.25390625 0.7375 0.0796875 0.071875
0 0.14375 0.67890625 0.0640625 0.065625
0 0.17578125 0.7203125 0.06875 0.0515625
0 0.2125 0.77734375 0.0578125 0.0578125
0 0.2703125 0.81484375 0.0640625 0.0765625
0 0.33515625 0.8515625 0.0703125 0.0640625
0 0.43359375 0.89375 0.0515625 0.053125
0 0.48046875 0.9171875 0.04375 0.0390625
0 0.53359375 0.89765625 0.0484375 0.0640625
0 0.51484375 0.84375 0.046875 0.0703125
0 0.54140625 0.78828125 0.0515625 0.0546875
0 0.5375 0.728125 0.053125 0.046875
0 0.5828125 0.759375 0.046875 0.05
0 0.6 0.78671875 0.053125 0.0546875
0 0.61640625 0.82421875 0.065625 0.0515625
0 0.5578125 0.8265625 0.0546875 0.0546875
0 0.58984375 0.87421875 0.05625 0.0421875
0 0.6359375 0.878125 0.0515625 0.0578125
0 0.57890625 0.9125 0.0625 0.0453125
0 0.5765625 0.96953125 0.0578125 0.0578125
0 0.68046875 0.9796875 0.0546875 0.0296875
0 0.39921875 0.3984375 0.0640625 0.0703125
0 0.371875 0.4140625 0.0609375 0.071875
0 0.44921875 0.51875 0.04375 0.04375
0 0.47265625 0.4515625 0.053125 0.053125
0 0.47734375 0.55625 0.0453125 0.04375
0 0.5203125 0.6046875 0.0515625 0.0515625
0 0.5375 0.640625 0.0421875 0.0453125
