0 0.31875 0.00703125 0.05 0.0140625
0 0.271875 0.00625 0.046875 0.0125
0 0.29609375 0.015625 0.0640625 0.03125
0 0.2703125 0.00859375 0.040625 0.0171875
0 0.23125 0.0125 0.046875 0.025
0 0.25234375 0.0109375 0.0484375 0.021875
0 0.2625 0.01171875 0.05 0.0234375
0 0.21015625 0.01015625 0.0484375 0.0203125
0 0.20390625 0.01015625 0.0234375 0.0203125
0 0.1796875 0.0125 0.034375 0.025
0 0.16875 0.04375 0.0453125 0.0453125
0 0.21171875 0.05625 0.0640625 0.0578125
0 0.171875 0.0859375 0.040625 0.0484375
0 0.2 0.10390625 0.04375 0.0484375
0 0.24609375 0.0984375 0.04375 0.0421875
0 0.2359375 0.12421875 0.05 0.0515625
0 0.28046875 0.12109375 0.046875 0.0515625
0 0.315625 0.05625 0.0390625 0.0421875
0 0.334375 0.08359375 0.0375 0.040625
0 0.33125 0.1484375 0.059375 0.0578125
0 0.35703125 0.1375 0.0515625 0.0546875
0 0.37578125 0.1890625 0.040625 0.040625
0 0.38203125 0.2171875 0.046875 0.0453125
0 0.346875 0.21015625 0.0546875 0.053125
0 0.36328125 0.2453125 0.05 0.0484375
0 0.30390625 0.2421875 0.053125 0.053125
0 0.25625 0.2203125 0.0640625 0.06875
0 0.2421875 0.16875 0.053125 0.05625
0 0.20859375 0.14921875 0.0578125 0.059375
0 0.16875 0.22421875 0.0609375 0.0625
0 0.2015625 0.25859375 0.0515625 0.0515625
0 0.20390625 0.3203125 0.0671875 0.071875
0 0.1 0.22421875 0.0640625 0.065625
0 0.10703125 0.271875 0.0703125 0.065625
0 0.07890625 0.2875 0.0765625 0.075
0 0.05 0.31640625 0.040625 0.046875
0 0.05625 0.2828125 0.0265625 0.0390625
0 0.0734375 0.24375 0.0296875 0.046875
0 0.11640625 0.32578125 0.0609375 0.065625
0 0.15078125 0.375 0.078125 0.071875
0 0.1578125 0.428125 0.071875 0.0609375
0 0.10546875 0.39921875 0.0625 0.0609375
0 0.07421875 0.353125 0.0734375 0.0640625
0 0.07578125 0.39921875 0.05 0.046875
0 0.0140625 0.38515625 0.028125 0.0375
0 0.02265625 0.4640625 0.0453125 0.059375
0 0.04609375 0.46953125 0.05625 0.0640625
0 0.00703125 0.4625 0.0140625 0.05625
0 0.01328125 0.475 0.0265625 0.059375
0 0.01796875 0.5203125 0.0359375 0.065625
0 0.0109375 0.596875 0.021875 0.05625
0 0.00703125 0.67421875 0.0140625 0.0453125
0 0.00859375 0.703125 0.0171875 0.040625
0 0.01484375 0.72109375 0.0296875 0.0515625
0 0.00703125 0.721875 0.0140625 0.04375
0 0.01171875 0.77265625 0.0234375 0.0421875
0 0.0140625 0.61328125 0.028125 0.0546875
0 0.01328125 0.65546875 0.0265625 0.0453125
0 0.01640625 0.7015625 0.0328125 0.05625
0 0.04140625 0.6234375 0.0515625 0.0609375
0 0.0390625 0.6765625 0.0640625 0.0578125
0 0.04609375 0.70859375 0.0640625 0.0609375
0 0.11015625 0.69921875 0.0671875 0.0640625
0 0.09765625 0.74921875 0.0640625 0.059375
0 0.12421875 0.7953125 0.0578125 0.0578125
0 0.08671875 0.80625 0.0609375 0.0640625
0 0.04453125 0.78671875 0.0765625 0.075
0 0.06015625 0.8453125 0.0609375 0.040625
0 0.13984375 0.88046875 0.05 0.0359375
0 0.11015625 0.503125 0.078125 0.0859375
0 0.12734375 0.55234375 0.05625 0.0546875
0 0.15546875 0.54921875 0.078125 0.0828125
0 0.178125 0.59921875 0.078125 0.071875
0 0.13203125 0.61484375 0.0640625 0.0640625
0 0.10859375 0.56796875 0.065625 0.0625
0 0.24453125 0.51484375 0.075 0.0640625
0 0.253125 0.578125 0.0765625 0.075
0 0.29765625 0.61640625 0.0703125 0.0703125
0 0.23046875 0.6484375 0.06875 0.0734375
0 0.27734375 0.6890625 0.0875 0.0921875
0 0.19921875 0.7203125 0.0875 0.0796875
0 0.22421875 0.6984375 0.0671875 0.0671875
0 0.27421875 0.80859375 0.0703125 0.071875
0 0.30546875 0.84609375 0.0625 0.065625
0 0.21875 0.86328125 0.078125 0.0703125
0 0.1828125 0.8421875 0.059375 0.05625
0 0.165625 0.875 0.0484375 0.0484375
0 0.23515625 0.91640625 0.0484375 0.040625
0 0.328125 0.67265625 0.0671875 0.0765625
0 0.34375 0.33671875 0.059375 0.0609375
0 0.26171875 0.30234375 0.0515625 0.0453125
0 0.24609375 0.34453125 0.053125 0.0546875
0 0.2765625 0.3625 0.0609375 0.0625
0 0.278125 0.4453125 0.0484375 0.0609375
0 0.24375 0.43515625 0.0625 0.065625
0 0.30703125 0.440625 0.05625 0.0578125
0 0.3359375 0.48359375 0.0765625 0.0734375
0 0.37265625 0.4484375 0.075 0.071875
0 0.30625 0.51796875 0.0734375 0.071875
0 0.35625 0.55859375 0.0640625 0.0609375
0 0.403125 0.5453125 0.0953125 0.0921875
0 0.43125 0.69609375 0.0734375 0.065625
0 0.40859375 0.746875 0.0640625 0.0578125
0 0.45546875 0.740625 0.0640625 0.0640625
0 0.45234375 0.815625 0.05625 0.053125
0 0.46953125 0.7875 0.06875 0.0703125
0 0.35546875 0.84296875 0.06875 0.0703125
0 0.3640625 0.79453125 0.084375 0.08125
0 0.4578125 0.86953125 0.059375 0.0625
0 0.4171875 0.84296875 0.0578125 0.059375
0 0.41640625 0.80390625 0.0828125 0.08125
0 0.384375 0.88203125 0.0609375 0.0546875
0 0.36484375 0.9375 0.0625 0.065625
0 0.35546875 0.975 0.04375 0.028125
0 0.41875 0.98828125 0.05 0.0234375
0 0.4640625 0.978125 0.0625 0.04375
0 0.471875 0.584375 0.053125 0.0546875
0 0.4359375 0.6171875 0.053125 0.046875
0 0.47890625 0.6421875 0.0578125 0.0515625
0 0.40859375 0.37109375 0.0796875 0.0875
0 0.45859375 0.3671875 0.065625 0.06875
0 0.49296875 0.43984375 0.0984375 0.0890625
0 0.44609375 0.48359375 0.0671875 0.053125
0 0.53359375 0.6015625 0.05625 0.05625
