0 0.0515625 0.00390625 0.015625 0.0078125
0 0.0546875 0.003125 0.021875 0.00625
0 0.184375 0.003125 0.021875 0.00625
0 0.2109375 0.003125 0.03125 0.00625
0 0.16015625 0.01015625 0.0265625 0.0203125
0 0.1328125 0.04140625 0.0421875 0.046875
0 0.171875 0.07578125 0.05 0.053125
0 0.22578125 0.0515625 0.04375 0.046875
0 0.05234375 0.13515625 0.05 0.0546875
0 0.090625 0.140625 0.0265625 0.034375
0 0.0328125 0.20703125 0.021875 0.034375
0 0.05546875 0.20078125 0.034375 0.0375
0 0.034375 0.2578125 0.0328125 0.0390625
0 0.0234375 0.34765625 0.0265625 0.0390625
0 0.02578125 0.38046875 0.0375 0.04375
0 0.1375 0.2984375 0.04375 0.0421875
0 0.11015625 0.3078125 0.05 0.040625
0 0.17421875 0.328125 0.046875 0.03125
0 0.24765625 0.253125 0.0453125 0.040625
0 0.28359375 0.24453125 0.0390625 0.0328125
0 0.3359375 0.2203125 0.0375 0.0203125
0 0.3703125 0.20078125 0.0421875 0.0265625
0 0.3921875 0.16796875 0.0515625 0.0359375
0 0.3265625 0.253125 0.034375 0.034375
0 0.35234375 0.24375 0.03125 0.028125
0 0.371875 0.2265625 0.034375 0.021875
0 0.26015625 0.04609375 0.04375 0.0421875
0 0.37890625 0.03046875 0.046875 0.0296875
0 0.38203125 0.0046875 0.0359375 0.009375
0 0.42109375 0.025 0.0328125 0.034375
0 0.4609375 0.01171875 0.040625 0.0234375
0 0.45234375 0.03046875 0.040625 0.0328125
0 0.44765625 0.075 0.0484375 0.0375
0 0.45546875 0.153125 0.0359375 0.040625
0 0.48046875 0.1265625 0.0390625 0.0390625
0 0.4828125 0.06640625 0.034375 0.03125
0 0.53046875 0.11328125 0.0421875 0.0296875
0 0.521875 0.07734375 0.0453125 0.0328125
0 0.53359375 0.0484375 0.040625 0.0375
0 0.5046875 0.00859375 0.046875 0.0171875
0 0.63671875 0.02265625 0.0375 0.028125
0 0.6796875 0.0234375 0.0328125 0.021875
0 0.74296875 0.02734375 0.0546875 0.01875
0 0.7375 0.02734375 0.04375 0.0203125
0 0.7296875 0.04921875 0.05625 0.0328125
0 0.803125 0.03671875 0.0484375 0.028125
0 0.70078125 0.1046875 0.0453125 0.040625
0 0.66171875 0.0671875 0.046875 0.03125
0 0.715625 0.178125 0.046875 0.0421875
0 0.73046875 0.13671875 0.0453125 0.0375
0 0.68515625 0.20234375 0.0453125 0.0359375
0 0.65703125 0.25703125 0.0375 0.0328125
0 0.6984375 0.2484375 0.040625 0.0375
0 0.69375 0.275 0.046875 0.04375
0 0.58359375 0.32265625 0.0484375 0.0359375
0 0.540625 0.35703125 0.05 0.034375
0 0.4921875 0.3546875 0.0515625 0.0390625
0 0.5171875 0.390625 0.046875 0.03125
0 0.41328125 0.409375 0.05 0.040625
0 0.38671875 0.434375 0.05625 0.0390625
0 0.3546875 0.45234375 0.03125 0.03125
0 0.3734375 0.46953125 0.040625 0.0375
0 0.303125 0.325 0.0359375 0.040625
0 0.328125 0.3109375 0.0390625 0.0328125
0 0.27890625 0.3859375 0.040625 0.040625
0 0.2828125 0.41484375 0.03125 0.03125
0 0.315625 0.403125 0.0390625 0.03125
0 0.26328125 0.446875 0.040625 0.0296875
0 0.28671875 0.46328125 0.034375 0.0390625
0 0.31640625 0.4578125 0.05 0.0390625
0 0.2953125 0.49609375 0.040625 0.0359375
0 0.24921875 0.4921875 0.05 0.040625
0 0.21953125 0.5109375 0.053125 0.0453125
0 0.26484375 0.5265625 0.0546875 0.0390625
0 0.084375 0.5296875 0.05 0.0359375
0 0.08828125 0.565625 0.0421875 0.03125
0 0.13828125 0.5984375 0.0453125 0.0359375
0 0.18125 0.56171875 0.04375 0.0359375
0 0.1578125 0.62578125 0.04375 0.04375
0 0.0046875 0.61171875 0.009375 0.0328125
0 0.00625 0.62421875 0.0125 0.0453125
0 0.00625 0.6765625 0.0125 0.046875
0 0.00546875 0.66171875 0.0109375 0.0359375
0 0.02578125 0.65078125 0.0515625 0.0484375
0 0.19765625 0.64765625 0.040625 0.0453125
0 0.19921875 0.609375 0.05 0.034375
0 0.18828125 0.70546875 0.04375 0.046875
0 0.1421875 0.7375 0.04375 0.0375
0 0.1125 0.80078125 0.034375 0.05625
0 0.15625 0.80546875 0.0421875 0.05
0 0.21875 0.75 0.0390625 0.034375
0 0.20234375 0.790625 0.0484375 0.0328125
0 0.2640625 0.7640625 0.034375 0.0328125
0 0.30703125 0.7484375 0.0390625 0.0328125
0 0.30703125 0.71171875 0.0375 0.0375
0 0.3421875 0.69453125 0.05 0.0421875
0 0.38671875 0.68515625 0.028125 0.034375
0 0.4546875 0.65234375 0.040625 0.0359375
0 0.50234375 0.68203125 0.040625 0.0515625
0 0.48125 0.7265625 0.053125 0.0515625
0 0.40703125 0.70546875 0.0515625 0.0515625
0 0.4296875 0.74375 0.0484375 0.0421875
0 0.4625 0.8 0.0421875 0.046875
0 0.46015625 0.84765625 0.040625 0.05
0 0.04375 0.85234375 0.040625 0.040625
0 0.021875 0.8828125 0.034375 0.0375
0 0.0578125 0.90625 0.0421875 0.04375
0 0.0359375 0.94765625 0.0390625 0.0296875
0 0.0109375 0.946875 0.021875 0.025
0 0.01484375 0.9125 0.0296875 0.05
0 0.00546875 0.89453125 0.0109375 0.0359375
0 0.0046875 0.92890625 0.009375 0.0296875
0 0.00234375 0.9109375 0.0046875 0.0375
0 0.415625 0.8359375 0.0359375 0.0515625
0 0.39140625 0.9515625 0.059375 0.04375
0 0.425 0.92578125 0.0390625 0.034375
0 0.4796875 0.89375 0.0484375 0.0359375
0 0.50859375 0.93125 0.0484375 0.0328125
0 0.56875 0.834375 0.053125 0.0453125
0 0.5921875 0.86953125 0.046875 0.0421875
0 0.63984375 0.84296875 0.0546875 0.0359375
0 0.83125 0.5 0.0484375 0.040625
0 0.53515625 0.5296875 0.053125 0.0453125
0 0.57109375 0.57734375 0.059375 0.05625
0 0.51015625 0.58125 0.046875 0.0421875
0 0.5984375 0.5296875 0.0421875 0.046875
0 0.596875 0.475 0.03125 0.03125
0 0.56328125 0.43359375 0.0359375 0.0515625
0 0.60625 0.4078125 0.0359375 0.040625
0 0.73515625 0.54140625 0.0375 0.040625
0 0.70859375 0.5640625 0.0484375 0.046875
0 0.69765625 0.5171875 0.0484375 0.0375
