0 0.31015625 0.01171875 0.0546875 0.0234375
0 0.32109375 0.03125 0.0421875 0.0515625
0 0.35078125 0.0203125 0.0390625 0.040625
0 0.3578125 0.009375 0.040625 0.01875
0 0.34765625 0.01015625 0.0390625 0.0203125
0 0.38515625 0.01015625 0.0390625 0.0203125
0 0.40859375 0.01015625 0.0359375 0.0203125
0 0.4015625 0.0296875 0.0578125 0.05625
0 0.43359375 0.0359375 0.0421875 0.0453125
0 0.3703125 0.009375 0.053125 0.01875
0 0.4109375 0.00859375 0.05 0.0171875
0 0.20234375 0.065625 0.05 0.059375
0 0.22734375 0.0875 0.0515625 0.059375
0 0.15 0.12109375 0.04375 0.0453125
0 0.1828125 0.1359375 0.05 0.0515625
0 0.14140625 0.17265625 0.0453125 0.0515625
0 0.10859375 0.2140625 0.0578125 0.0578125
0 0.078125 0.2453125 0.0421875 0.046875
0 0.09921875 0.26015625 0.05625 0.05625
0 0.0953125 0.2953125 0.071875 0.06875
0 0.16171875 0.21328125 0.071875 0.071875
0 0.19921875 0.2515625 0.053125 0.0609375
0 0.23359375 0.2484375 0.0609375 0.065625
0 0.26015625 0.28671875 0.059375 0.0515625
0 0.35625 0.23359375 0.075 0.06875
0 0.41015625 0.23203125 0.0640625 0.059375
0 0.46640625 0.2296875 0.0546875 0.0453125
0 0.4984375 0.2078125 0.04375 0.0390625
0 0.525 0.196875 0.046875 0.04375
0 0.50234375 0.246875 0.046875 0.046875
0 0.471875 0.25703125 0.04375 0.0390625
0 0.44453125 0.26484375 0.0609375 0.053125
0 0.4421875 0.3125 0.0609375 0.0609375
0 0.409375 0.31953125 0.053125 0.053125
0 0.4046875 0.3828125 0.0546875 0.05625
0 0.35546875 0.3875 0.0546875 0.0625
0 0.38359375 0.4140625 0.0484375 0.046875
0 0.328125 0.44609375 0.0625 0.0515625
0 0.3734375 0.465625 0.0578125 0.05
0 0.3421875 0.49375 0.0484375 0.053125
0 0.26640625 0.48359375 0.0703125 0.06875
0 0.29921875 0.5171875 0.059375 0.0515625
0 0.2046875 0.521875 0.0625 0.0640625
0 0.23359375 0.540625 0.046875 0.04375
0 0.10234375 0.49375 0.0578125 0.05625
0 0.1484375 0.54140625 0.0640625 0.05625
0 0.16796875 0.58359375 0.05625 0.0578125
0 0.20234375 0.62109375 0.0578125 0.0625
0 0.17734375 0.671875 0.06875 0.059375
0 0.1140625 0.69453125 0.05625 0.05625
0 0.06640625 0.746875 0.0578125 0.05625
0 0.06171875 0.78984375 0.0640625 0.0640625
0 0.1 0.76484375 0.0671875 0.0703125
0 0.171875 0.7765625 0.04375 0.0453125
0 0.15859375 0.7421875 0.0421875 0.0421875
0 0.2 0.73046875 0.05625 0.0484375
0 0.21484375 0.7796875 0.0515625 0.046875
0 0.23828125 0.759375 0.04375 0.040625
0 0.28203125 0.75546875 0.0640625 0.05
0 0.296875 0.71171875 0.053125 0.0515625
0 0.33203125 0.703125 0.0546875 0.046875
0 0.01640625 0.51484375 0.0328125 0.0578125
0 0.02265625 0.56015625 0.0453125 0.0609375
0 0.0140625 0.5703125 0.028125 0.05625
0 0.009375 0.5765625 0.01875 0.053125
0 0.0109375 0.5296875 0.021875 0.065625
0 0.00546875 0.50625 0.0109375 0.034375
0 0.03828125 0.32890625 0.0296875 0.0453125
0 0.0125 0.7875 0.025 0.0375
0 0.01328125 0.78203125 0.0265625 0.0484375
0 0.0109375 0.82421875 0.021875 0.0328125
0 0.01171875 0.80859375 0.0234375 0.0390625
0 0.4265625 0.48828125 0.05625 0.0609375
0 0.440625 0.45 0.0390625 0.0390625
0 0.4859375 0.43828125 0.0515625 0.05625
0 0.584375 0.40625 0.0546875 0.05625
0 0.63359375 0.41875 0.05 0.0453125
0 0.6828125 0.4109375 0.0578125 0.053125
0 0.5578125 0.0375 0.04375 0.0453125
0 0.6 0.05 0.04375 0.040625
0 0.575 0.01328125 0.04375 0.0265625
0 0.69765625 0.05 0.0546875 0.0359375
0 0.6828125 0.07109375 0.0515625 0.0453125
0 0.6578125 0.0390625 0.040625 0.0359375
0 0.64453125 0.06953125 0.053125 0.0515625
0 0.66796875 0.1171875 0.05 0.05
0 0.640625 0.1203125 0.04375 0.05
0 0.60078125 0.18984375 0.0578125 0.0625
0 0.6390625 0.16953125 0.0515625 0.05
0 0.68984375 0.16796875 0.053125 0.0484375
0 0.6984375 0.13203125 0.0421875 0.0390625
0 0.7171875 0.1078125 0.0453125 0.05
0 0.74453125 0.15078125 0.0609375 0.059375
0 0.82265625 0.11015625 0.059375 0.0546875
0 0.871875 0.13125 0.0609375 0.05625
0 0.84140625 0.15546875 0.059375 0.0671875
0 0.86640625 0.221875 0.0703125 0.0609375
0 0.928125 0.140625 0.05 0.0359375
0 0.9015625 0.1546875 0.0390625 0.04375
0 0.77890625 0.353125 0.0671875 0.0703125
0 0.58046875 0.60234375 0.078125 0.078125
0 0.53828125 0.64296875 0.0671875 0.065625
0 0.46171875 0.69296875 0.0703125 0.0609375
0 0.38125 0.7109375 0.0609375 0.059375
0 0.4921875 0.009375 0.034375 0.01875
0 0.49296875 0.021875 0.0515625 0.04375
