0 0.11171875 0.1953125 0.04375 0.053125
0 0.1578125 0.140625 0.0296875 0.0328125
0 0.16796875 0.17421875 0.0265625 0.03125
0 0.140625 0.1578125 0.0390625 0.04375
0 0.1109375 0.146875 0.0359375 0.0484375
0 0.109375 0.065625 0.0203125 0.0328125
0 0.14921875 0.06171875 0.0375 0.0375
0 0.00546875 0.32265625 0.0109375 0.0453125
0 0.0171875 0.31015625 0.034375 0.0421875
0 0.08203125 0.29453125 0.05 0.05
0 0.04765625 0.45078125 0.034375 0.040625
0 0.03828125 0.4953125 0.0375 0.0453125
0 0.078125 0.52734375 0.0515625 0.0578125
0 0.03203125 0.57421875 0.0515625 0.0546875
0 0.3578125 0.2375 0.05 0.0453125
0 0.3484375 0.27109375 0.0484375 0.05625
0 0.32890625 0.309375 0.0421875 0.0484375
0 0.28984375 0.34453125 0.040625 0.0453125
0 0.2515625 0.37109375 0.0375 0.0484375
0 0.1609375 0.4265625 0.0828125 0.0640625
0 0.31484375 0.484375 0.05625 0.0578125
0 0.3109375 0.54453125 0.046875 0.053125
0 0.16796875 0.66953125 0.0671875 0.0578125
0 0.2578125 0.7234375 0.046875 0.05
0 0.32109375 0.07890625 0.0453125 0.0484375
0 0.2546875 0.14375 0.0390625 0.0484375
0 0.33203125 0.1234375 0.0625 0.040625
0 0.09765625 0.7328125 0.05625 0.0421875
0 0.05859375 0.7515625 0.0484375 0.04375
0 0.065625 0.79375 0.0390625 0.04375
0 0.13359375 0.75546875 0.05 0.05
0 0.10078125 0.77578125 0.0421875 0.0421875
0 0.2578125 0.82109375 0.0484375 0.0546875
0 0.2453125 0.87734375 0.046875 0.046875
