0 0.22265625 0.05078125 0.046875 0.0546875
0 0.28671875 0.015625 0.0328125 0.03125
0 0.284375 0.04921875 0.0296875 0.0328125
0 0.26328125 0.02421875 0.0421875 0.046875
0 0.23828125 0.0140625 0.0390625 0.028125
0 0.2609375 0.0046875 0.01875 0.009375
0 0.3015625 0.00546875 0.0375 0.0109375
0 0.07265625 0.13046875 0.01875 0.0453125
0 0.08828125 0.12578125 0.0453125 0.04375
0 0.16015625 0.134375 0.053125 0.053125
0 0.07109375 0.2734375 0.0375 0.04375
0 0.046875 0.31328125 0.040625 0.0484375
0 0.07421875 0.3578125 0.05625 0.0609375
0 0.025 0.38984375 0.034375 0.0546875
0 0.44453125 0.1765625 0.0546875 0.05
0 0.42421875 0.20546875 0.053125 0.0609375
0 0.39140625 0.2359375 0.0453125 0.0515625
0 0.3421875 0.25546875 0.0453125 0.05
0 0.29609375 0.2671875 0.040625 0.05
0 0.1890625 0.2890625 0.0875 0.0703125
0 0.3171875 0.3984375 0.0609375 0.0625
0 0.2921875 0.45546875 0.0515625 0.05625
0 0.1109375 0.5265625 0.071875 0.0625
0 0.17890625 0.609375 0.0515625 0.0546875
0 0.46484375 0.01796875 0.0484375 0.0359375
0 0.378125 0.05 0.0421875 0.05
0 0.459375 0.05859375 0.0640625 0.0453125
0 0.025 0.5625 0.05 0.046875
0 0.0078125 0.56796875 0.015625 0.0421875
0 0.00703125 0.6109375 0.0140625 0.04375
0 0.04765625 0.596875 0.053125 0.053125
0 0.015625 0.60390625 0.03125 0.0453125
0 0.14375 0.70390625 0.053125 0.059375
0 0.1125 0.753125 0.0515625 0.0515625
