0 0.075 0.02265625 0.046875 0.0171875
0 0.115625 0.02109375 0.034375 0.015625
0 0.1609375 0.01796875 0.04375 0.0140625
0 0.2078125 0.01796875 0.04375 0.015625
0 0.07578125 0.02421875 0.0453125 0.0203125
0 0.04609375 0.04375 0.0484375 0.0359375
0 0.03203125 0.109375 0.059375 0.059375
0 0.12109375 0.10859375 0.0484375 0.0421875
0 0.15859375 0.04375 0.05 0.0359375
0 0.21953125 0.05625 0.046875 0.0359375
0 0.2046875 0.01875 0.0453125 0.01875
0 0.2546875 0.01796875 0.0375 0.0203125
0 0.26484375 0.02734375 0.0390625 0.0359375
0 0.3046875 0.0203125 0.053125 0.0296875
0 0.28515625 0.05859375 0.0390625 0.0359375
0 0.3015625 0.0140625 0.0375 0.015625
0 0.34140625 0.0140625 0.034375 0.01875
0 0.37578125 0.01171875 0.0390625 0.015625
0 0.17265625 0.1828125 0.05 0.0359375
0 0.13671875 0.21015625 0.0421875 0.0359375
0 0.08203125 0.2015625 0.0421875 0.046875
0 0.0390625 0.23046875 0.05 0.040625
0 0.05390625 0.26171875 0.04375 0.046875
0 0.08671875 0.28046875 0.0625 0.053125
0 0.05546875 0.3484375 0.0421875 0.04375
0 0.01171875 0.38125 0.0234375 0.053125
0 0.03828125 0.38359375 0.0359375 0.04375
0 0.003125 0.27265625 0.00625 0.0390625
0 0.103125 0.321875 0.0484375 0.046875
0 0.1484375 0.33046875 0.0453125 0.053125
0 0.18046875 0.30625 0.0375 0.0421875
0 0.184375 0.25859375 0.0359375 0.0421875
0 0.2125 0.228125 0.046875 0.0421875
0 0.24609375 0.240625 0.0390625 0.04375
0 0.28046875 0.23203125 0.0390625 0.0421875
0 0.23046875 0.2828125 0.0359375 0.046875
0 0.265625 0.28984375 0.0375 0.046875
0 0.31328125 0.284375 0.0421875 0.0421875
0 0.215625 0.33828125 0.04375 0.0359375
0 0.35546875 0.12890625 0.04375 0.04375
0 0.38125 0.16484375 0.04375 0.04375
0 0.4140625 0.0375 0.0328125 0.0375
0 0.45390625 0.01796875 0.05 0.034375
0 0.43671875 0.0109375 0.0390625 0.0203125
0 0.50625 0.0359375 0.046875 0.0359375
0 0.55078125 0.01484375 0.0421875 0.0296875
0 0.596875 0.00703125 0.05 0.0140625
0 0.6453125 0.0125 0.04375 0.025
0 0.61640625 0.0328125 0.053125 0.0421875
0 0.69140625 0.009375 0.0390625 0.01875
0 0.44296875 0.12734375 0.034375 0.059375
0 0.48984375 0.1234375 0.0421875 0.0328125
0 0.48515625 0.14921875 0.0390625 0.0421875
0 0.4609375 0.1765625 0.04375 0.0375
0 0.43828125 0.21015625 0.0359375 0.04375
0 0.44921875 0.2625 0.046875 0.046875
0 0.475 0.21640625 0.0390625 0.0421875
0 0.509375 0.26328125 0.0421875 0.04375
0 0.5515625 0.2328125 0.0375 0.0375
0 0.57578125 0.26640625 0.0359375 0.0328125
0 0.54453125 0.28671875 0.0359375 0.0296875
0 0.515625 0.20078125 0.0359375 0.04375
0 0.55 0.18046875 0.05 0.0359375
0 0.5390625 0.13046875 0.0578125 0.0640625
0 0.58515625 0.109375 0.0453125 0.05
0 0.61484375 0.14609375 0.0421875 0.04375
0 0.64609375 0.19375 0.053125 0.053125
0 0.62734375 0.26796875 0.0359375 0.0390625
0 0.68359375 0.24765625 0.046875 0.0546875
0 0.72421875 0.24765625 0.0390625 0.0484375
0 0.68984375 0.18515625 0.05625 0.0515625
0 0.65390625 0.1328125 0.046875 0.05
0 0.70390625 0.08984375 0.0421875 0.0609375
0 0.78046875 0.0578125 0.0484375 0.0390625
0 0.76171875 0.11796875 0.053125 0.046875
0 0.76171875 0.165625 0.0375 0.0375
0 0.80625 0.2015625 0.0421875 0.0484375
0 0.8515625 0.19765625 0.05 0.0453125
0 0.81875 0.14140625 0.0640625 0.05625
0 0.82421875 0.08984375 0.06875 0.0515625
0 0.88828125 0.05859375 0.0609375 0.0453125
0 0.9 0.0953125 0.0484375 0.0453125
0 0.8890625 0.17265625 0.046875 0.0484375
0 0.92734375 0.19765625 0.0484375 0.0359375
0 0.9515625 0.15625 0.0453125 0.0484375
0 0.95 0.1015625 0.04375 0.046875
0 0.97578125 0.08359375 0.021875 0.0546875
0 0.96953125 0.19140625 0.0421875 0.0390625
0 0.8390625 0.00625 0.046875 0.0125
0 0.78984375 0.0046875 0.0359375 0.009375
0 0.7875 0.01015625 0.04375 0.0203125
0 0.8453125 0.0078125 0.04375 0.015625
0 0.890625 0.00546875 0.046875 0.0109375
0 0.9203125 0.015625 0.05625 0.03125
0 0.9421875 0.0046875 0.040625 0.009375
0 0.97265625 0.0046875 0.0203125 0.009375
0 0.8046875 0.2703125 0.05 0.0359375
0 0.76640625 0.30390625 0.0421875 0.0359375
0 0.778125 0.3328125 0.053125 0.053125
0 0.8296875 0.36171875 0.0453125 0.0484375
0 0.87421875 0.36328125 0.0421875 0.0546875
0 0.8578125 0.27578125 0.0546875 0.0421875
0 0.91328125 0.25546875 0.0421875 0.03125
0 0.884375 0.2328125 0.05 0.0296875
0 0.9625 0.2390625 0.05 0.0359375
0 0.97890625 0.2671875 0.028125 0.0453125
0 0.95859375 0.321875 0.05625 0.0515625
0 0.89609375 0.3125 0.0546875 0.040625
0 0.90546875 0.39375 0.046875 0.0609375
0 0.9765625 0.35703125 0.0390625 0.0484375
0 0.98515625 0.403125 0.025 0.05625
0 0.9609375 0.4484375 0.0421875 0.0328125
0 0.875 0.46875 0.065625 0.0515625
0 0.928125 0.51953125 0.0734375 0.0453125
0 0.8703125 0.56015625 0.046875 0.0390625
0 0.7953125 0.5703125 0.059375 0.046875
0 0.74453125 0.584375 0.046875 0.05
0 0.74609375 0.63515625 0.0421875 0.0390625
0 0.79140625 0.6125 0.0390625 0.03125
0 0.8109375 0.43203125 0.0453125 0.05
0 0.7921875 0.4640625 0.0421875 0.0484375
0 0.76171875 0.48671875 0.0453125 0.0484375
0 0.74765625 0.5234375 0.0453125 0.0484375
0 0.70390625 0.56484375 0.0484375 0.046875
0 0.67265625 0.5 0.0421875 0.0359375
0 0.7203125 0.46328125 0.0390625 0.0375
0 0.71328125 0.5046875 0.05625 0.0578125
0 0.571875 0.56015625 0.05625 0.0578125
0 0.6015625 0.615625 0.059375 0.0515625
0 0.6734375 0.63359375 0.0640625 0.0484375
0 0.6546875 0.59453125 0.05 0.046875
0 0.58984375 0.66015625 0.0640625 0.040625
0 0.5984375 0.5171875 0.05 0.0296875
0 0.56796875 0.4859375 0.05625 0.0390625
0 0.484375 0.54453125 0.05625 0.034375
0 0.4796875 0.5875 0.0390625 0.046875
0 0.52109375 0.60078125 0.0484375 0.0421875
0 0.55390625 0.334375 0.05 0.040625
0 0.4671875 0.31484375 0.059375 0.0390625
0 0.43359375 0.32421875 0.065625 0.0484375
0 0.38203125 0.31953125 0.0484375 0.0359375
0 0.34140625 0.346875 0.059375 0.0453125
0 0.27578125 0.34609375 0.05625 0.034375
0 0.253125 0.37265625 0.0484375 0.0390625
0 0.2015625 0.415625 0.034375 0.0484375
0 0.228125 0.4296875 0.0421875 0.05625
0 0.2546875 0.4171875 0.03125 0.05
0 0.290625 0.41875 0.0484375 0.0578125
0 0.30703125 0.3890625 0.0484375 0.040625
0 0.36875 0.43046875 0.0890625 0.0859375
0 0.41796875 0.3890625 0.046875 0.0390625
0 0.4390625 0.42109375 0.0359375 0.0390625
0 0.475 0.42890625 0.0375 0.0375
0 0.503125 0.40703125 0.0390625 0.0375
0 0.478125 0.36640625 0.0734375 0.04375
0 0.34296875 0.49453125 0.053125 0.0578125
0 0.2875 0.49765625 0.0484375 0.05625
0 0.23359375 0.5 0.0453125 0.05
0 0.17578125 0.4640625 0.0515625 0.0578125
0 0.11171875 0.54453125 0.05 0.0390625
0 0.06953125 0.4984375 0.05625 0.05625
0 0.065625 0.5546875 0.065625 0.05625
0 0.0953125 0.41328125 0.0609375 0.0453125
0 0.04609375 0.4390625 0.0421875 0.0328125
0 0.01484375 0.43203125 0.0296875 0.0296875
0 0.01796875 0.49296875 0.0359375 0.0328125
0 0.01484375 0.5171875 0.0296875 0.046875
0 0.01015625 0.70390625 0.0078125 0.046875
0 0.02578125 0.63671875 0.04375 0.0296875
0 0.0359375 0.6828125 0.0359375 0.046875
0 0.065625 0.6890625 0.05 0.0453125
0 0.11953125 0.71484375 0.046875 0.0484375
0 0.06796875 0.728125 0.0484375 0.034375
0 0.09296875 0.753125 0.0546875 0.0390625
0 0.07890625 0.63515625 0.0390625 0.053125
0 0.1203125 0.63203125 0.04375 0.0328125
0 0.1296875 0.665625 0.053125 0.040625
0 0.15546875 0.6125 0.05 0.040625
0 0.18828125 0.5828125 0.0546875 0.0421875
0 0.20546875 0.55078125 0.0484375 0.040625
0 0.26875 0.5734375 0.0609375 0.046875
0 0.44453125 0.4921875 0.05625 0.0296875
0 0.37734375 0.55078125 0.065625 0.0296875
0 0.3828125 0.58203125 0.065625 0.0421875
0 0.3875 0.6421875 0.0640625 0.059375
0 0.31640625 0.65 0.0609375 0.0453125
0 0.27890625 0.6171875 0.05625 0.0453125
0 0.2359375 0.653125 0.059375 0.0453125
0 0.28828125 0.70390625 0.0609375 0.0390625
0 0.2359375 0.70390625 0.0640625 0.046875
0 0.1953125 0.73828125 0.0546875 0.040625
0 0.35390625 0.6859375 0.0484375 0.0359375
0 0.08046875 0.86640625 0.06875 0.0578125
0 0.03203125 0.86171875 0.040625 0.0484375
0 0.021875 0.91328125 0.0171875 0.05
0 0.1171875 0.91015625 0.0609375 0.0453125
0 0.18359375 0.91328125 0.065625 0.046875
0 0.15859375 0.96015625 0.05625 0.059375
0 0.09921875 0.965625 0.053125 0.046875
0 0.03515625 0.996875 0.0359375 0.00625
0 0.1 0.9921875 0.04375 0.015625
0 0.203125 0.97109375 0.053125 0.0390625
0 0.22109375 0.98515625 0.0328125 0.0296875
0 0.2421875 0.9734375 0.0375 0.053125
0 0.27578125 0.98359375 0.0484375 0.0328125
0 0.2703125 0.91328125 0.0546875 0.046875
0 0.20703125 0.81171875 0.0515625 0.05625
0 0.23828125 0.7734375 0.046875 0.0359375
0 0.2609375 0.825 0.05 0.046875
0 0.29921875 0.77734375 0.0484375 0.040625
0 0.34921875 0.7640625 0.046875 0.0421875
0 0.37890625 0.80546875 0.05 0.0453125
0 0.3734375 0.84609375 0.046875 0.05625
0 0.4203125 0.84140625 0.0515625 0.05625
0 0.3953125 0.734375 0.0546875 0.0390625
0 0.446875 0.71484375 0.0546875 0.0453125
0 0.47890625 0.7515625 0.0484375 0.040625
0 0.48671875 0.79765625 0.053125 0.0390625
0 0.521875 0.778125 0.0390625 0.04375
0 0.52734375 0.81484375 0.05625 0.0484375
0 0.49140625 0.83203125 0.0421875 0.0421875
0 0.51640625 0.8625 0.0609375 0.0359375
0 0.56953125 0.78203125 0.0515625 0.05625
0 0.6265625 0.83046875 0.0765625 0.05
0 0.6359375 0.76484375 0.04375 0.046875
0 0.6078125 0.79765625 0.046875 0.0421875
0 0.6765625 0.76484375 0.0484375 0.046875
0 0.69765625 0.71328125 0.0515625 0.0515625
0 0.66953125 0.728125 0.046875 0.0484375
0 0.63125 0.69453125 0.0390625 0.0359375
0 0.58125 0.70546875 0.0515625 0.0484375
0 0.51015625 0.69921875 0.0640625 0.0453125
0 0.7484375 0.7625 0.0640625 0.046875
0 0.76328125 0.715625 0.0484375 0.053125
0 0.77734375 0.80390625 0.0625 0.0578125
0 0.7359375 0.8140625 0.0484375 0.0453125
0 0.6921875 0.82734375 0.053125 0.0421875
0 0.815625 0.7875 0.05625 0.0484375
0 0.85234375 0.7125 0.05 0.0453125
0 0.86328125 0.76875 0.0390625 0.0390625
0 0.8828125 0.734375 0.0421875 0.0421875
0 0.93359375 0.74375 0.0578125 0.05625
0 0.9421875 0.675 0.053125 0.0578125
0 0.96953125 0.70546875 0.0484375 0.0515625
0 0.8453125 0.640625 0.05625 0.053125
0 0.91328125 0.62578125 0.0515625 0.053125
0 0.93984375 0.584375 0.0421875 0.0421875
0 0.978125 0.621875 0.04375 0.05625
0 0.99296875 0.7375 0.0140625 0.034375
0 0.46484375 0.97265625 0.0765625 0.0546875
0 0.425 0.98984375 0.046875 0.0203125
0 0.52265625 0.91640625 0.0546875 0.0296875
0 0.5484375 0.93203125 0.059375 0.0453125
0 0.61953125 0.9015625 0.0828125 0.0578125
0 0.70390625 0.87265625 0.0875 0.0453125
0 0.75546875 0.91484375 0.0609375 0.046875
0 0.63046875 0.97109375 0.0578125 0.0515625
0 0.58828125 0.9796875 0.053125 0.0359375
0 0.68046875 0.97421875 0.046875 0.03125
0 0.7765625 0.946875 0.0546875 0.0390625
0 0.83984375 0.928125 0.046875 0.0390625
0 0.85625 0.89921875 0.0421875 0.0484375
0 0.83984375 0.8671875 0.053125 0.0421875
0 0.88828125 0.84609375 0.0484375 0.0421875
0 0.89296875 0.80859375 0.0703125 0.040625
0 0.9375 0.83203125 0.0328125 0.0328125
0 0.97421875 0.796875 0.04375 0.0359375
0 0.9984375 0.809375 0.003125 0.04375
0 0.978125 0.86171875 0.04375 0.0421875
0 0.95 0.90390625 0.0484375 0.0421875
0 0.90390625 0.90546875 0.0421875 0.0421875
0 0.8734375 0.96796875 0.059375 0.040625
0 0.92734375 0.9734375 0.0421875 0.025
0 0.94375 0.95 0.0421875 0.0421875
0 0.9703125 0.97265625 0.0375 0.021875
