0 0.078125 0.0046875 0.05 0.009375
0 0.11953125 0.0046875 0.0359375 0.009375
0 0.16484375 0.00390625 0.0453125 0.0078125
0 0.21328125 0.0046875 0.0453125 0.009375
0 0.078125 0.00546875 0.046875 0.0109375
0 0.06328125 0.009375 0.0265625 0.01875
0 0.059375 0.04453125 0.034375 0.0625
0 0.1125 0.05234375 0.053125 0.046875
0 0.16015625 0.01015625 0.0546875 0.0203125
0 0.21875 0.01640625 0.05 0.0328125
0 0.209375 0.00546875 0.046875 0.0109375
0 0.26171875 0.00546875 0.0421875 0.0109375
0 0.26796875 0.009375 0.0421875 0.01875
0 0.31015625 0.0078125 0.0546875 0.015625
0 0.28515625 0.02578125 0.04375 0.0390625
0 0.30859375 0.0046875 0.0390625 0.009375
0 0.3484375 0.0046875 0.0375 0.009375
0 0.3828125 0.0046875 0.040625 0.009375
0 0.153125 0.13515625 0.0546875 0.040625
0 0.11328125 0.15703125 0.0453125 0.0390625
0 0.06015625 0.1421875 0.0453125 0.05
0 0.04375 0.1671875 0.028125 0.040625
0 0.03984375 0.19921875 0.0265625 0.0484375
0 0.0546875 0.2203125 0.0609375 0.059375
0 0.0296875 0.2875 0.0234375 0.0453125
0 0.02734375 0.31953125 0.0265625 0.0546875
0 0.02421875 0.321875 0.021875 0.0453125
0 0.034375 0.2078125 0.0171875 0.0421875
0 0.06328125 0.265625 0.053125 0.0515625
0 0.10859375 0.28046875 0.0484375 0.05625
0 0.1453125 0.2609375 0.0421875 0.0453125
0 0.15546875 0.21328125 0.0390625 0.0453125
0 0.18828125 0.1859375 0.05 0.0453125
0 0.2203125 0.203125 0.04375 0.0484375
0 0.25546875 0.2 0.04375 0.0453125
0 0.1984375 0.24453125 0.0390625 0.05
0 0.23359375 0.25703125 0.0421875 0.05
0 0.28203125 0.2578125 0.0453125 0.0453125
0 0.175 0.2984375 0.046875 0.0390625
0 0.34765625 0.10703125 0.0484375 0.0484375
0 0.3671875 0.146875 0.0484375 0.0484375
0 0.41875 0.0234375 0.0359375 0.040625
0 0.4609375 0.01328125 0.053125 0.0265625
0 0.44609375 0.00625 0.0421875 0.0125
0 0.5125 0.03359375 0.05 0.0390625
0 0.5609375 0.01953125 0.04375 0.034375
0 0.60859375 0.01640625 0.0515625 0.0203125
0 0.6578125 0.028125 0.046875 0.0328125
0 0.625 0.04609375 0.05625 0.046875
0 0.70546875 0.03203125 0.0421875 0.03125
0 0.4359375 0.1171875 0.0390625 0.0625
0 0.48359375 0.1203125 0.0453125 0.0375
0 0.475 0.1453125 0.04375 0.0453125
0 0.446875 0.16953125 0.046875 0.0421875
0 0.41953125 0.2 0.0390625 0.046875
0 0.42265625 0.2546875 0.05 0.05
0 0.45546875 0.21171875 0.04375 0.0453125
0 0.48359375 0.2640625 0.0453125 0.0484375
0 0.53046875 0.23984375 0.040625 0.040625
0 0.55 0.2765625 0.0390625 0.0359375
0 0.515625 0.29375 0.0375 0.03125
0 0.4984375 0.20234375 0.0390625 0.046875
0 0.5359375 0.18671875 0.0546875 0.040625
0 0.53203125 0.134375 0.0640625 0.06875
0 0.58125 0.11953125 0.0484375 0.0546875
0 0.60703125 0.1609375 0.0453125 0.0484375
0 0.63125 0.2140625 0.0578125 0.0578125
0 0.6015625 0.2859375 0.0390625 0.04375
0 0.6609375 0.2734375 0.0515625 0.059375
0 0.703125 0.27890625 0.0421875 0.0515625
0 0.67734375 0.2109375 0.059375 0.05625
0 0.6484375 0.15234375 0.0515625 0.0546875
0 0.7046875 0.11640625 0.046875 0.065625
0 0.7875 0.0953125 0.0515625 0.0421875
0 0.759375 0.153125 0.05625 0.0515625
0 0.753125 0.2015625 0.040625 0.040625
0 0.7921875 0.24375 0.046875 0.053125
0 0.83828125 0.246875 0.0546875 0.0484375
0 0.8140625 0.1859375 0.06875 0.0609375
0 0.82578125 0.134375 0.0734375 0.0578125
0 0.89609375 0.11171875 0.065625 0.05
0 0.903125 0.14921875 0.053125 0.0484375
0 0.88046875 0.2265625 0.0515625 0.053125
0 0.915625 0.25703125 0.0515625 0.040625
0 0.946875 0.21875 0.0484375 0.053125
0 0.95234375 0.1625 0.0484375 0.05
0 0.984375 0.1515625 0.03125 0.059375
0 0.96328125 0.25703125 0.0546875 0.0453125
0 0.8546875 0.04609375 0.046875 0.028125
0 0.80546875 0.03984375 0.0390625 0.0234375
0 0.8015625 0.04296875 0.046875 0.0328125
0 0.8609375 0.0484375 0.046875 0.03125
0 0.90703125 0.05078125 0.05 0.0265625
0 0.9359375 0.06484375 0.0609375 0.05
0 0.96015625 0.05546875 0.04375 0.0234375
0 0.9890625 0.06015625 0.021875 0.0265625
0 0.99453125 0.07578125 0.0109375 0.0453125
0 0.78125 0.31328125 0.0546875 0.040625
0 0.73828125 0.3421875 0.0453125 0.0390625
0 0.7453125 0.3734375 0.0578125 0.0578125
0 0.79375 0.41015625 0.0484375 0.053125
0 0.83828125 0.41796875 0.046875 0.059375
0 0.834375 0.32734375 0.059375 0.046875
0 0.89375 0.3140625 0.04375 0.034375
0 0.8671875 0.28671875 0.053125 0.0328125
0 0.94453125 0.30390625 0.0546875 0.040625
0 0.97109375 0.33828125 0.05625 0.0484375
0 0.9296875 0.3875 0.059375 0.05625
0 0.86796875 0.36875 0.0578125 0.0453125
0 0.865625 0.453125 0.0515625 0.065625
0 0.953125 0.4265625 0.0625 0.0546875
0 0.96484375 0.47578125 0.06875 0.0640625
0 0.9140625 0.515625 0.0453125 0.0375
0 0.97578125 0.54765625 0.0484375 0.053125
0 0.8234375 0.5234375 0.0703125 0.0578125
0 0.87109375 0.5828125 0.078125 0.0515625
0 0.80703125 0.61640625 0.05 0.04375
0 0.72890625 0.61484375 0.0640625 0.0515625
0 0.67578125 0.62265625 0.0515625 0.0546875
0 0.6703125 0.67421875 0.0453125 0.04375
0 0.71875 0.65703125 0.0421875 0.034375
0 0.76484375 0.478125 0.0484375 0.0546875
0 0.740625 0.5078125 0.046875 0.053125
0 0.70703125 0.5265625 0.0484375 0.053125
0 0.6875 0.56171875 0.0484375 0.053125
0 0.6375 0.596875 0.053125 0.0515625
0 0.61484375 0.528125 0.0453125 0.0390625
0 0.66796875 0.49609375 0.04375 0.0421875
0 0.65625 0.53828125 0.0609375 0.0625
0 0.50390625 0.5734375 0.0609375 0.0625
0 0.5265625 0.634375 0.0640625 0.05625
0 0.596875 0.6625 0.06875 0.0546875
0 0.5828125 0.6203125 0.0546875 0.0515625
0 0.50859375 0.67734375 0.0671875 0.046875
0 0.5375 0.53359375 0.053125 0.0328125
0 0.5109375 0.49765625 0.0609375 0.04375
0 0.41796875 0.5453125 0.059375 0.0390625
0 0.40703125 0.58828125 0.04375 0.05
0 0.446875 0.60859375 0.053125 0.046875
0 0.5171875 0.34296875 0.0546875 0.0453125
0 0.4328125 0.3109375 0.0625 0.04375
0 0.3984375 0.31484375 0.0703125 0.0546875
0 0.34609375 0.303125 0.0515625 0.040625
0 0.3015625 0.325 0.0640625 0.05
0 0.23515625 0.3140625 0.059375 0.0390625
0 0.20859375 0.33828125 0.0515625 0.0421875
0 0.15 0.375 0.0375 0.0515625
0 0.175 0.39296875 0.046875 0.0609375
0 0.203125 0.384375 0.0359375 0.053125
0 0.240625 0.39140625 0.0546875 0.0625
0 0.2609375 0.3625 0.0515625 0.0453125
0 0.3171875 0.41328125 0.0953125 0.09375
0 0.37265625 0.378125 0.05 0.04375
0 0.38984375 0.4140625 0.0390625 0.04375
0 0.425 0.4265625 0.040625 0.040625
0 0.45703125 0.40859375 0.04375 0.0421875
0 0.4375 0.36484375 0.078125 0.0484375
0 0.28203125 0.475 0.0578125 0.0625
0 0.225 0.4703125 0.053125 0.059375
0 0.1703125 0.46484375 0.0484375 0.0546875
0 0.1171875 0.41953125 0.05625 0.0625
0 0.04140625 0.49296875 0.0546875 0.0421875
0 0.0171875 0.44140625 0.034375 0.0578125
0 0.01640625 0.49765625 0.0328125 0.0578125
0 0.04296875 0.35625 0.065625 0.05
0 0.0203125 0.38046875 0.0234375 0.034375
0 0.02265625 0.37109375 0.0265625 0.0296875
0 0.0171875 0.43515625 0.0296875 0.0359375
0 0.01171875 0.45859375 0.0234375 0.0484375
0 0.00234375 0.64609375 0.0046875 0.0484375
0 0.00625 0.58046875 0.0125 0.0296875
0 0.00546875 0.6265625 0.0109375 0.046875
0 0.00703125 0.63359375 0.0140625 0.0453125
0 0.025 0.665625 0.05 0.053125
0 0.00625 0.675 0.0125 0.034375
0 0.01171875 0.70078125 0.0234375 0.0421875
0 0.00703125 0.578125 0.0140625 0.053125
0 0.0375 0.5828125 0.046875 0.0375
0 0.0421875 0.61796875 0.05625 0.0453125
0 0.075 0.56796875 0.0546875 0.0453125
0 0.11328125 0.5421875 0.059375 0.046875
0 0.13515625 0.5125 0.0515625 0.0453125
0 0.1953125 0.54453125 0.065625 0.0515625
0 0.384375 0.48671875 0.059375 0.034375
0 0.30859375 0.53671875 0.06875 0.034375
0 0.309375 0.56953125 0.0703125 0.0484375
0 0.30625 0.63046875 0.06875 0.065625
0 0.2328125 0.628125 0.065625 0.05
0 0.19921875 0.5890625 0.0609375 0.05
0 0.1515625 0.61953125 0.0640625 0.05
0 0.196875 0.67890625 0.065625 0.04375
0 0.14375 0.6703125 0.0671875 0.053125
0 0.0984375 0.70078125 0.0578125 0.0453125
0 0.26640625 0.66953125 0.0515625 0.040625
0 0.009375 0.815625 0.01875 0.059375
0 0.00625 0.8078125 0.0125 0.05
0 0.0046875 0.85859375 0.009375 0.0515625
0 0.01640625 0.8640625 0.0328125 0.05
0 0.06171875 0.8765625 0.0703125 0.053125
0 0.0296875 0.91796875 0.059375 0.0640625
0 0.0109375 0.9171875 0.021875 0.05
0 0.07265625 0.93671875 0.05625 0.0421875
0 0.08984375 0.94921875 0.034375 0.0234375
0 0.1125 0.940625 0.0421875 0.0453125
0 0.14609375 0.95546875 0.05 0.025
0 0.15 0.8875 0.059375 0.0515625
0 0.09921875 0.7765625 0.05625 0.059375
0 0.1359375 0.74140625 0.05 0.0390625
0 0.15234375 0.79765625 0.0546875 0.0515625
0 0.19765625 0.7546875 0.0515625 0.0453125
0 0.25 0.74765625 0.05 0.0453125
0 0.27421875 0.79375 0.0546875 0.0484375
0 0.26328125 0.83515625 0.0515625 0.0609375
0 0.31171875 0.8359375 0.05625 0.059375
0 0.3015625 0.725 0.0578125 0.04375
0 0.35546875 0.71171875 0.059375 0.05
0 0.3828125 0.7546875 0.0515625 0.0453125
0 0.384375 0.80234375 0.05625 0.0421875
0 0.4234375 0.7875 0.04375 0.0484375
0 0.42265625 0.825 0.059375 0.053125
0 0.384375 0.8375 0.0453125 0.0453125
0 0.40625 0.871875 0.065625 0.0421875
0 0.46953125 0.79765625 0.05625 0.059375
0 0.52109375 0.8546875 0.08125 0.05625
0 0.53984375 0.78984375 0.0484375 0.05
0 0.50703125 0.81953125 0.05 0.0453125
0 0.58125 0.79609375 0.053125 0.0515625
0 0.61015625 0.74609375 0.05625 0.05625
0 0.5796875 0.75703125 0.0515625 0.053125
0 0.5453125 0.71875 0.04375 0.0390625
0 0.49296875 0.72265625 0.05625 0.053125
0 0.421875 0.70546875 0.0671875 0.05
0 0.65390625 0.80390625 0.0671875 0.053125
0 0.67578125 0.75859375 0.053125 0.0578125
0 0.67734375 0.84921875 0.0671875 0.0625
0 0.63515625 0.85390625 0.053125 0.0484375
0 0.5875 0.8609375 0.05625 0.046875
0 0.71875 0.83828125 0.059375 0.053125
0 0.76640625 0.76875 0.0546875 0.0484375
0 0.76953125 0.82578125 0.04375 0.04375
0 0.79453125 0.79375 0.0453125 0.0453125
0 0.84453125 0.81015625 0.0625 0.0609375
0 0.8625 0.74296875 0.0578125 0.0625
0 0.8859375 0.778125 0.053125 0.05625
0 0.76953125 0.69375 0.059375 0.0578125
0 0.840625 0.68828125 0.05625 0.0578125
0 0.87265625 0.65078125 0.0453125 0.0453125
0 0.91328125 0.69453125 0.059375 0.059375
0 0.965625 0.69375 0.0390625 0.0625
0 0.96015625 0.63203125 0.0625 0.0578125
0 0.92578125 0.815625 0.05625 0.040625
0 0.33828125 0.96796875 0.0796875 0.04375
0 0.403125 0.92734375 0.0578125 0.034375
0 0.428125 0.94609375 0.0640625 0.05
0 0.50390625 0.9265625 0.0890625 0.065625
0 0.59375 0.90859375 0.0921875 0.053125
0 0.63984375 0.959375 0.065625 0.0515625
0 0.50625 0.984375 0.059375 0.03125
0 0.4609375 0.98984375 0.053125 0.0203125
0 0.55625 0.9953125 0.046875 0.009375
0 0.65546875 0.9859375 0.0578125 0.028125
0 0.7234375 0.98125 0.05 0.0375
0 0.74375 0.9578125 0.046875 0.053125
0 0.73125 0.92265625 0.05625 0.046875
0 0.7828125 0.9078125 0.053125 0.046875
0 0.79453125 0.8703125 0.0734375 0.046875
0 0.8359375 0.90078125 0.0359375 0.0359375
0 0.878125 0.8703125 0.046875 0.0390625
0 0.92578125 0.8890625 0.0546875 0.0484375
0 0.87734375 0.93828125 0.05625 0.046875
0 0.9359375 0.98359375 0.034375 0.0328125
0 0.83828125 0.97578125 0.053125 0.046875
0 0.79140625 0.9703125 0.0453125 0.0453125
