0 0.0046875 0.18515625 0.009375 0.0359375
0 0.01171875 0.165625 0.0234375 0.053125
0 0.009375 0.209375 0.01875 0.034375
0 0.01171875 0.24140625 0.0234375 0.0421875
0 0.0609375 0.209375 0.04375 0.0390625
0 0.11171875 0.190625 0.05 0.034375
0 0.07890625 0.14609375 0.0453125 0.0484375
0 0.01640625 0.128125 0.0328125 0.04375
0 0.01640625 0.09765625 0.0328125 0.0296875
0 0.0375 0.08671875 0.0453125 0.0203125
0 0.08125 0.07890625 0.0421875 0.021875
0 0.10546875 0.0953125 0.053125 0.053125
0 0.1375 0.14453125 0.0625 0.0671875
0 0.17890625 0.11875 0.0390625 0.040625
0 0.1609375 0.078125 0.04375 0.0484375
0 0.1953125 0.06015625 0.0421875 0.0265625
0 0.21484375 0.103125 0.0484375 0.0515625
0 0.24140625 0.06171875 0.0484375 0.0484375
0 0.27421875 0.04375 0.040625 0.025
0 0.3140625 0.08671875 0.046875 0.0390625
0 0.321875 0.1109375 0.034375 0.040625
0 0.3546875 0.07578125 0.0546875 0.0546875
0 0.3328125 0.04296875 0.0421875 0.04375
0 0.3421875 0.13828125 0.0515625 0.04375
0 0.3953125 0.125 0.0578125 0.046875
0 0.40703125 0.08203125 0.0484375 0.0484375
0 0.4421875 0.05234375 0.04375 0.040625
0 0.4546875 0.08359375 0.0484375 0.0484375
0 0.484375 0.0359375 0.040625 0.059375
0 0.509375 0.07109375 0.046875 0.0390625
0 0.5265625 0.0359375 0.04375 0.0484375
0 0.56484375 0.028125 0.0640625 0.05625
0 0.55546875 0.07578125 0.040625 0.0328125
0 0.61015625 0.04375 0.0421875 0.04375
0 0.6109375 0.01328125 0.04375 0.0265625
0 0.65234375 0.00703125 0.0359375 0.0140625
0 0.65390625 0.01640625 0.0421875 0.0328125
0 0.696875 0.00859375 0.046875 0.0171875
0 0.7078125 0.01484375 0.046875 0.0296875
0 0.753125 0.0125 0.053125 0.025
0 0.8046875 0.0125 0.053125 0.025
0 0.8375 0.01015625 0.059375 0.0203125
0 0.8765625 0.01015625 0.05 0.0203125
0 0.88671875 0.00390625 0.0203125 0.0078125
0 0.85546875 0.0125 0.0515625 0.025
0 0.7828125 0.00859375 0.05 0.0171875
0 0.85546875 0.0609375 0.0515625 0.040625
0 0.8609375 0.08671875 0.040625 0.0421875
0 0.809375 0.0515625 0.0546875 0.0484375
0 0.76171875 0.05625 0.05625 0.04375
0 0.77265625 0.0859375 0.0453125 0.0390625
0 0.68046875 0.08046875 0.04375 0.0546875
0 0.72421875 0.07421875 0.0546875 0.0609375
0 0.65078125 0.1234375 0.053125 0.05625
0 0.659375 0.1765625 0.0484375 0.0484375
0 0.70859375 0.14140625 0.0546875 0.05625
0 0.896875 0.0203125 0.034375 0.040625
0 0.90703125 0.05859375 0.0390625 0.046875
0 0.86796875 0.16015625 0.0546875 0.04375
0 0.8328125 0.1375 0.0609375 0.0453125
0 0.825 0.1828125 0.0484375 0.0421875
0 0.78125 0.16484375 0.0703125 0.0625
0 0.74921875 0.1875 0.0421875 0.04375
0 0.70625 0.19453125 0.0625 0.0546875
0 0.60078125 0.1125 0.071875 0.0640625
0 0.53046875 0.12265625 0.05 0.0359375
0 0.565625 0.1515625 0.0578125 0.059375
0 0.5875 0.18671875 0.053125 0.05625
0 0.60234375 0.24765625 0.0390625 0.05
0 0.6453125 0.25234375 0.059375 0.053125
0 0.53046875 0.1765625 0.059375 0.059375
0 0.54453125 0.21484375 0.05625 0.0546875
0 0.546875 0.290625 0.053125 0.046875
0 0.52578125 0.32109375 0.0375 0.040625
0 0.4765625 0.32109375 0.053125 0.046875
0 0.49921875 0.28125 0.0375 0.040625
0 0.47421875 0.26484375 0.0375 0.0453125
0 0.46484375 0.215625 0.0421875 0.046875
0 0.43515625 0.18671875 0.0390625 0.04375
0 0.4375 0.15703125 0.0390625 0.0453125
0 0.40390625 0.16796875 0.040625 0.0375
0 0.40234375 0.196875 0.05 0.04375
0 0.37265625 0.225 0.05625 0.05625
0 0.365625 0.2765625 0.0390625 0.04375
0 0.3921875 0.3078125 0.0625 0.05
0 0.43828125 0.2859375 0.04375 0.0421875
0 0.403125 0.2578125 0.0453125 0.0515625
0 0.428125 0.2421875 0.0515625 0.059375
0 0.27734375 0.19375 0.0625 0.0546875
0 0.3109375 0.21875 0.04375 0.0421875
0 0.33671875 0.2546875 0.046875 0.04375
0 0.31328125 0.2859375 0.0484375 0.0484375
0 0.18125 0.20859375 0.0640625 0.046875
0 0.121875 0.25 0.046875 0.034375
0 0.0875 0.26484375 0.04375 0.0375
0 0.05390625 0.28359375 0.05 0.0421875
0 0.08671875 0.3 0.0546875 0.04375
0 0.05625 0.346875 0.0484375 0.0453125
0 0.0140625 0.37109375 0.028125 0.0546875
0 0.05234375 0.38046875 0.046875 0.0375
0 0.0734375 0.41171875 0.046875 0.0453125
0 0.00625 0.37578125 0.0125 0.0359375
0 0.00390625 0.41875 0.0078125 0.04375
0 0.00546875 0.465625 0.0109375 0.034375
0 0.0203125 0.484375 0.040625 0.046875
0 0.03515625 0.44140625 0.046875 0.0453125
0 0.06328125 0.453125 0.04375 0.046875
0 0.11328125 0.4046875 0.0515625 0.0625
0 0.17734375 0.40703125 0.059375 0.0609375
0 0.14140625 0.38359375 0.05 0.05
0 0.134375 0.34453125 0.05 0.0578125
0 0.2109375 0.3546875 0.0453125 0.0390625
0 0.18515625 0.35703125 0.0453125 0.05625
0 0.1546875 0.3078125 0.04375 0.0484375
0 0.18359375 0.31328125 0.04375 0.0390625
0 0.2265625 0.309375 0.053125 0.0578125
0 0.26015625 0.34453125 0.04375 0.0484375
0 0.03046875 0.52265625 0.0578125 0.040625
0 0.06796875 0.49765625 0.0546875 0.04375
0 0.0234375 0.61015625 0.03125 0.0578125
0 0.06171875 0.628125 0.059375 0.0578125
0 0.109375 0.61484375 0.0546875 0.0484375
0 0.153125 0.53359375 0.05625 0.0703125
0 0.215625 0.43515625 0.046875 0.0453125
0 0.228125 0.4796875 0.034375 0.046875
0 0.2546875 0.47734375 0.0390625 0.053125
0 0.265625 0.4390625 0.0578125 0.053125
0 0.2796875 0.3984375 0.053125 0.0484375
0 0.31640625 0.37421875 0.046875 0.0375
0 0.21328125 0.55625 0.065625 0.0640625
0 0.265625 0.55 0.0578125 0.0625
0 0.31484375 0.53515625 0.0625 0.0703125
0 0.30625 0.46171875 0.0421875 0.05
0 0.35 0.46796875 0.0453125 0.0578125
0 0.3703125 0.4390625 0.0453125 0.0515625
0 0.4 0.4515625 0.0484375 0.0546875
0 0.40078125 0.39453125 0.0484375 0.0484375
0 0.440625 0.39453125 0.0390625 0.0453125
0 0.440625 0.44453125 0.053125 0.065625
0 0.4796875 0.43671875 0.04375 0.0484375
0 0.5140625 0.396875 0.0453125 0.0515625
0 0.4171875 0.52265625 0.053125 0.053125
0 0.71796875 0.25859375 0.0546875 0.0484375
0 0.7703125 0.253125 0.05625 0.0546875
0 0.8078125 0.228125 0.0546875 0.0375
0 0.86953125 0.240625 0.059375 0.0546875
0 0.946875 0.25390625 0.0375 0.0546875
0 0.93359375 0.17578125 0.0328125 0.046875
0 0.8859375 0.3140625 0.0421875 0.046875
0 0.80859375 0.28828125 0.0546875 0.05625
0 0.7953125 0.33359375 0.053125 0.0484375
0 0.75 0.3515625 0.0546875 0.0609375
0 0.70234375 0.33984375 0.0484375 0.0484375
0 0.68359375 0.30078125 0.0421875 0.0421875
0 0.840625 0.31875 0.0421875 0.0421875
0 0.8609375 0.35625 0.04375 0.040625
0 0.91953125 0.3515625 0.059375 0.0671875
0 0.88203125 0.4109375 0.0484375 0.0453125
0 0.8265625 0.39140625 0.0578125 0.05
0 0.9796875 0.54296875 0.040625 0.0640625
0 0.95703125 0.49921875 0.0671875 0.059375
0 0.98359375 0.4 0.0203125 0.0453125
0 0.953125 0.42421875 0.0453125 0.0359375
0 0.8734375 0.4921875 0.0609375 0.0484375
0 0.82421875 0.525 0.053125 0.053125
0 0.78828125 0.4328125 0.0625 0.0484375
0 0.75546875 0.403125 0.04375 0.0390625
0 0.7296875 0.4296875 0.0484375 0.0421875
0 0.7015625 0.4609375 0.0578125 0.0421875
0 0.66015625 0.4640625 0.04375 0.040625
0 0.690625 0.496875 0.059375 0.0515625
0 0.62890625 0.49140625 0.0578125 0.053125
0 0.6625 0.55625 0.05 0.0421875
0 0.64921875 0.5265625 0.05 0.04375
0 0.59453125 0.47890625 0.0546875 0.0484375
0 0.55703125 0.51328125 0.08125 0.0546875
0 0.54921875 0.565625 0.075 0.071875
0 0.4984375 0.6140625 0.071875 0.065625
0 0.45703125 0.5640625 0.065625 0.046875
0 0.56015625 0.6453125 0.0484375 0.0421875
0 0.61640625 0.62109375 0.065625 0.0546875
0 0.61484375 0.5734375 0.0640625 0.05625
0 0.709375 0.56875 0.0640625 0.0625
0 0.74453125 0.5375 0.0640625 0.0609375
0 0.709375 0.6109375 0.046875 0.0390625
0 0.75703125 0.58359375 0.0578125 0.0453125
0 0.809375 0.58515625 0.0609375 0.05
0 0.7734375 0.61328125 0.0484375 0.04375
0 0.86640625 0.5671875 0.05625 0.0546875
0 0.92890625 0.559375 0.059375 0.0671875
0 0.9046875 0.61484375 0.0578125 0.0609375
0 0.93046875 0.64140625 0.0484375 0.0484375
0 0.896875 0.678125 0.059375 0.0546875
0 0.82734375 0.6703125 0.046875 0.059375
0 0.79375 0.675 0.0359375 0.0375
0 0.840625 0.7015625 0.0390625 0.04375
0 0.97421875 0.671875 0.0515625 0.05625
0 0.93515625 0.6984375 0.0453125 0.0359375
0 0.90703125 0.71796875 0.040625 0.040625
0 0.36875 0.6078125 0.05625 0.05625
0 0.378125 0.66640625 0.0703125 0.06875
0 0.35078125 0.71796875 0.05 0.0515625
0 0.32734375 0.6953125 0.075 0.0625
0 0.2859375 0.675 0.0453125 0.0390625
0 0.2640625 0.6484375 0.0546875 0.04375
0 0.26796875 0.61953125 0.0625 0.0546875
0 0.20625 0.61328125 0.046875 0.0421875
0 0.19453125 0.64140625 0.05625 0.053125
0 0.30390625 0.74140625 0.0546875 0.04375
0 0.27890625 0.7125 0.05 0.0390625
0 0.24765625 0.69453125 0.0609375 0.05
0 0.23984375 0.74921875 0.053125 0.053125
0 0.21953125 0.78515625 0.059375 0.040625
0 0.13203125 0.66328125 0.0609375 0.0484375
0 0.109375 0.696875 0.0671875 0.0515625
0 0.13515625 0.7203125 0.0515625 0.04375
0 0.1484375 0.765625 0.0515625 0.059375
0 0.12421875 0.8109375 0.0671875 0.04375
0 0.103125 0.77578125 0.0515625 0.040625
0 0.06484375 0.75703125 0.05625 0.0640625
0 0.08359375 0.9171875 0.03125 0.046875
0 0.1265625 0.91953125 0.06875 0.065625
0 0.0921875 0.971875 0.028125 0.0546875
0 0.1171875 0.984375 0.05625 0.03125
0 0.165625 0.965625 0.05 0.040625
0 0.1625 0.98828125 0.05625 0.0234375
0 0.2125 0.97890625 0.071875 0.0421875
0 0.23125 0.95859375 0.0625 0.0578125
0 0.31015625 0.934375 0.046875 0.0375
0 0.29921875 0.98125 0.0578125 0.0375
0 0.24140625 0.85 0.046875 0.046875
0 0.26484375 0.815625 0.0640625 0.0484375
0 0.30625 0.853125 0.05625 0.0546875
0 0.30859375 0.79921875 0.040625 0.04375
0 0.3625 0.79921875 0.0484375 0.0453125
0 0.39921875 0.82265625 0.0625 0.05625
0 0.4125 0.9015625 0.0359375 0.0328125
0 0.4515625 0.90859375 0.0515625 0.040625
0 0.4234375 0.8515625 0.084375 0.0734375
0 0.48515625 0.765625 0.065625 0.0546875
0 0.49921875 0.79765625 0.0453125 0.0515625
0 0.5171875 0.8390625 0.046875 0.034375
0 0.4578125 0.73359375 0.0515625 0.0390625
0 0.57421875 0.69296875 0.059375 0.053125
0 0.62109375 0.6828125 0.0578125 0.04375
0 0.65625 0.70703125 0.05 0.053125
0 0.63359375 0.74921875 0.0703125 0.059375
0 0.615625 0.80546875 0.0671875 0.0453125
0 0.63828125 0.8296875 0.0453125 0.0375
0 0.68125 0.8015625 0.0515625 0.040625
0 0.575 0.7640625 0.071875 0.065625
0 0.72578125 0.7796875 0.0453125 0.0453125
0 0.7328125 0.715625 0.0546875 0.0484375
0 0.73984375 0.690625 0.04375 0.0484375
0 0.99453125 0.88984375 0.0109375 0.0421875
0 0.9734375 0.89609375 0.0515625 0.05
0 0.925 0.90625 0.053125 0.0484375
0 0.87890625 0.90625 0.04375 0.0484375
0 0.840625 0.8578125 0.053125 0.053125
0 0.8234375 0.8140625 0.0484375 0.0484375
0 0.94375 0.83046875 0.0515625 0.0515625
0 0.90234375 0.82890625 0.0546875 0.0546875
0 0.87890625 0.77890625 0.046875 0.0453125
0 0.91484375 0.753125 0.0515625 0.0453125
0 0.96015625 0.77265625 0.0609375 0.0640625
0 0.78203125 0.89140625 0.046875 0.053125
0 0.7578125 0.8640625 0.053125 0.053125
0 0.634375 0.8796875 0.0828125 0.0671875
0 0.53984375 0.9 0.05625 0.0390625
0 0.57109375 0.91328125 0.0609375 0.0453125
0 0.65859375 0.93984375 0.059375 0.0609375
0 0.70703125 0.93359375 0.059375 0.059375
0 0.61328125 0.953125 0.046875 0.053125
0 0.5109375 0.975 0.040625 0.05
0 0.47890625 0.98359375 0.0515625 0.0328125
0 0.475 0.93671875 0.05625 0.0390625
