0 0.0765625 0.0140625 0.021875 0.028125
0 0.0765625 0.01171875 0.025 0.0234375
0 0.0734375 0.02890625 0.0296875 0.0453125
0 0.07578125 0.01484375 0.0296875 0.0296875
0 0.08203125 0.00390625 0.0203125 0.0078125
0 0.0828125 0.0046875 0.021875 0.009375
0 0.08203125 0.00703125 0.0234375 0.0140625
0 0.0984375 0.01171875 0.059375 0.0234375
0 0.11015625 0.009375 0.0546875 0.01875
0 0.15859375 0.0109375 0.0578125 0.021875
0 0.1390625 0.00625 0.046875 0.0125
0 0.103125 0.00546875 0.034375 0.0109375
0 0.08046875 0.00390625 0.0171875 0.0078125
0 0.15 0.0046875 0.0375 0.009375
0 0.1984375 0.0078125 0.05625 0.015625
0 0.209375 0.00625 0.05 0.0125
0 0.225 0.00859375 0.05 0.0171875
0 0.28125 0.01015625 0.053125 0.0203125
0 0.2484375 0.0078125 0.05 0.015625
0 0.24375 0.0078125 0.05625 0.015625
0 0.290625 0.00546875 0.0375 0.0109375
0 0.334375 0.00546875 0.05 0.0109375
0 0.34609375 0.00625 0.0578125 0.0125
0 0.4109375 0.00546875 0.04375 0.0109375
0 0.375 0.00859375 0.053125 0.0171875
0 0.38515625 0.0296875 0.046875 0.040625
0 0.4359375 0.02734375 0.0453125 0.05
0 0.46640625 0.0140625 0.0484375 0.028125
0 0.51484375 0.009375 0.0484375 0.01875
0 0.52265625 0.0171875 0.0515625 0.034375
0 0.57109375 0.0125 0.0484375 0.0203125
0 0.584375 0.0265625 0.05625 0.0453125
0 0.61796875 0.02421875 0.0453125 0.03125
0 0.68125 0.03046875 0.0546875 0.028125
0 0.6671875 0.0265625 0.0390625 0.0203125
0 0.64296875 0.04375 0.0671875 0.040625
0 0.77265625 0.0453125 0.05 0.0296875
0 0.7640625 0.04453125 0.046875 0.03125
0 0.72421875 0.03828125 0.0359375 0.028125
0 0.7015625 0.03359375 0.05 0.0265625
0 0.825 0.0546875 0.05 0.034375
0 0.8234375 0.05 0.0390625 0.0234375
0 0.8484375 0.05234375 0.0578125 0.0234375
0 0.884375 0.0609375 0.0515625 0.0296875
0 0.86875 0.06328125 0.046875 0.0390625
0 0.9 0.06171875 0.0484375 0.0265625
0 0.93984375 0.06875 0.0515625 0.0296875
0 0.9796875 0.0703125 0.040625 0.021875
0 0.98515625 0.08203125 0.0296875 0.0390625
0 0.9515625 0.08671875 0.04375 0.0328125
0 0.93515625 0.0703125 0.0609375 0.0359375
0 0.97421875 0.14609375 0.0515625 0.0578125
0 0.92578125 0.10625 0.0515625 0.04375
0 0.8765625 0.09765625 0.0546875 0.0484375
0 0.83203125 0.10625 0.0375 0.04375
0 0.87578125 0.13671875 0.0546875 0.04375
0 0.91953125 0.21328125 0.0546875 0.053125
0 0.94453125 0.25234375 0.0640625 0.0578125
0 0.89609375 0.26328125 0.06875 0.0609375
0 0.85390625 0.22265625 0.06875 0.0703125
0 0.79375 0.18203125 0.08125 0.065625
0 0.7828125 0.1 0.0640625 0.0578125
0 0.7265625 0.12578125 0.0671875 0.0640625
0 0.7171875 0.1828125 0.0546875 0.053125
0 0.753125 0.21875 0.0578125 0.0578125
0 0.80390625 0.23671875 0.05625 0.0640625
0 0.66171875 0.090625 0.075 0.0640625
0 0.5953125 0.08125 0.059375 0.053125
0 0.6171875 0.125 0.05625 0.059375
0 0.63359375 0.17734375 0.0609375 0.0640625
0 0.628125 0.24921875 0.0515625 0.0546875
0 0.665625 0.26640625 0.05625 0.05625
0 0.5859375 0.1953125 0.0703125 0.0640625
0 0.58359375 0.14453125 0.0640625 0.0515625
0 0.5453125 0.07890625 0.0515625 0.04375
0 0.4859375 0.075 0.05 0.0484375
0 0.49140625 0.15234375 0.0546875 0.0515625
0 0.54765625 0.2640625 0.0515625 0.04375
0 0.575 0.3015625 0.05625 0.04375
0 0.521875 0.30546875 0.05 0.0484375
0 0.4609375 0.27734375 0.0546875 0.0421875
0 0.49453125 0.24921875 0.05 0.0453125
0 0.48359375 0.21953125 0.0515625 0.040625
0 0.434375 0.240625 0.0640625 0.05625
0 0.371875 0.225 0.053125 0.0546875
0 0.3484375 0.1828125 0.046875 0.0609375
0 0.3859375 0.1421875 0.04375 0.0546875
0 0.40703125 0.18671875 0.0734375 0.0625
0 0.45703125 0.17890625 0.0578125 0.0484375
0 0.46484375 0.11796875 0.046875 0.040625
0 0.4234375 0.1171875 0.0609375 0.0640625
0 0.4484375 0.09375 0.0546875 0.053125
0 0.28671875 0.06328125 0.0625 0.05625
0 0.3203125 0.10625 0.065625 0.05
0 0.33046875 0.153125 0.0515625 0.0453125
0 0.30078125 0.1890625 0.0578125 0.046875
0 0.19140625 0.165625 0.05 0.053125
0 0.209375 0.22109375 0.0578125 0.0421875
0 0.21953125 0.2578125 0.059375 0.0375
0 0.14921875 0.1546875 0.04375 0.0515625
0 0.1125 0.14609375 0.053125 0.05
0 0.0828125 0.1765625 0.046875 0.04375
0 0.0796875 0.221875 0.0640625 0.0515625
0 0.1 0.265625 0.0671875 0.05
0 0.1703125 0.2140625 0.05 0.04375
0 0.121875 0.20703125 0.05625 0.0625
0 0.17890625 0.0515625 0.0671875 0.0484375
0 0.10859375 0.07421875 0.065625 0.0546875
0 0.06484375 0.1109375 0.034375 0.04375
0 0.0578125 0.15703125 0.034375 0.0484375
0 0.04921875 0.196875 0.028125 0.040625
0 0.0453125 0.234375 0.03125 0.046875
0 0.04609375 0.23984375 0.0359375 0.05625
0 0.053125 0.17578125 0.0328125 0.0578125
0 0.053125 0.17265625 0.0296875 0.046875
0 0.034375 0.275 0.021875 0.0484375
0 0.040625 0.26640625 0.0328125 0.05625
0 0.03671875 0.2859375 0.0296875 0.046875
0 0.03515625 0.30390625 0.03125 0.046875
0 0.0296875 0.31015625 0.0203125 0.0375
0 0.034375 0.3359375 0.040625 0.059375
0 0.03125 0.365625 0.0421875 0.059375
0 0.015625 0.403125 0.021875 0.0546875
0 0.01328125 0.44140625 0.0265625 0.0640625
0 0.015625 0.48125 0.03125 0.084375
0 0.0140625 0.46875 0.028125 0.065625
0 0.01953125 0.42578125 0.0359375 0.059375
0 0.03046875 0.38828125 0.0484375 0.0765625
0 0.08984375 0.4390625 0.0578125 0.06875
0 0.146875 0.44921875 0.071875 0.0796875
0 0.20703125 0.45390625 0.078125 0.0875
0 0.12578125 0.36171875 0.05625 0.0640625
0 0.1921875 0.3296875 0.065625 0.0671875
0 0.2203125 0.29296875 0.05 0.0453125
0 0.2421875 0.3828125 0.0765625 0.0671875
0 0.31640625 0.3734375 0.0609375 0.0671875
0 0.3609375 0.40390625 0.053125 0.059375
0 0.421875 0.4046875 0.0671875 0.0671875
0 0.4 0.35390625 0.065625 0.0625
0 0.35390625 0.32890625 0.059375 0.0578125
0 0.30390625 0.4828125 0.084375 0.071875
0 0.47265625 0.3765625 0.0546875 0.065625
0 0.75390625 0.4015625 0.059375 0.0671875
0 0.83203125 0.3640625 0.059375 0.059375
0 0.8 0.4125 0.0515625 0.05625
0 0.7421875 0.30390625 0.0546875 0.053125
0 0.79765625 0.31796875 0.053125 0.05
0 0.928125 0.3359375 0.059375 0.05625
0 0.98828125 0.38125 0.0234375 0.05625
0 0.91640625 0.42890625 0.0671875 0.0640625
0 0.8546875 0.421875 0.06875 0.0578125
0 0.875 0.46171875 0.0546875 0.0515625
0 0.93984375 0.46328125 0.046875 0.0390625
0 0.9328125 0.503125 0.059375 0.05625
0 0.8671875 0.52578125 0.0703125 0.0515625
0 0.84375 0.48046875 0.053125 0.05625
0 0.72890625 0.46640625 0.0625 0.040625
0 0.82578125 0.6109375 0.065625 0.0625
0 0.7578125 0.63203125 0.0640625 0.0609375
0 0.6765625 0.62578125 0.06875 0.059375
0 0.76796875 0.5296875 0.090625 0.0640625
0 0.6984375 0.50390625 0.078125 0.0609375
0 0.62734375 0.55625 0.0734375 0.0578125
0 0.6 0.50390625 0.06875 0.053125
0 0.565625 0.53046875 0.065625 0.05
0 0.578125 0.59296875 0.0703125 0.08125
0 0.62421875 0.621875 0.059375 0.0734375
0 0.515625 0.6125 0.0609375 0.0625
0 0.496875 0.66484375 0.05 0.0453125
0 0.43203125 0.6609375 0.0828125 0.0625
0 0.4484375 0.54296875 0.0640625 0.05625
0 0.5265625 0.50078125 0.06875 0.0609375
0 0.46171875 0.5015625 0.0515625 0.0484375
0 0.35390625 0.52734375 0.065625 0.065625
0 0.3765625 0.61171875 0.0921875 0.08125
0 0.240625 0.5515625 0.0734375 0.0625
0 0.21328125 0.60078125 0.071875 0.059375
0 0.22265625 0.63828125 0.0609375 0.0515625
0 0.1421875 0.6203125 0.0859375 0.06875
0 0.17421875 0.665625 0.0546875 0.053125
0 0.103125 0.55234375 0.053125 0.053125
0 0.06328125 0.6078125 0.0640625 0.0546875
0 0.09296875 0.6390625 0.0484375 0.0546875
0 0.115625 0.6703125 0.0828125 0.059375
0 0.04609375 0.65234375 0.071875 0.06875
0 0.021875 0.6859375 0.04375 0.059375
0 0.0375 0.521875 0.0703125 0.0734375
0 0.009375 0.6 0.01875 0.05625
0 0.0109375 0.56796875 0.021875 0.0515625
0 0.00703125 0.65078125 0.0140625 0.0515625
0 0.01015625 0.6421875 0.0203125 0.06875
0 0.0109375 0.68984375 0.021875 0.0546875
0 0.009375 0.62890625 0.01875 0.0703125
0 0.00859375 0.80546875 0.0171875 0.0796875
0 0.01015625 0.81875 0.0203125 0.071875
0 0.00703125 0.86953125 0.0140625 0.0640625
0 0.00859375 0.9140625 0.0171875 0.03125
0 0.00859375 0.9078125 0.0171875 0.04375
0 0.01328125 0.871875 0.0265625 0.071875
0 0.02734375 0.92578125 0.0546875 0.0328125
0 0.04453125 0.8828125 0.084375 0.053125
0 0.0171875 0.765625 0.034375 0.053125
0 0.04453125 0.74375 0.05 0.0484375
0 0.0671875 0.8140625 0.0703125 0.065625
0 0.078125 0.7703125 0.0640625 0.05625
0 0.1578125 0.75546875 0.08125 0.0765625
0 0.184375 0.79140625 0.0671875 0.059375
0 0.3046875 0.7578125 0.065625 0.053125
0 0.275 0.721875 0.0578125 0.0484375
0 0.31484375 0.80625 0.0828125 0.059375
0 0.309375 0.85234375 0.0609375 0.046875
0 0.315625 0.8875 0.071875 0.0515625
0 0.1734375 0.8875 0.0609375 0.0515625
0 0.20546875 0.83828125 0.0921875 0.0734375
0 0.42421875 0.71953125 0.0765625 0.06875
0 0.48359375 0.72109375 0.0625 0.05
0 0.51328125 0.7640625 0.0796875 0.0671875
0 0.47109375 0.79453125 0.0703125 0.0734375
0 0.40703125 0.79765625 0.071875 0.065625
0 0.4265625 0.8546875 0.065625 0.053125
0 0.43984375 0.8921875 0.05625 0.046875
0 0.4984375 0.88515625 0.0703125 0.06875
0 0.54375 0.89296875 0.0375 0.0390625
0 0.59375 0.81953125 0.0734375 0.075
0 0.61171875 0.77578125 0.0609375 0.0546875
0 0.60859375 0.68671875 0.0703125 0.06875
0 0.6828125 0.703125 0.065625 0.0484375
0 0.734375 0.69921875 0.0609375 0.05
0 0.79921875 0.69921875 0.0640625 0.0546875
0 0.93984375 0.7125 0.0765625 0.06875
0 0.9515625 0.7796875 0.034375 0.0546875
0 0.9453125 0.84140625 0.03125 0.05625
0 0.8765625 0.85234375 0.075 0.0671875
0 0.82578125 0.75234375 0.0671875 0.059375
0 0.83515625 0.79921875 0.059375 0.0515625
0 0.8703125 0.7078125 0.06875 0.0703125
0 0.7984375 0.82578125 0.078125 0.065625
0 0.7125 0.7921875 0.0734375 0.078125
0 0.6671875 0.8546875 0.0609375 0.0625
0 0.62734375 0.8765625 0.071875 0.059375
0 0.86875 0.921875 0.0765625 0.05
0 0.90859375 0.9703125 0.0640625 0.059375
0 0.77890625 0.9859375 0.0546875 0.028125
0 0.8328125 0.95390625 0.0625 0.0609375
0 0.7859375 0.925 0.05625 0.053125
0 0.72578125 0.92734375 0.0703125 0.065625
0 0.7375 0.98515625 0.053125 0.0296875
0 0.6609375 0.95 0.0578125 0.0484375
0 0.66328125 0.98125 0.0703125 0.0375
0 0.56953125 0.9890625 0.0671875 0.021875
0 0.41796875 0.9453125 0.0734375 0.0578125
0 0.33828125 0.9515625 0.0515625 0.0390625
0 0.22109375 0.9546875 0.0703125 0.03125
