0 0.01484375 0.19453125 0.0296875 0.0453125
0 0.015625 0.18203125 0.03125 0.0453125
0 0.00703125 0.25234375 0.0140625 0.0359375
0 0.0078125 0.2828125 0.015625 0.034375
0 0.00546875 0.31953125 0.0109375 0.0484375
0 0.01640625 0.22265625 0.0328125 0.0421875
0 0.08125 0.1703125 0.059375 0.053125
0 0.1109375 0.12734375 0.0421875 0.046875
0 0.153125 0.128125 0.0546875 0.04375
0 0.13671875 0.078125 0.034375 0.0203125
0 0.18125 0.06953125 0.0421875 0.025
0 0.26796875 0.04765625 0.04375 0.0234375
0 0.2625 0.071875 0.0734375 0.0484375
0 0.3890625 0.02109375 0.0390625 0.025
0 0.38828125 0.03359375 0.040625 0.0421875
0 0.33359375 0.04921875 0.0359375 0.0359375
0 0.359375 0.0265625 0.034375 0.0203125
0 0.44609375 0.00859375 0.0453125 0.0171875
0 0.3609375 0.10859375 0.0453125 0.040625
0 0.3171875 0.10703125 0.0453125 0.0375
0 0.3078125 0.1484375 0.053125 0.04375
0 0.3625 0.1484375 0.0546875 0.0515625
0 0.325 0.19453125 0.04375 0.0390625
0 0.24921875 0.2390625 0.0671875 0.05625
0 0.271875 0.2734375 0.0484375 0.0421875
0 0.228125 0.2734375 0.0453125 0.0359375
0 0.24765625 0.3015625 0.0453125 0.040625
0 0.1953125 0.36796875 0.0625 0.059375
0 0.13671875 0.3734375 0.0859375 0.0765625
0 0.090625 0.440625 0.053125 0.0515625
0 0.1359375 0.471875 0.0515625 0.0546875
0 0.0671875 0.51640625 0.0515625 0.05625
0 0.040625 0.5984375 0.059375 0.046875
0 0.075 0.5859375 0.0421875 0.0390625
0 0.10546875 0.5640625 0.0625 0.0515625
0 0.10546875 0.62421875 0.0625 0.05625
0 0.0578125 0.68125 0.05 0.05625
0 0.0421875 0.7015625 0.0296875 0.059375
0 0.1609375 0.56640625 0.053125 0.0484375
0 0.2046875 0.54375 0.0484375 0.0390625
0 0.21640625 0.49296875 0.0515625 0.0453125
0 0.2890625 0.44296875 0.065625 0.0546875
0 0.278125 0.47734375 0.0453125 0.040625
0 0.30703125 0.48984375 0.04375 0.0375
0 0.3640625 0.4171875 0.0484375 0.040625
0 0.36640625 0.465625 0.0390625 0.0359375
0 0.403125 0.4578125 0.046875 0.0421875
0 0.44921875 0.3890625 0.0453125 0.0359375
0 0.4453125 0.4203125 0.0359375 0.025
0 0.43828125 0.44609375 0.0375 0.034375
0 0.47890625 0.4328125 0.0375 0.034375
0 0.5046875 0.40859375 0.0453125 0.0453125
0 0.52265625 0.378125 0.053125 0.0390625
0 0.48515625 0.33984375 0.0421875 0.0390625
0 0.51484375 0.31484375 0.0421875 0.0375
0 0.52578125 0.2734375 0.04375 0.0375
0 0.54453125 0.24296875 0.040625 0.040625
0 0.59609375 0.2859375 0.0484375 0.04375
0 0.60390625 0.25078125 0.0453125 0.0375
0 0.66171875 0.09375 0.040625 0.0421875
0 0.68515625 0.05625 0.04375 0.0375
0 0.6546875 0.059375 0.0328125 0.03125
0 0.66328125 0.01953125 0.0390625 0.0390625
0 0.76015625 0.0140625 0.0640625 0.028125
0 0.80078125 0.01015625 0.0484375 0.0203125
0 0.7890625 0.00625 0.04375 0.0125
0 0.61796875 0.0859375 0.0515625 0.0421875
0 0.621875 0.128125 0.0359375 0.0390625
0 0.7546875 0.13046875 0.046875 0.0515625
0 0.79375 0.1265625 0.0390625 0.040625
0 0.8171875 0.14921875 0.0609375 0.0453125
0 0.8546875 0.09375 0.0578125 0.04375
0 0.90703125 0.11484375 0.040625 0.0421875
0 0.9296875 0.17890625 0.0265625 0.04375
0 0.8984375 0.17890625 0.05 0.05
0 0.91015625 0.21015625 0.0421875 0.040625
0 0.90859375 0.25078125 0.040625 0.0421875
0 0.928125 0.21171875 0.046875 0.059375
0 0.8375 0.27109375 0.0484375 0.0328125
0 0.8328125 0.30546875 0.0546875 0.0421875
0 0.87734375 0.3109375 0.0515625 0.0421875
0 0.8515625 0.34765625 0.0421875 0.0375
0 0.77578125 0.365625 0.0578125 0.05
0 0.74296875 0.403125 0.0609375 0.05
0 0.72734375 0.47265625 0.0609375 0.059375
0 0.8046875 0.42421875 0.0453125 0.04375
0 0.78203125 0.4609375 0.046875 0.0421875
0 0.7453125 0.52109375 0.0484375 0.0421875
0 0.709375 0.55234375 0.05 0.0609375
0 0.66875 0.58984375 0.0484375 0.0484375
0 0.646875 0.63046875 0.0515625 0.0390625
0 0.58828125 0.725 0.0453125 0.0359375
0 0.56171875 0.7546875 0.0375 0.03125
0 0.54609375 0.77734375 0.0390625 0.0359375
0 0.534375 0.81015625 0.0296875 0.034375
0 0.57265625 0.79765625 0.040625 0.040625
0 0.6078125 0.76640625 0.04375 0.046875
0 0.66953125 0.71171875 0.046875 0.046875
0 0.6921875 0.67890625 0.0546875 0.04375
0 0.7171875 0.640625 0.0453125 0.040625
0 0.73515625 0.6046875 0.04375 0.046875
0 0.7859375 0.49609375 0.0421875 0.040625
0 0.81875 0.5203125 0.053125 0.0453125
0 0.82578125 0.55703125 0.046875 0.0421875
0 0.78984375 0.58125 0.053125 0.0453125
0 0.8453125 0.46015625 0.053125 0.0484375
0 0.88671875 0.43984375 0.0578125 0.05
0 0.94453125 0.459375 0.0578125 0.0546875
0 0.975 0.425 0.04375 0.0453125
0 0.696875 0.1984375 0.0390625 0.0359375
0 0.43125 0.50625 0.0421875 0.0390625
0 0.46875 0.50703125 0.0359375 0.0390625
0 0.453125 0.52578125 0.0328125 0.034375
0 0.4046875 0.56953125 0.0609375 0.053125
0 0.45859375 0.5625 0.0484375 0.040625
0 0.42578125 0.59453125 0.04375 0.04375
0 0.40390625 0.62109375 0.0546875 0.0421875
0 0.3296875 0.653125 0.04375 0.0390625
0 0.29921875 0.67265625 0.05 0.0484375
0 0.33359375 0.69921875 0.0484375 0.04375
0 0.3734375 0.6765625 0.05625 0.0515625
0 0.265625 0.72109375 0.0421875 0.0328125
0 0.29453125 0.74609375 0.0484375 0.0421875
0 0.23828125 0.75546875 0.040625 0.040625
0 0.27421875 0.775 0.05625 0.0515625
0 0.21875 0.79765625 0.0453125 0.040625
0 0.21328125 0.828125 0.053125 0.0546875
0 0.16484375 0.90546875 0.05625 0.0625
0 0.2234375 0.89375 0.0453125 0.040625
0 0.140625 0.978125 0.05625 0.0421875
0 0.18359375 0.95234375 0.0546875 0.04375
0 0.2671875 0.909375 0.03125 0.0375
0 0.3078125 0.9 0.0484375 0.053125
0 0.340625 0.89453125 0.04375 0.0484375
0 0.36953125 0.86796875 0.046875 0.046875
0 0.40859375 0.83515625 0.046875 0.05
0 0.45703125 0.81328125 0.0515625 0.0421875
0 0.4921875 0.81640625 0.0484375 0.05
0 0.253125 0.9859375 0.03125 0.028125
0 0.271875 0.9671875 0.0375 0.0296875
0 0.30859375 0.94609375 0.0515625 0.0375
0 0.51328125 0.8890625 0.0484375 0.053125
0 0.50390625 0.98359375 0.0359375 0.0328125
0 0.459375 0.99375 0.053125 0.0125
0 0.565625 0.853125 0.04375 0.0484375
0 0.553125 0.9140625 0.0375 0.0359375
0 0.63828125 0.9765625 0.040625 0.0171875
0 0.70390625 0.94140625 0.0453125 0.04375
0 0.74765625 0.90625 0.0515625 0.0390625
0 0.77890625 0.8765625 0.04375 0.04375
0 0.81640625 0.85 0.04375 0.0390625
0 0.90390625 0.8453125 0.0484375 0.0484375
0 0.95546875 0.796875 0.05 0.0484375
0 0.9546875 0.72578125 0.0390625 0.034375
0 0.98828125 0.675 0.0234375 0.046875
