0 0.06953125 0.1265625 0.0484375 0.03125
0 0.1046875 0.1234375 0.0328125 0.03515625
0 0.01953125 0.17265625 0.03515625 0.0296875
0 0.0265625 0.2015625 0.0328125 0.02734375
0 0.0125 0.234375 0.025 0.04296875
0 0.09296875 0.159375 0.0453125 0.0296875
0 0.171875 0.1265625 0.046875 0.0390625
0 0.20703125 0.09453125 0.03125 0.0375
0 0.2453125 0.103125 0.0453125 0.03125
0 0.24140625 0.04375 0.0296875 0.0296875
0 0.28203125 0.03984375 0.0375 0.0328125
0 0.365625 0.0359375 0.0390625 0.0296875
0 0.35546875 0.0765625 0.0625 0.03125
0 0.4796875 0.0359375 0.0328125 0.0328125
0 0.4765625 0.0671875 0.03125 0.0328125
0 0.4234375 0.0703125 0.02734375 0.02734375
0 0.453125 0.0328125 0.03125 0.02734375
0 0.5359375 0.02421875 0.040625 0.0296875
0 0.43671875 0.1296875 0.0375 0.0296875
0 0.39765625 0.11875 0.0375 0.02734375
0 0.38125 0.1546875 0.04296875 0.03125
0 0.4296875 0.165625 0.04296875 0.0390625
0 0.38671875 0.2 0.03515625 0.0296875
0 0.30859375 0.2234375 0.0546875 0.040625
0 0.321875 0.259375 0.0390625 0.03125
0 0.28203125 0.25078125 0.0375 0.025
0 0.29375 0.28046875 0.0375 0.0296875
0 0.23359375 0.32890625 0.0484375 0.0453125
0 0.17890625 0.32109375 0.06875 0.05625
0 0.12421875 0.3734375 0.040625 0.0390625
0 0.1578125 0.41015625 0.0390625 0.04296875
0 0.0859375 0.43671875 0.0390625 0.0453125
0 0.04609375 0.5046875 0.0484375 0.0328125
0 0.07890625 0.50078125 0.0328125 0.0296875
0 0.1109375 0.4875 0.05078125 0.0375
0 0.0984375 0.540625 0.0484375 0.04296875
0 0.04375 0.5828125 0.0375 0.0453125
0 0.0171875 0.5984375 0.03125 0.053125
0 0.1609375 0.50078125 0.040625 0.0375
0 0.2046875 0.490625 0.0390625 0.02734375
0 0.22578125 0.44609375 0.040625 0.0328125
0 0.3015625 0.415625 0.053125 0.0390625
0 0.28515625 0.4453125 0.03515625 0.03125
0 0.30859375 0.4625 0.03515625 0.02734375
0 0.375 0.409375 0.0390625 0.0296875
0 0.3671875 0.453125 0.03125 0.02734375
0 0.4015625 0.453125 0.0375 0.03125
0 0.4578125 0.4015625 0.0375 0.025
0 0.4484375 0.42890625 0.0296875 0.0171875
0 0.43671875 0.45 0.0296875 0.025
0 0.47578125 0.44609375 0.0296875 0.025
0 0.50390625 0.4296875 0.03515625 0.03515625
0 0.5265625 0.40625 0.0453125 0.02734375
0 0.50078125 0.3640625 0.0328125 0.0296875
0 0.53203125 0.34765625 0.0328125 0.02734375
0 0.55078125 0.3125 0.03515625 0.02734375
0 0.57421875 0.2890625 0.03125 0.03125
0 0.6109375 0.3390625 0.0390625 0.0328125
0 0.62578125 0.30859375 0.0375 0.02734375
0 0.7109375 0.17890625 0.03125 0.0328125
0 0.740625 0.15 0.03515625 0.02734375
0 0.71171875 0.146875 0.025 0.0234375
0 0.72734375 0.1125 0.0296875 0.0296875
0 0.82421875 0.09375 0.05078125 0.04296875
0 0.87109375 0.05859375 0.0390625 0.0390625
0 0.86015625 0.03125 0.0375 0.03515625
0 0.67265625 0.1625 0.040625 0.03125
0 0.66796875 0.2015625 0.02734375 0.03125
0 0.7875 0.23125 0.03515625 0.040625
0 0.8234375 0.2359375 0.0296875 0.03125
0 0.83984375 0.26171875 0.05078125 0.03125
0 0.884375 0.21875 0.046875 0.03125
0 0.94140625 0.24921875 0.05859375 0.0328125
0 0.9734375 0.16484375 0.0484375 0.0484375
0 0.93828125 0.31171875 0.025 0.0375
0 0.90625 0.3046875 0.0390625 0.0390625
0 0.9109375 0.3359375 0.0328125 0.03125
0 0.9 0.371875 0.03125 0.0328125
0 0.928125 0.340625 0.03515625 0.0484375
0 0.8328125 0.37578125 0.040625 0.021875
0 0.82109375 0.40546875 0.0453125 0.0296875
0 0.86015625 0.4203125 0.040625 0.03125
0 0.82890625 0.446875 0.0328125 0.02734375
0 0.7578125 0.4484375 0.046875 0.0375
0 0.71953125 0.475 0.0484375 0.03515625
0 0.69140625 0.534375 0.046875 0.0453125
0 0.771875 0.50703125 0.03515625 0.0328125
0 0.74296875 0.53515625 0.0375 0.03125
0 0.696875 0.58203125 0.0390625 0.03125
0 0.6578125 0.60234375 0.03515625 0.0484375
0 0.6140625 0.628125 0.0375 0.0375
0 0.5859375 0.66015625 0.04296875 0.02734375
0 0.5125 0.73359375 0.0375 0.025
0 0.48359375 0.75390625 0.0296875 0.0234375
0 0.46484375 0.771875 0.03125 0.02734375
0 0.44609375 0.7984375 0.021875 0.02734375
0 0.484375 0.7953125 0.03125 0.03125
0 0.52265625 0.77421875 0.0328125 0.0375
0 0.5890625 0.73828125 0.0375 0.03515625
0 0.61640625 0.7125 0.0453125 0.03125
0 0.646875 0.68359375 0.03515625 0.03125
0 0.67109375 0.65546875 0.0328125 0.0375
0 0.7390625 0.56875 0.0328125 0.03125
0 0.7640625 0.596875 0.04296875 0.0328125
0 0.7625 0.63125 0.0375 0.03125
0 0.725 0.6453125 0.04296875 0.0328125
0 0.8 0.54765625 0.040625 0.0375
0 0.8421875 0.53828125 0.046875 0.0375
0 0.88984375 0.5671875 0.0453125 0.040625
0 0.925 0.54296875 0.0328125 0.03515625
0 0.9671875 0.5140625 0.0390625 0.03125
0 0.7203125 0.28125 0.03125 0.02734375
0 0.4171875 0.503125 0.0328125 0.0296875
0 0.4515625 0.51171875 0.02734375 0.03125
0 0.4328125 0.525 0.025 0.02734375
0 0.3796875 0.5546875 0.0484375 0.0390625
0 0.4296875 0.559375 0.0390625 0.0296875
0 0.39375 0.58125 0.0328125 0.0328125
0 0.36796875 0.60078125 0.0453125 0.0296875
0 0.2953125 0.6140625 0.03515625 0.0296875
0 0.2640625 0.62578125 0.0390625 0.0375
0 0.2890625 0.65703125 0.0390625 0.0328125
0 0.32890625 0.64453125 0.0453125 0.0390625
0 0.22265625 0.6625 0.03515625 0.0234375
0 0.24375 0.69140625 0.0390625 0.03125
0 0.19140625 0.6875 0.03125 0.03125
0 0.21953125 0.7125 0.0453125 0.0390625
0 0.16484375 0.721875 0.0375 0.0296875
0 0.153125 0.7484375 0.040625 0.04296875
0 0.09375 0.8078125 0.04296875 0.0484375
0 0.14921875 0.809375 0.0375 0.0296875
0 0.05625 0.86796875 0.046875 0.0296875
0 0.10078125 0.853125 0.0453125 0.03125
0 0.1859375 0.8328125 0.0234375 0.0296875
0 0.2234375 0.8328125 0.0375 0.040625
0 0.2546875 0.834375 0.0328125 0.0390625
0 0.2859375 0.81640625 0.0375 0.03515625
0 0.328125 0.7953125 0.03515625 0.0390625
0 0.37578125 0.78515625 0.040625 0.03125
0 0.40703125 0.7953125 0.0375 0.0390625
0 0.15703125 0.89921875 0.025 0.021875
0 0.178125 0.8859375 0.03125 0.021875
0 0.03046875 0.9671875 0.05625 0.03515625
0 0.07890625 0.93046875 0.040625 0.040625
0 0.21484375 0.87421875 0.04296875 0.025
0 0.4125 0.865625 0.03515625 0.04296875
0 0.38203125 0.9578125 0.025 0.0453125
0 0.3390625 0.9625 0.0453125 0.03125
0 0.465625 0.84375 0.0328125 0.0390625
0 0.4421875 0.896875 0.0296875 0.02734375
0 0.50703125 0.98046875 0.0375 0.02734375
0 0.571875 0.95234375 0.03515625 0.0328125
0 0.61875 0.9296875 0.04296875 0.02734375
0 0.653125 0.909375 0.0328125 0.0328125
0 0.69375 0.89375 0.03515625 0.0296875
0 0.77265625 0.90703125 0.0375 0.0375
0 0.8296875 0.87421875 0.0390625 0.0375
0 0.84375 0.809375 0.03125 0.025
0 0.8921875 0.77265625 0.03125 0.0375
0 0.934375 0.76484375 0.040625 0.0296875
0 0.91796875 0.8171875 0.0390625 0.0453125
0 0.94609375 0.78984375 0.0296875 0.0375
0 0.94140625 0.71484375 0.01953125 0.0234375
0 0.95625 0.68828125 0.025 0.0484375
0 0.98125 0.728125 0.0328125 0.0234375
0 0.984375 0.7046875 0.02734375 0.02734375
