0 0.00625 0.08359375 0.0125 0.0328125
0 0.02421875 0.0875 0.0453125 0.0421875
0 0.01796875 0.125 0.0359375 0.0375
0 0.0046875 0.14140625 0.009375 0.0359375
0 0.0046875 0.175 0.009375 0.040625
0 0.13515625 0.0515625 0.0484375 0.0421875
0 0.17265625 0.0609375 0.04375 0.0328125
0 0.0921875 0.08203125 0.0546875 0.040625
0 0.090625 0.02265625 0.046875 0.01875
0 0.21171875 0.015625 0.034375 0.0140625
0 0.17265625 0.01953125 0.0453125 0.01875
0 0.2765625 0.04609375 0.04375 0.034375
0 0.2859375 0.01953125 0.0328125 0.0265625
0 0.3140625 0.02421875 0.03125 0.0328125
0 0.30703125 0.0125 0.0296875 0.0140625
0 0.3359375 0.0125 0.0375 0.015625
0 0.4234375 0.01171875 0.034375 0.0203125
0 0.3875 0.0125 0.0296875 0.01875
0 0.384375 0.02109375 0.034375 0.034375
0 0.42421875 0.0140625 0.0375 0.025
0 0.49140625 0.01171875 0.0390625 0.0234375
0 0.34296875 0.07109375 0.04375 0.0390625
0 0.32421875 0.10703125 0.0453125 0.0421875
0 0.38671875 0.08359375 0.0421875 0.0421875
0 0.37265625 0.11640625 0.03125 0.0390625
0 0.3578125 0.178125 0.053125 0.0578125
0 0.328125 0.15703125 0.0375 0.0421875
0 0.24765625 0.18125 0.0484375 0.0375
0 0.2609375 0.22265625 0.0390625 0.0421875
0 0.2265625 0.25 0.04375 0.0328125
0 0.15625 0.24453125 0.05625 0.040625
0 0.1625 0.296875 0.0390625 0.0328125
0 0.1015625 0.284375 0.0578125 0.046875
0 0.053125 0.35234375 0.05 0.04375
0 0.075 0.41171875 0.034375 0.0375
0 0.01484375 0.4328125 0.0296875 0.040625
0 0.01328125 0.49296875 0.0265625 0.0390625
0 0.01171875 0.4890625 0.0234375 0.034375
0 0.03984375 0.4859375 0.0390625 0.0328125
0 0.02421875 0.540625 0.0390625 0.0375
0 0.0140625 0.58515625 0.025 0.034375
0 0.01015625 0.60546875 0.015625 0.0515625
0 0.08203125 0.446875 0.0390625 0.034375
0 0.1046875 0.5015625 0.05 0.04375
0 0.1484375 0.48515625 0.059375 0.053125
0 0.16640625 0.428125 0.0453125 0.0421875
0 0.2515625 0.3953125 0.0546875 0.0375
0 0.259375 0.4421875 0.0375 0.0328125
0 0.23828125 0.4265625 0.0375 0.034375
0 0.32578125 0.37890625 0.034375 0.0390625
0 0.31953125 0.434375 0.03125 0.0265625
0 0.34921875 0.43203125 0.03125 0.028125
0 0.35859375 0.39453125 0.04375 0.034375
0 0.41171875 0.37109375 0.0375 0.028125
0 0.41328125 0.4 0.0484375 0.0375
0 0.39296875 0.43046875 0.0375 0.0328125
0 0.43515625 0.42109375 0.0484375 0.034375
0 0.4640625 0.40546875 0.0375 0.0375
0 0.496875 0.384375 0.05 0.034375
0 0.4640625 0.33671875 0.0328125 0.0375
0 0.490625 0.31328125 0.028125 0.03125
0 0.515625 0.275 0.0359375 0.0484375
0 0.53984375 0.24765625 0.034375 0.0375
0 0.5734375 0.29609375 0.034375 0.034375
0 0.58515625 0.26484375 0.0390625 0.0375
0 0.5828125 0.2046875 0.03125 0.0390625
0 0.6140625 0.19921875 0.0421875 0.0390625
0 0.6390625 0.10703125 0.034375 0.0390625
0 0.6375 0.15546875 0.0328125 0.0421875
0 0.6796875 0.121875 0.034375 0.0421875
0 0.7171875 0.08828125 0.04375 0.0375
0 0.69609375 0.046875 0.034375 0.0375
0 0.8046875 0.02734375 0.0703125 0.0453125
0 0.79453125 0.0046875 0.0421875 0.009375
0 0.846875 0.003125 0.034375 0.00625
0 0.83359375 0.003125 0.0359375 0.00625
0 0.9640625 0.1 0.0375 0.04375
0 0.9796875 0.1578125 0.01875 0.0359375
0 0.93671875 0.1953125 0.0734375 0.04375
0 0.865625 0.15390625 0.0484375 0.03125
0 0.85703125 0.215625 0.034375 0.0328125
0 0.821875 0.21484375 0.0375 0.03125
0 0.79921875 0.1890625 0.0328125 0.0328125
0 0.76953125 0.17890625 0.0328125 0.034375
0 0.70234375 0.17734375 0.0328125 0.03125
0 0.696875 0.2359375 0.0375 0.0328125
0 0.66015625 0.25078125 0.0328125 0.03125
0 0.9328125 0.2578125 0.028125 0.0515625
0 0.89921875 0.25078125 0.025 0.0390625
0 0.85859375 0.296875 0.028125 0.034375
0 0.8953125 0.3203125 0.0296875 0.0484375
0 0.85 0.3828125 0.04375 0.0328125
0 0.81328125 0.40625 0.028125 0.0390625
0 0.80546875 0.36171875 0.0375 0.03125
0 0.74375 0.41796875 0.0390625 0.0375
0 0.71171875 0.45078125 0.0421875 0.0390625
0 0.67109375 0.50859375 0.0375 0.0390625
0 0.7234375 0.51015625 0.034375 0.0421875
0 0.75234375 0.47734375 0.0421875 0.0375
0 0.9765625 0.4734375 0.046875 0.0375
0 0.93125 0.5125 0.0515625 0.0359375
0 0.8984375 0.53671875 0.0421875 0.03125
0 0.83203125 0.50859375 0.05 0.034375
0 0.7875 0.5109375 0.05 0.04375
0 0.75 0.56796875 0.05625 0.04375
0 0.753125 0.61015625 0.0453125 0.034375
0 0.71328125 0.63828125 0.0578125 0.046875
0 0.63359375 0.5796875 0.0328125 0.0390625
0 0.66171875 0.59375 0.0390625 0.0390625
0 0.56875 0.64609375 0.0390625 0.0390625
0 0.59375 0.61875 0.0421875 0.0375
0 0.5734375 0.72890625 0.0390625 0.034375
0 0.60234375 0.71328125 0.0375 0.03125
0 0.63046875 0.67578125 0.0453125 0.04375
0 0.66328125 0.646875 0.0421875 0.0390625
0 0.48359375 0.709375 0.0390625 0.025
0 0.45859375 0.75546875 0.0328125 0.034375
0 0.434375 0.77578125 0.0328125 0.034375
0 0.42109375 0.8046875 0.028125 0.028125
0 0.46328125 0.8 0.04375 0.0390625
0 0.50390625 0.7703125 0.046875 0.0546875
0 0.41875 0.49453125 0.0375 0.03125
0 0.40546875 0.46640625 0.0390625 0.0328125
0 0.371875 0.4875 0.034375 0.034375
0 0.334375 0.540625 0.0390625 0.0328125
0 0.38828125 0.54921875 0.0375 0.0375
0 0.36015625 0.57109375 0.0390625 0.0328125
0 0.334375 0.58984375 0.05 0.040625
0 0.24765625 0.6125 0.0484375 0.040625
0 0.215625 0.640625 0.0421875 0.0328125
0 0.246875 0.6578125 0.04375 0.0421875
0 0.28671875 0.6359375 0.0390625 0.0421875
0 0.165625 0.671875 0.0375 0.028125
0 0.1921875 0.69609375 0.0328125 0.0421875
0 0.18125 0.73046875 0.053125 0.05
0 0.13984375 0.69296875 0.0390625 0.0390625
0 0.10703125 0.72890625 0.0390625 0.0328125
0 0.09296875 0.75703125 0.0390625 0.0375
0 0.12109375 0.79296875 0.0421875 0.0390625
0 0.0953125 0.8296875 0.0484375 0.040625
0 0.03671875 0.8265625 0.0484375 0.05
0 0.05859375 0.7953125 0.03125 0.0390625
0 0.02578125 0.890625 0.0265625 0.0375
0 0.0609375 0.86875 0.03125 0.028125
0 0.08046875 0.9015625 0.0328125 0.028125
0 0.075 0.93359375 0.0546875 0.0421875
0 0.03046875 0.97265625 0.028125 0.0421875
0 0.03125 0.990625 0.028125 0.01875
0 0.02265625 0.95390625 0.015625 0.0421875
0 0.134375 0.8578125 0.0421875 0.0328125
0 0.171875 0.8453125 0.0375 0.0375
0 0.21484375 0.85234375 0.0375 0.0328125
0 0.23828125 0.83125 0.040625 0.0484375
0 0.2765625 0.80625 0.0453125 0.03125
0 0.33671875 0.7890625 0.0484375 0.034375
0 0.37109375 0.803125 0.0421875 0.03125
0 0.33359375 0.84609375 0.0390625 0.0328125
0 0.28828125 0.8609375 0.0390625 0.0328125
0 0.37734375 0.87734375 0.0359375 0.0484375
0 0.35703125 0.98125 0.0453125 0.0375
0 0.3125 0.98046875 0.04375 0.0390625
0 0.28203125 0.9953125 0.0421875 0.009375
0 0.39609375 0.98515625 0.0296875 0.0296875
0 0.39609375 0.95234375 0.0375 0.0328125
0 0.41875 0.91171875 0.0390625 0.034375
0 0.44140625 0.859375 0.0375 0.0328125
0 0.69296875 0.984375 0.0421875 0.0203125
0 0.7625 0.978125 0.0484375 0.028125
0 0.8375 0.875 0.0484375 0.046875
0 0.78515625 0.90234375 0.034375 0.028125
0 0.84765625 0.8 0.034375 0.034375
0 0.928125 0.80703125 0.04375 0.0484375
0 0.89921875 0.7578125 0.04375 0.0328125
0 0.94296875 0.7515625 0.0328125 0.03125
0 0.96171875 0.7734375 0.04375 0.0375
0 0.95078125 0.69921875 0.0375 0.0375
0 0.965625 0.6640625 0.034375 0.04375
0 0.99375 0.68359375 0.0125 0.0265625
0 0.98984375 0.71484375 0.0203125 0.0421875
