0 0.00625 0.15703125 0.0125 0.0328125
0 0.009375 0.1953125 0.01875 0.0625
0 0.01171875 0.20859375 0.0234375 0.0515625
0 0.01171875 0.1609375 0.0234375 0.046875
0 0.01171875 0.13359375 0.0234375 0.0328125
0 0.0109375 0.140625 0.021875 0.03125
0 0.01171875 0.134375 0.0234375 0.03125
0 0.01171875 0.1265625 0.0234375 0.03125
0 0.0125 0.13828125 0.025 0.0328125
0 0.028125 0.1296875 0.0515625 0.05
0 0.0125 0.17734375 0.025 0.0453125
0 0.015625 0.2109375 0.03125 0.053125
0 0.01640625 0.2765625 0.0328125 0.065625
0 0.01953125 0.30234375 0.0390625 0.0546875
0 0.01796875 0.25625 0.0359375 0.05625
0 0.09453125 0.209375 0.05 0.053125
0 0.0640625 0.2453125 0.0546875 0.046875
0 0.11953125 0.24765625 0.059375 0.0546875
0 0.07421875 0.28671875 0.0484375 0.0453125
0 0.146875 0.29765625 0.05 0.05
0 0.09765625 0.29609375 0.04375 0.04375
0 0.14453125 0.334375 0.059375 0.0546875
0 0.08515625 0.33828125 0.046875 0.0546875
0 0.0640625 0.36640625 0.0484375 0.053125
0 0.125 0.37578125 0.0546875 0.0546875
0 0.1328125 0.4140625 0.065625 0.05625
0 0.2140625 0.39765625 0.0546875 0.059375
0 0.19765625 0.434375 0.05625 0.0546875
0 0.15234375 0.45625 0.0515625 0.05
0 0.175 0.50234375 0.059375 0.0625
0 0.253125 0.46171875 0.065625 0.065625
0 0.28828125 0.46640625 0.0421875 0.04375
0 0.2421875 0.54296875 0.065625 0.078125
0 0.2359375 0.60234375 0.0546875 0.0609375
0 0.27421875 0.62421875 0.05 0.059375
0 0.3171875 0.6140625 0.05625 0.0640625
0 0.32734375 0.5328125 0.05625 0.059375
0 0.3875 0.6390625 0.065625 0.0703125
0 0.3828125 0.7171875 0.059375 0.0640625
0 0.35390625 0.72109375 0.05 0.059375
0 0.42421875 0.73671875 0.0671875 0.071875
0 0.43203125 0.78515625 0.0796875 0.0734375
0 0.01171875 0.38046875 0.0234375 0.0515625
0 0.00390625 0.3921875 0.0078125 0.028125
0 0.00703125 0.42734375 0.0140625 0.0609375
0 0.00859375 0.4828125 0.0171875 0.05
0 0.015625 0.51875 0.03125 0.040625
0 0.01484375 0.55546875 0.0296875 0.0515625
0 0.0421875 0.4921875 0.046875 0.0484375
0 0.06953125 0.52734375 0.059375 0.0484375
0 0.11640625 0.51015625 0.0515625 0.0671875
0 0.07890625 0.5640625 0.0859375 0.0671875
0 0.08984375 0.59921875 0.053125 0.0484375
0 0.10390625 0.64296875 0.06875 0.0625
0 0.13046875 0.68203125 0.0640625 0.0609375
0 0.1578125 0.61484375 0.078125 0.0734375
0 0.18359375 0.65234375 0.0625 0.053125
0 0.1875 0.69375 0.0515625 0.05625
0 0.2359375 0.6796875 0.0515625 0.0625
0 0.22421875 0.746875 0.06875 0.06875
0 0.13203125 0.74765625 0.0640625 0.0734375
0 0.28125 0.721875 0.0578125 0.05
0 0.2671875 0.7625 0.0578125 0.059375
0 0.2234375 0.80078125 0.053125 0.05625
0 0.18828125 0.82109375 0.053125 0.05625
0 0.26171875 0.8625 0.0703125 0.0734375
0 0.32421875 0.89921875 0.071875 0.06875
0 0.34453125 0.81953125 0.0671875 0.0703125
0 0.2109375 0.85234375 0.0515625 0.05625
0 0.36484375 0.9359375 0.0625 0.0609375
0 0.42890625 0.98359375 0.0859375 0.0328125
0 0.30078125 0.953125 0.040625 0.046875
0 0.04375 0.709375 0.021875 0.0515625
0 0.09921875 0.90859375 0.0234375 0.0453125
0 0.11796875 0.915625 0.0421875 0.04375
0 0.109375 0.94609375 0.021875 0.0375
0 0.18125 0.89296875 0.04375 0.05
0 0.18984375 0.96953125 0.0703125 0.0609375
0 0.24765625 0.95546875 0.0546875 0.0625
0 0.1375 0.97578125 0.059375 0.0484375
0 0.5984375 0.940625 0.071875 0.0671875
0 0.040625 0.1109375 0.0421875 0.0203125
0 0.0734375 0.10703125 0.046875 0.03125
0 0.05859375 0.11328125 0.0515625 0.0359375
0 0.1078125 0.09765625 0.0546875 0.0328125
0 0.09921875 0.10234375 0.0546875 0.0375
0 0.0703125 0.1109375 0.0546875 0.0390625
0 0.1484375 0.09453125 0.0671875 0.0484375
0 0.14453125 0.1359375 0.0734375 0.0796875
0 0.1515625 0.1859375 0.0625 0.0671875
0 0.23671875 0.26328125 0.059375 0.0734375
0 0.31640625 0.29921875 0.075 0.0703125
0 0.3421875 0.2703125 0.0546875 0.059375
0 0.3109375 0.35859375 0.0640625 0.0609375
0 0.32890625 0.4078125 0.0640625 0.075
0 0.38515625 0.3734375 0.0828125 0.0828125
0 0.3796875 0.4328125 0.071875 0.071875
0 0.4140625 0.4984375 0.0671875 0.06875
0 0.4671875 0.4953125 0.065625 0.0578125
0 0.4921875 0.53125 0.05625 0.0609375
0 0.52109375 0.58203125 0.0578125 0.0578125
0 0.51796875 0.6234375 0.05625 0.053125
0 0.5578125 0.6125 0.05625 0.059375
0 0.41015625 0.55390625 0.0640625 0.0609375
0 0.45859375 0.575 0.0625 0.075
0 0.43046875 0.61015625 0.0546875 0.0609375
0 0.4578125 0.6421875 0.0484375 0.0546875
0 0.496875 0.66796875 0.071875 0.071875
0 0.5125 0.71796875 0.0453125 0.0515625
0 0.5484375 0.68125 0.0515625 0.05625
0 0.60546875 0.71484375 0.075 0.0796875
0 0.571875 0.7671875 0.075 0.0828125
0 0.60546875 0.81171875 0.05625 0.065625
0 0.62734375 0.775 0.0625 0.06875
0 0.74453125 0.86484375 0.0703125 0.0609375
0 0.78984375 0.84453125 0.0734375 0.0796875
0 0.75 0.934375 0.040625 0.0390625
0 0.69921875 0.9484375 0.05 0.0390625
0 0.8 0.9171875 0.0515625 0.0484375
0 0.95078125 0.8515625 0.071875 0.065625
0 0.89765625 0.8390625 0.053125 0.0625
0 0.8375 0.74375 0.0546875 0.059375
0 0.828125 0.696875 0.0703125 0.0609375
0 0.81328125 0.7640625 0.05625 0.0546875
0 0.76015625 0.73359375 0.0484375 0.046875
0 0.7984375 0.71328125 0.046875 0.040625
0 0.7640625 0.6890625 0.05625 0.059375
0 0.76875 0.6484375 0.0703125 0.0578125
0 0.7234375 0.69296875 0.04375 0.04375
0 0.68359375 0.6453125 0.0703125 0.075
0 0.72109375 0.6171875 0.0640625 0.0609375
0 0.75703125 0.5890625 0.05625 0.0515625
0 0.69609375 0.55625 0.078125 0.08125
0 0.640625 0.59609375 0.0671875 0.0640625
0 0.56953125 0.54375 0.046875 0.0515625
0 0.65546875 0.503125 0.0703125 0.0625
0 0.68984375 0.47265625 0.059375 0.071875
0 0.5984375 0.515625 0.0703125 0.0578125
0 0.59453125 0.48515625 0.059375 0.0625
0 0.62734375 0.44765625 0.0625 0.0546875
0 0.64140625 0.4078125 0.0546875 0.0484375
0 0.56328125 0.43828125 0.05625 0.0515625
0 0.5125 0.43046875 0.059375 0.0671875
0 0.5421875 0.3875 0.065625 0.0640625
0 0.571875 0.353125 0.046875 0.040625
0 0.5484375 0.3234375 0.059375 0.0578125
0 0.50234375 0.3484375 0.065625 0.0734375
0 0.4609375 0.30390625 0.065625 0.065625
0 0.3796875 0.2171875 0.0609375 0.0625
0 0.38671875 0.17578125 0.053125 0.05625
0 0.340625 0.190625 0.0671875 0.05625
0 0.34921875 0.15859375 0.053125 0.040625
0 0.39296875 0.14140625 0.065625 0.053125
0 0.37578125 0.11484375 0.0421875 0.0390625
0 0.3640625 0.09296875 0.0625 0.0609375
0 0.31015625 0.1484375 0.0875 0.071875
0 0.31640625 0.08515625 0.0546875 0.059375
0 0.27578125 0.09296875 0.0609375 0.05625
0 0.27421875 0.05546875 0.05 0.0359375
0 0.2453125 0.065625 0.0578125 0.040625
0 0.3375 0.05 0.0484375 0.046875
0 0.3046875 0.04765625 0.0796875 0.04375
0 0.32265625 0.04140625 0.040625 0.0296875
0 0.225 0.06484375 0.053125 0.0296875
0 0.203125 0.07265625 0.0421875 0.0296875
0 0.26015625 0.059375 0.0609375 0.0390625
0 0.42265625 0.01328125 0.0546875 0.0265625
0 0.38671875 0.02578125 0.0453125 0.034375
0 0.41171875 0.01484375 0.040625 0.0265625
0 0.45546875 0.00859375 0.0515625 0.0171875
0 0.446875 0.01171875 0.0625 0.0234375
0 0.41015625 0.02421875 0.0359375 0.040625
0 0.42734375 0.06328125 0.0515625 0.05625
0 0.46171875 0.03046875 0.0546875 0.0609375
0 0.5015625 0.00546875 0.034375 0.0109375
0 0.52734375 0.00703125 0.0390625 0.0140625
0 0.51953125 0.0140625 0.0390625 0.028125
0 0.525 0.0484375 0.0515625 0.04375
0 0.55390625 0.07265625 0.0515625 0.0453125
0 0.5640625 0.025 0.053125 0.05
0 0.58515625 0.109375 0.0546875 0.053125
0 0.56796875 0.14375 0.0484375 0.0546875
0 0.51328125 0.103125 0.053125 0.05625
0 0.46953125 0.10078125 0.0609375 0.0625
0 0.5203125 0.1484375 0.0671875 0.0625
0 0.52578125 0.19921875 0.0515625 0.0484375
0 0.55390625 0.24609375 0.053125 0.0546875
0 0.58671875 0.2265625 0.0484375 0.059375
0 0.65859375 0.12734375 0.0484375 0.0453125
0 0.64609375 0.16640625 0.046875 0.0484375
0 0.69609375 0.15859375 0.0484375 0.046875
0 0.69609375 0.20390625 0.0546875 0.059375
0 0.63125 0.2140625 0.0421875 0.04375
0 0.62734375 0.26015625 0.0515625 0.0484375
0 0.66328125 0.275 0.04375 0.04375
0 0.71640625 0.2546875 0.0515625 0.05
0 0.71484375 0.33671875 0.0578125 0.0578125
0 0.69296875 0.3765625 0.065625 0.0578125
0 0.64453125 0.340625 0.0609375 0.05625
0 0.6234375 0.30625 0.0421875 0.0453125
0 0.80078125 0.3546875 0.06875 0.071875
0 0.85390625 0.3296875 0.0703125 0.08125
0 0.871875 0.37578125 0.053125 0.053125
0 0.82421875 0.40234375 0.0625 0.0515625
0 0.8265625 0.4578125 0.05 0.059375
0 0.79609375 0.46796875 0.0640625 0.0671875
0 0.83046875 0.509375 0.05625 0.0515625
0 0.86875 0.43046875 0.0640625 0.059375
0 0.903125 0.45859375 0.059375 0.0625
0 0.93046875 0.4265625 0.05 0.053125
0 0.92890625 0.5 0.059375 0.0625
0 0.8765625 0.51171875 0.0515625 0.05625
0 0.85625 0.55390625 0.053125 0.05625
0 0.89921875 0.5484375 0.0421875 0.04375
0 0.88828125 0.59296875 0.0484375 0.053125
0 0.8515625 0.5984375 0.0421875 0.05625
0 0.9359375 0.58515625 0.05625 0.0640625
0 0.9703125 0.6375 0.059375 0.05625
0 0.97578125 0.68671875 0.0484375 0.0640625
0 0.99140625 0.73359375 0.0171875 0.0578125
0 0.8984375 0.634375 0.0609375 0.04375
0 0.94609375 0.7109375 0.0515625 0.04375
0 0.9265625 0.75625 0.0421875 0.0453125
0 0.98046875 0.40859375 0.034375 0.0453125
0 0.9578125 0.334375 0.0375 0.04375
0 0.92578125 0.21875 0.0421875 0.05625
0 0.9234375 0.27890625 0.0609375 0.0625
0 0.6796875 0.075 0.053125 0.053125
0 0.7015625 0.01953125 0.05 0.0390625
0 0.728125 0.01328125 0.05 0.0265625
0 0.7296875 0.0515625 0.046875 0.046875
0 0.65859375 0.02734375 0.0515625 0.0546875
0 0.65 0.01328125 0.05 0.0265625
0 0.68515625 0.009375 0.0546875 0.01875
0 0.6421875 0.01015625 0.059375 0.0203125
0 0.59140625 0.009375 0.0484375 0.01875
0 0.58359375 0.00703125 0.0359375 0.0140625
0 0.60625 0.00859375 0.04375 0.0171875
0 0.67421875 0.00625 0.0421875 0.0125
0 0.63984375 0.0078125 0.0484375 0.015625
0 0.69296875 0.00546875 0.0421875 0.0109375
0 0.79453125 0.00859375 0.0640625 0.0171875
0 0.81640625 0.01015625 0.0609375 0.0203125
0 0.84921875 0.0125 0.0359375 0.025
0 0.78828125 0.00703125 0.0453125 0.0140625
0 0.82109375 0.00859375 0.0484375 0.0171875
0 0.82578125 0.01171875 0.0484375 0.0234375
0 0.86171875 0.009375 0.0421875 0.01875
