0 0.021875 0.0625 0.03515625 0.046875
0 0.0875 0.07890625 0.04296875 0.0453125
0 0.084375 0.0390625 0.03515625 0.04296875
0 0.0625 0.140625 0.0390625 0.0390625
0 0.05078125 0.18671875 0.03515625 0.040625
0 0.09375 0.1171875 0.046875 0.05078125
0 0.13359375 0.14140625 0.0453125 0.0484375
0 0.08671875 0.18046875 0.0375 0.0375
0 0.1 0.2109375 0.0546875 0.0390625
0 0.096875 0.24375 0.0609375 0.04296875
0 0.0921875 0.2796875 0.04296875 0.03515625
0 0.14453125 0.278125 0.03515625 0.040625
0 0.1578125 0.3109375 0.04296875 0.0390625
0 0.1921875 0.34765625 0.0453125 0.05078125
0 0.203125 0.3078125 0.04296875 0.0453125
0 0.14140625 0.33515625 0.0453125 0.0375
0 0.12109375 0.3546875 0.04296875 0.05625
0 0.16015625 0.37109375 0.0390625 0.03515625
0 0.159375 0.4015625 0.0484375 0.040625
0 0.1671875 0.43828125 0.040625 0.040625
0 0.17890625 0.49375 0.040625 0.04296875
0 0.2046875 0.43828125 0.046875 0.0453125
0 0.23359375 0.4078125 0.040625 0.04296875
0 0.259375 0.47578125 0.046875 0.0484375
0 0.23125 0.53984375 0.053125 0.05625
0 0.20703125 0.58203125 0.04296875 0.03515625
0 0.23359375 0.609375 0.0328125 0.0390625
0 0.2625 0.6140625 0.040625 0.0453125
0 0.2953125 0.5546875 0.02734375 0.046875
0 0.31953125 0.64921875 0.0609375 0.0484375
0 0.275 0.71875 0.03515625 0.0546875
0 0.3328125 0.74140625 0.053125 0.0375
0 0.32421875 0.7875 0.0546875 0.046875
0 0.021875 0.37421875 0.0390625 0.06875
0 0.03046875 0.33984375 0.040625 0.05078125
0 0.02734375 0.43828125 0.0390625 0.0375
0 0.03984375 0.4640625 0.0375 0.0328125
0 0.02421875 0.4921875 0.0296875 0.046875
0 0.07890625 0.4875 0.0453125 0.0453125
0 0.0640625 0.44921875 0.03125 0.03515625
0 0.0765625 0.51875 0.06640625 0.0375
0 0.0828125 0.55625 0.0453125 0.0390625
0 0.0875 0.59375 0.046875 0.05078125
0 0.10078125 0.634375 0.053125 0.0625
0 0.1296875 0.58125 0.0453125 0.0484375
0 0.146875 0.6578125 0.0546875 0.05078125
0 0.190625 0.65703125 0.0328125 0.05625
0 0.16328125 0.70234375 0.053125 0.0484375
0 0.1546875 0.74921875 0.05078125 0.0484375
0 0.1125 0.74375 0.040625 0.03515625
0 0.16796875 0.80625 0.05859375 0.0546875
0 0.20703125 0.86328125 0.0546875 0.046875
0 0.24296875 0.903125 0.0484375 0.05625
0 0.275 0.96171875 0.0546875 0.053125
0 0.0109375 0.63671875 0.021875 0.04296875
0 0.03984375 0.82734375 0.0453125 0.0453125
0 0.0140625 0.8453125 0.02734375 0.04296875
0 0.0171875 0.80546875 0.034375 0.0515625
0 0.0796875 0.890625 0.05078125 0.0703125
0 0.09375 0.8125 0.04296875 0.0390625
0 0.1296875 0.884375 0.0453125 0.05078125
0 0.034375 0.88984375 0.0453125 0.0609375
0 0.0265625 0.93671875 0.040625 0.0453125
0 0.046875 0.9734375 0.046875 0.0484375
0 0.0921875 0.9734375 0.05078125 0.0484375
0 0.13359375 0.9765625 0.053125 0.04296875
0 0.15546875 0.94609375 0.0453125 0.053125
0 0.4328125 0.9515625 0.0609375 0.0546875
0 0.628125 0.9734375 0.06875 0.0484375
0 0.56640625 0.97734375 0.0390625 0.040625
0 0.5734375 0.91796875 0.0484375 0.05078125
0 0.615625 0.91015625 0.03515625 0.0703125
0 0.49609375 0.8171875 0.0390625 0.0484375
0 0.4609375 0.84453125 0.02734375 0.0296875
0 0.4546875 0.803125 0.046875 0.0546875
0 0.490625 0.76875 0.06640625 0.0640625
0 0.4296875 0.7765625 0.04296875 0.0453125
0 0.409375 0.746875 0.0484375 0.053125
0 0.4546875 0.725 0.0546875 0.05078125
0 0.4171875 0.70234375 0.053125 0.0375
0 0.4703125 0.671875 0.0390625 0.0390625
0 0.4359375 0.6703125 0.03515625 0.04296875
0 0.39140625 0.675 0.040625 0.040625
0 0.45 0.6359375 0.053125 0.0609375
0 0.440625 0.59375 0.0375 0.0390625
0 0.43046875 0.553125 0.0453125 0.05078125
0 0.4015625 0.609375 0.0484375 0.05078125
0 0.371875 0.634375 0.053125 0.05078125
0 0.36796875 0.58125 0.06875 0.05625
0 0.38203125 0.546875 0.0609375 0.06640625
0 0.37109375 0.48125 0.05859375 0.0609375
0 0.371875 0.43359375 0.0484375 0.046875
0 0.3265625 0.44453125 0.0546875 0.05625
0 0.3265625 0.40234375 0.0546875 0.05859375
0 0.3421875 0.359375 0.0625 0.0625
0 0.28203125 0.29609375 0.0484375 0.053125
0 0.225 0.215625 0.05078125 0.053125
0 0.2375 0.17109375 0.0609375 0.0484375
0 0.24375 0.12421875 0.0625 0.0640625
0 0.17265625 0.11875 0.0453125 0.046875
0 0.20625 0.0984375 0.053125 0.053125
0 0.21953125 0.05546875 0.053125 0.053125
0 0.165625 0.06875 0.05859375 0.0546875
0 0.1859375 0.03046875 0.0546875 0.0484375
0 0.2984375 0.0265625 0.046875 0.0453125
0 0.34765625 0.025 0.03515625 0.03515625
0 0.31875 0.0546875 0.046875 0.046875
0 0.3984375 0.04375 0.05078125 0.0453125
0 0.4 0.0828125 0.0390625 0.0296875
0 0.36875 0.08125 0.0390625 0.040625
0 0.33203125 0.12578125 0.04296875 0.05625
0 0.3765625 0.125 0.0546875 0.04296875
0 0.3609375 0.1609375 0.04296875 0.0375
0 0.3953125 0.16796875 0.0375 0.04296875
0 0.43359375 0.146875 0.0625 0.0546875
0 0.43125 0.1765625 0.0390625 0.0296875
0 0.4375 0.203125 0.04296875 0.03515625
0 0.36015625 0.21875 0.040625 0.0390625
0 0.3859375 0.253125 0.0484375 0.0484375
0 0.42265625 0.2671875 0.040625 0.02734375
0 0.41328125 0.3 0.05625 0.053125
0 0.46875 0.38203125 0.0546875 0.05625
0 0.48515625 0.43046875 0.040625 0.05625
0 0.5296875 0.41875 0.04296875 0.0484375
0 0.546875 0.44921875 0.03515625 0.03515625
0 0.5109375 0.46875 0.053125 0.046875
0 0.47734375 0.496875 0.053125 0.053125
0 0.521875 0.515625 0.05078125 0.05078125
0 0.5703125 0.5421875 0.046875 0.0375
0 0.53203125 0.56171875 0.053125 0.0453125
0 0.5296875 0.5921875 0.03515625 0.03125
0 0.50078125 0.60859375 0.0375 0.040625
0 0.571875 0.60234375 0.05078125 0.0484375
0 0.61015625 0.653125 0.071875 0.06875
0 0.54375 0.66796875 0.0453125 0.046875
0 0.571875 0.72734375 0.04296875 0.053125
0 0.6171875 0.71015625 0.04296875 0.0484375
0 0.640625 0.690625 0.0546875 0.053125
0 0.64765625 0.746875 0.0609375 0.0640625
0 0.59375 0.7734375 0.0390625 0.04296875
0 0.63203125 0.784375 0.0453125 0.053125
0 0.69375 0.803125 0.0546875 0.046875
0 0.690625 0.8390625 0.0453125 0.0375
0 0.62109375 0.815625 0.046875 0.0453125
0 0.70703125 0.9328125 0.046875 0.0484375
0 0.74609375 0.95625 0.05078125 0.0484375
0 0.75390625 0.8671875 0.03515625 0.046875
0 0.88125 0.9140625 0.04296875 0.04296875
0 0.8296875 0.875 0.04296875 0.046875
0 0.87421875 0.8703125 0.0453125 0.040625
0 0.89765625 0.8203125 0.0375 0.0390625
0 0.86328125 0.82734375 0.03125 0.0328125
0 0.87109375 0.790625 0.0546875 0.046875
0 0.8296875 0.821875 0.0546875 0.04296875
0 0.78203125 0.846875 0.0453125 0.0484375
0 0.778125 0.8015625 0.0484375 0.0453125
0 0.821875 0.784375 0.05078125 0.05625
0 0.765625 0.78125 0.03515625 0.03515625
0 0.7296875 0.7328125 0.0375 0.05859375
0 0.80078125 0.73046875 0.0390625 0.05078125
0 0.7609375 0.7203125 0.0328125 0.0390625
0 0.7828125 0.69453125 0.0390625 0.040625
0 0.81640625 0.6640625 0.046875 0.05078125
0 0.7671875 0.6546875 0.05078125 0.0625
0 0.73828125 0.68671875 0.05078125 0.05625
0 0.7328125 0.646875 0.04296875 0.04296875
0 0.71953125 0.60859375 0.053125 0.0609375
0 0.815625 0.62421875 0.040625 0.0484375
0 0.83984375 0.59765625 0.0546875 0.0625
0 0.74921875 0.55078125 0.0453125 0.05078125
0 0.7796875 0.5890625 0.046875 0.05625
0 0.79765625 0.55 0.05625 0.040625
0 0.80078125 0.5 0.05859375 0.0625
0 0.7390625 0.50078125 0.0484375 0.05625
0 0.6453125 0.50703125 0.0609375 0.05625
0 0.6703125 0.471875 0.05859375 0.0484375
0 0.60546875 0.46171875 0.04296875 0.0484375
0 0.603125 0.425 0.046875 0.040625
0 0.68828125 0.4 0.0453125 0.0390625
0 0.68671875 0.36328125 0.0453125 0.04296875
0 0.646875 0.40703125 0.046875 0.0453125
0 0.625 0.38359375 0.05859375 0.0375
0 0.59296875 0.34375 0.0453125 0.05078125
0 0.55625 0.3578125 0.046875 0.05078125
0 0.65 0.30546875 0.0546875 0.0484375
0 0.678125 0.28203125 0.046875 0.0453125
0 0.49609375 0.0359375 0.04296875 0.0484375
0 0.46484375 0.05859375 0.03515625 0.03515625
0 0.4875 0.084375 0.0296875 0.0390625
0 0.525 0.0671875 0.0390625 0.0375
0 0.5171875 0.1171875 0.04296875 0.04296875
0 0.48515625 0.1421875 0.0296875 0.0390625
0 0.4953125 0.18125 0.0296875 0.0546875
0 0.52421875 0.1609375 0.0453125 0.0453125
0 0.59296875 0.1015625 0.0328125 0.0390625
0 0.5671875 0.121875 0.0328125 0.0328125
0 0.5828125 0.1515625 0.040625 0.0328125
0 0.58125 0.184375 0.0375 0.0296875
0 0.55390625 0.22578125 0.040625 0.0453125
0 0.51875 0.21875 0.0453125 0.046875
0 0.553125 0.275 0.03515625 0.03515625
0 0.54609375 0.30859375 0.040625 0.03125
0 0.590625 0.28046875 0.040625 0.0484375
0 0.61640625 0.25 0.0375 0.04296875
0 0.603125 0.21875 0.05078125 0.046875
0 0.640625 0.05078125 0.02734375 0.03515625
0 0.6625 0.03125 0.03515625 0.03125
0 0.725 0.05546875 0.03515625 0.0328125
0 0.7375 0.025 0.0328125 0.03125
0 0.7015625 0.021875 0.03125 0.03125
0 0.6484375 0.1 0.0390625 0.04296875
0 0.690625 0.11015625 0.0375 0.0375
0 0.734375 0.1265625 0.0390625 0.05078125
0 0.69453125 0.15625 0.0453125 0.04296875
0 0.6890625 0.19375 0.04296875 0.03125
0 0.7296875 0.1953125 0.0375 0.02734375
0 0.7515625 0.2328125 0.0390625 0.0390625
0 0.78125 0.2125 0.03515625 0.04296875
0 0.753125 0.1859375 0.0328125 0.0390625
0 0.88203125 0.42265625 0.0484375 0.0484375
0 0.8625 0.4578125 0.0375 0.0375
0 0.85234375 0.48125 0.0296875 0.0296875
0 0.91328125 0.48046875 0.0375 0.03125
0 0.93046875 0.45625 0.0328125 0.0296875
0 0.8828125 0.5296875 0.04296875 0.0390625
0 0.9234375 0.53046875 0.046875 0.040625
0 0.9609375 0.55390625 0.03515625 0.0453125
0 0.8890625 0.58984375 0.046875 0.046875
0 0.94921875 0.62421875 0.0390625 0.040625
0 0.91484375 0.62578125 0.0375 0.0328125
0 0.94140625 0.66484375 0.0390625 0.0375
0 0.90625 0.665625 0.03125 0.03515625
0 0.93671875 0.7 0.040625 0.0484375
0 0.9171875 0.73125 0.0375 0.040625
0 0.97734375 0.71484375 0.040625 0.04296875
0 0.95703125 0.7578125 0.03515625 0.04296875
0 0.940625 0.78125 0.0296875 0.0390625
0 0.9640625 0.8265625 0.0296875 0.04296875
0 0.9875 0.815625 0.021875 0.040625
0 0.9890625 0.753125 0.0171875 0.0328125
0 0.87109375 0.21953125 0.04296875 0.0328125
0 0.8203125 0.19609375 0.02734375 0.053125
0 0.8640625 0.25390625 0.0296875 0.03515625
0 0.9015625 0.2625 0.0296875 0.0375
0 0.9203125 0.234375 0.03515625 0.03515625
0 0.9640625 0.23359375 0.040625 0.040625
0 0.9375 0.203125 0.04296875 0.03125
0 0.9171875 0.1625 0.0328125 0.03515625
0 0.8859375 0.153125 0.0296875 0.0328125
0 0.85546875 0.178125 0.03515625 0.04296875
0 0.8546875 0.1265625 0.0296875 0.02734375
0 0.83203125 0.10234375 0.0390625 0.0375
0 0.93046875 0.1203125 0.040625 0.0375
0 0.8921875 0.096875 0.05078125 0.0453125
0 0.85234375 0.053125 0.040625 0.0546875
0 0.8875 0.05078125 0.0328125 0.02734375
0 0.8921875 0.01953125 0.05078125 0.03515625
0 0.8234375 0.01953125 0.0328125 0.03515625
0 0.7921875 0.01953125 0.0328125 0.0390625
0 0.95625 0.059375 0.0328125 0.053125
0 0.97578125 0.103125 0.0375 0.046875
