0 0.00859375 0.26484375 0.0171875 0.0359375
0 0.01484375 0.2390625 0.0296875 0.053125
0 0.01171875 0.23359375 0.0234375 0.0359375
0 0.01171875 0.375 0.0234375 0.059375
0 0.015625 0.334375 0.03125 0.059375
0 0.01484375 0.28046875 0.0296875 0.0609375
0 0.0203125 0.3734375 0.040625 0.075
0 0.01796875 0.4125 0.0359375 0.06875
0 0.03203125 0.45234375 0.0640625 0.0703125
0 0.07890625 0.415625 0.08125 0.075
0 0.1125 0.44609375 0.0671875 0.0609375
0 0.153125 0.44140625 0.0546875 0.0609375
0 0.16015625 0.478125 0.0625 0.06875
0 0.103125 0.48984375 0.0640625 0.0671875
0 0.08203125 0.525 0.0390625 0.0453125
0 0.13125 0.5078125 0.053125 0.053125
0 0.15 0.5484375 0.059375 0.059375
0 0.19140625 0.59140625 0.06875 0.0703125
0 0.2296875 0.5640625 0.0625 0.065625
0 0.240625 0.52265625 0.06875 0.071875
0 0.22109375 0.64375 0.0734375 0.071875
0 0.3 0.5796875 0.071875 0.075
0 0.3015625 0.6609375 0.078125 0.075
0 0.3046875 0.72890625 0.0515625 0.0515625
0 0.3421875 0.73515625 0.046875 0.0546875
0 0.38515625 0.72890625 0.0625 0.06875
0 0.45390625 0.7375 0.0578125 0.0609375
0 0.4453125 0.8296875 0.0640625 0.0671875
0 0.51640625 0.84296875 0.0703125 0.0734375
0 0.53046875 0.88046875 0.08125 0.08125
0 0.0140625 0.53828125 0.028125 0.0640625
0 0.0109375 0.58828125 0.021875 0.0578125
0 0.03046875 0.646875 0.0375 0.04375
0 0.06171875 0.68046875 0.0578125 0.0546875
0 0.0609375 0.7125 0.0421875 0.0515625
0 0.11015625 0.67421875 0.0609375 0.0546875
0 0.13671875 0.7109375 0.05 0.05
0 0.1140625 0.721875 0.053125 0.05625
0 0.1640625 0.79140625 0.06875 0.06875
0 0.2078125 0.76015625 0.065625 0.0671875
0 0.21171875 0.8265625 0.08125 0.0828125
0 0.26953125 0.83203125 0.075 0.084375
0 0.31328125 0.81875 0.071875 0.0828125
0 0.3046875 0.86796875 0.078125 0.08125
0 0.32734375 0.92890625 0.071875 0.0796875
0 0.3015625 0.95859375 0.084375 0.0828125
0 0.378125 0.971875 0.08125 0.05625
0 0.4484375 0.98203125 0.1 0.0359375
0 0.84921875 0.88125 0.0546875 0.0359375
0 0.8921875 0.85703125 0.0609375 0.04375
0 0.709375 0.87578125 0.05 0.0546875
0 0.74296875 0.8296875 0.0765625 0.075
0 0.6984375 0.7765625 0.06875 0.0625
0 0.67734375 0.834375 0.0890625 0.0953125
0 0.63984375 0.75 0.065625 0.0625
0 0.609375 0.79765625 0.078125 0.0796875
0 0.590625 0.74453125 0.084375 0.08125
0 0.63203125 0.6875 0.046875 0.046875
0 0.6046875 0.69609375 0.075 0.075
0 0.59375 0.65703125 0.0734375 0.0703125
0 0.5359375 0.72734375 0.0640625 0.0640625
0 0.50390625 0.696875 0.075 0.075
0 0.5359375 0.65546875 0.0765625 0.075
0 0.56328125 0.6140625 0.071875 0.0765625
0 0.52109375 0.57265625 0.0671875 0.0640625
0 0.47890625 0.64453125 0.0859375 0.0796875
0 0.46640625 0.590625 0.09375 0.096875
0 0.41796875 0.525 0.0765625 0.06875
0 0.4015625 0.4734375 0.078125 0.0796875
0 0.36171875 0.51171875 0.0890625 0.0765625
0 0.33671875 0.46171875 0.0953125 0.0859375
0 0.32734375 0.4140625 0.071875 0.071875
0 0.2484375 0.36953125 0.0875 0.0875
0 0.13671875 0.31015625 0.0734375 0.06875
0 0.12578125 0.2609375 0.0859375 0.084375
0 0.0953125 0.2 0.071875 0.078125
0 0.053125 0.2015625 0.0671875 0.0703125
0 0.02421875 0.23203125 0.0484375 0.0578125
0 0.0203125 0.1953125 0.040625 0.053125
0 0.04921875 0.17265625 0.0671875 0.0484375
0 0.02421875 0.1890625 0.0484375 0.05
0 0.1375 0.13125 0.0546875 0.04375
0 0.1625 0.11953125 0.0609375 0.046875
0 0.19453125 0.1046875 0.0640625 0.0484375
0 0.24765625 0.07578125 0.0546875 0.0390625
0 0.25390625 0.0890625 0.0640625 0.059375
0 0.22265625 0.10625 0.06875 0.065625
0 0.20078125 0.16796875 0.0765625 0.0859375
0 0.246875 0.14765625 0.078125 0.078125
0 0.29453125 0.1828125 0.0765625 0.075
0 0.2578125 0.19296875 0.0703125 0.06875
0 0.33984375 0.1671875 0.0671875 0.0640625
0 0.35390625 0.203125 0.0609375 0.0609375
0 0.26875 0.25390625 0.059375 0.0640625
0 0.29765625 0.2171875 0.065625 0.065625
0 0.32578125 0.25078125 0.0578125 0.0578125
0 0.3265625 0.28359375 0.0640625 0.0640625
0 0.371875 0.30546875 0.0640625 0.0609375
0 0.3765625 0.25859375 0.0796875 0.0734375
0 0.47578125 0.37421875 0.071875 0.0734375
0 0.52421875 0.41328125 0.071875 0.0765625
0 0.55703125 0.384375 0.078125 0.075
0 0.57109375 0.4453125 0.0671875 0.0625
0 0.55234375 0.490625 0.0828125 0.0859375
0 0.6046875 0.4921875 0.0703125 0.0734375
0 0.66875 0.48828125 0.071875 0.0796875
0 0.63515625 0.5296875 0.0609375 0.0578125
0 0.62890625 0.596875 0.06875 0.071875
0 0.64921875 0.56328125 0.0546875 0.05
0 0.6984375 0.5515625 0.071875 0.0734375
0 0.7734375 0.59140625 0.1015625 0.09375
0 0.73046875 0.64140625 0.0734375 0.071875
0 0.75546875 0.690625 0.075 0.078125
0 0.8015625 0.6515625 0.0734375 0.06875
0 0.85625 0.678125 0.0859375 0.084375
0 0.8203125 0.73515625 0.0578125 0.0578125
0 0.8578125 0.76484375 0.0640625 0.0640625
0 0.86640625 0.72109375 0.06875 0.06875
0 0.9265625 0.7125 0.084375 0.08125
0 0.9453125 0.76328125 0.065625 0.0625
0 0.9203125 0.79296875 0.071875 0.06875
0 0.99140625 0.6625 0.0171875 0.071875
0 0.9671875 0.6015625 0.065625 0.0625
0 0.99375 0.5640625 0.0125 0.04375
0 0.96875 0.55546875 0.0625 0.0765625
0 0.9328125 0.56875 0.0765625 0.075
0 0.97890625 0.503125 0.0421875 0.075
0 0.94609375 0.5203125 0.0859375 0.0890625
0 0.96875 0.4640625 0.0625 0.06875
0 0.89140625 0.53046875 0.0609375 0.0640625
0 0.86796875 0.4765625 0.0921875 0.090625
0 0.9234375 0.44296875 0.078125 0.078125
0 0.87890625 0.41953125 0.0828125 0.0796875
0 0.9265625 0.39453125 0.078125 0.0796875
0 0.83984375 0.365625 0.0984375 0.096875
0 0.9015625 0.34140625 0.0828125 0.08125
0 0.73125 0.42109375 0.0890625 0.0828125
0 0.74140625 0.36328125 0.078125 0.078125
0 0.6828125 0.3859375 0.0921875 0.0859375
0 0.64765625 0.35234375 0.071875 0.06875
0 0.73046875 0.2859375 0.0765625 0.0703125
0 0.71015625 0.24609375 0.0734375 0.06875
0 0.68125 0.31640625 0.059375 0.065625
0 0.64453125 0.30859375 0.08125 0.084375
0 0.609375 0.26953125 0.084375 0.08125
0 0.5640625 0.30390625 0.06875 0.0734375
0 0.52890625 0.25859375 0.078125 0.075
0 0.640625 0.20859375 0.071875 0.065625
0 0.65390625 0.16015625 0.0703125 0.0796875
0 0.56171875 0.1984375 0.0671875 0.0625
0 0.57734375 0.15703125 0.0890625 0.084375
0 0.5078125 0.21953125 0.078125 0.06875
0 0.50234375 0.15859375 0.0734375 0.0703125
0 0.44296875 0.1734375 0.078125 0.0828125
0 0.509375 0.10625 0.0859375 0.0765625
0 0.48671875 0.0640625 0.0859375 0.0890625
0 0.43125 0.1 0.0828125 0.0796875
0 0.37734375 0.10234375 0.0546875 0.0578125
0 0.40390625 0.1390625 0.0546875 0.0609375
0 0.40078125 0.06484375 0.0890625 0.0921875
0 0.35 0.0453125 0.059375 0.0625
0 0.3953125 0.0265625 0.075 0.053125
0 0.35546875 0.03359375 0.0796875 0.0609375
0 0.5265625 0.01484375 0.08125 0.0296875
0 0.534375 0.021875 0.084375 0.04375
0 0.58203125 0.01640625 0.0703125 0.0328125
0 0.6375 0.02109375 0.084375 0.0421875
0 0.61953125 0.02421875 0.0828125 0.0484375
0 0.628125 0.05859375 0.075 0.078125
0 0.6828125 0.0375 0.0625 0.0671875
0 0.71328125 0.071875 0.078125 0.075
0 0.67421875 0.11328125 0.090625 0.090625
0 0.60390625 0.01015625 0.0546875 0.0203125
0 0.93515625 0.26640625 0.03125 0.04375
0 0.940625 0.30078125 0.05 0.0578125
0 0.81015625 0.015625 0.0390625 0.03125
0 0.83203125 0.0453125 0.0296875 0.0421875
0 0.7875 0.01640625 0.05 0.0328125
0 0.7640625 0.01484375 0.046875 0.0296875
0 0.728125 0.01484375 0.05625 0.0296875
0 0.71640625 0.01171875 0.0671875 0.0234375
