0 0.09765625 0.0140625 0.0296875 0.028125
0 0.13515625 0.0140625 0.0546875 0.028125
0 0.1359375 0.009375 0.04375 0.01875
0 0.07421875 0.08828125 0.0265625 0.0484375
0 0.11953125 0.0859375 0.0515625 0.0453125
0 0.1671875 0.06015625 0.046875 0.0484375
0 0.11875 0.12890625 0.06875 0.05625
0 0.10625 0.1625 0.05625 0.053125
0 0.10625 0.20703125 0.053125 0.05625
0 0.1625 0.2046875 0.0671875 0.05625
0 0.17109375 0.2453125 0.0546875 0.046875
0 0.203125 0.26171875 0.040625 0.05
0 0.18984375 0.29296875 0.046875 0.05625
0 0.1421875 0.271875 0.05 0.053125
0 0.10859375 0.2875 0.0296875 0.0375
0 0.153125 0.30078125 0.0421875 0.0421875
0 0.14609375 0.33984375 0.046875 0.046875
0 0.1546875 0.39296875 0.053125 0.05625
0 0.196875 0.39296875 0.046875 0.0515625
0 0.2265625 0.36875 0.053125 0.0578125
0 0.14921875 0.44765625 0.0578125 0.05625
0 0.240625 0.43984375 0.0546875 0.0609375
0 0.2 0.5015625 0.0625 0.0578125
0 0.1671875 0.55390625 0.0390625 0.040625
0 0.1921875 0.578125 0.034375 0.046875
0 0.22578125 0.5953125 0.046875 0.05625
0 0.271875 0.6375 0.0453125 0.0484375
0 0.21796875 0.70078125 0.05 0.053125
0 0.26328125 0.74765625 0.0546875 0.0578125
0 0.25546875 0.78203125 0.0640625 0.0640625
0 0.0453125 0.2515625 0.0265625 0.0515625
0 0.0375 0.296875 0.0265625 0.0515625
0 0.0265625 0.35546875 0.021875 0.034375
0 0.021875 0.39375 0.0265625 0.0390625
0 0.01484375 0.4203125 0.0234375 0.0421875
0 0.0515625 0.4125 0.05 0.040625
0 0.05234375 0.45390625 0.0390625 0.0390625
0 0.02890625 0.45 0.040625 0.0453125
0 0.03046875 0.5265625 0.053125 0.053125
0 0.07890625 0.5265625 0.0515625 0.053125
0 0.046875 0.57734375 0.0640625 0.065625
0 0.08671875 0.6109375 0.0546875 0.0703125
0 0.1265625 0.62421875 0.053125 0.0703125
0 0.0953125 0.65703125 0.059375 0.065625
0 0.0796875 0.71328125 0.0546875 0.065625
0 0.04453125 0.725 0.0640625 0.06875
0 0.08828125 0.78203125 0.0640625 0.065625
0 0.128125 0.8375 0.08125 0.0703125
0 0.15 0.88828125 0.06875 0.0609375
0 0.16953125 0.9375 0.0578125 0.0328125
0 0.01640625 0.7703125 0.0328125 0.046875
0 0.0078125 0.76953125 0.015625 0.0515625
0 0.00859375 0.83671875 0.0171875 0.0578125
0 0.015625 0.8484375 0.03125 0.08125
0 0.03125 0.85234375 0.0625 0.059375
0 0.03671875 0.90625 0.05 0.0453125
0 0.00859375 0.8859375 0.0171875 0.05
0 0.3421875 0.9625 0.065625 0.04375
0 0.4859375 0.96875 0.059375 0.0625
0 0.53203125 0.96953125 0.0609375 0.0609375
0 0.390625 0.871875 0.0390625 0.0453125
0 0.43828125 0.85546875 0.0609375 0.059375
0 0.43359375 0.7921875 0.05625 0.046875
0 0.38828125 0.825 0.0671875 0.0765625
0 0.403125 0.74296875 0.0515625 0.046875
0 0.35625 0.76171875 0.0625 0.0625
0 0.3703125 0.71328125 0.0671875 0.0625
0 0.43046875 0.6921875 0.0375 0.0375
0 0.40546875 0.68515625 0.059375 0.059375
0 0.41796875 0.65078125 0.0578125 0.0546875
0 0.3390625 0.671875 0.05 0.0515625
0 0.33046875 0.6328125 0.059375 0.059375
0 0.375 0.61953125 0.0609375 0.059375
0 0.4171875 0.60390625 0.0546875 0.0625
0 0.4078125 0.55 0.053125 0.05
0 0.3390625 0.58125 0.06875 0.0609375
0 0.3578125 0.53515625 0.071875 0.0765625
0 0.35625 0.46171875 0.0640625 0.0515625
0 0.3703125 0.415625 0.0625 0.0625
0 0.32109375 0.42265625 0.0734375 0.05625
0 0.32890625 0.371875 0.078125 0.0640625
0 0.34609375 0.3328125 0.05625 0.05625
0 0.3109375 0.25859375 0.06875 0.06875
0 0.26015625 0.15703125 0.059375 0.053125
0 0.2765625 0.11484375 0.06875 0.0671875
0 0.2859375 0.0546875 0.053125 0.0640625
0 0.253125 0.03359375 0.0515625 0.0546875
0 0.21484375 0.040625 0.040625 0.046875
0 0.225 0.01484375 0.059375 0.0296875
0 0.26796875 0.01328125 0.0640625 0.0265625
0 0.24140625 0.0125 0.0546875 0.025
0 0.36171875 0.0078125 0.0484375 0.015625
0 0.38203125 0.01484375 0.0578125 0.0296875
0 0.41640625 0.01015625 0.0578125 0.0203125
0 0.46796875 0.01640625 0.0515625 0.0328125
0 0.46015625 0.05390625 0.0515625 0.0453125
0 0.42890625 0.05 0.0546875 0.05
0 0.38046875 0.084375 0.05625 0.0703125
0 0.425 0.09296875 0.0609375 0.0609375
0 0.44140625 0.14453125 0.0609375 0.059375
0 0.409375 0.1328125 0.05625 0.053125
0 0.48359375 0.15703125 0.053125 0.05
0 0.475 0.18984375 0.0484375 0.046875
0 0.38671875 0.184375 0.0453125 0.0515625
0 0.4265625 0.17109375 0.0515625 0.0515625
0 0.4296875 0.21171875 0.0453125 0.0453125
0 0.4140625 0.23515625 0.05 0.0515625
0 0.4359375 0.275 0.05 0.046875
0 0.4625 0.24296875 0.0640625 0.0546875
0 0.47734375 0.38046875 0.05625 0.0578125
0 0.4921875 0.434375 0.0546875 0.0625
0 0.53125 0.4296875 0.0625 0.0578125
0 0.51015625 0.48125 0.0546875 0.046875
0 0.4734375 0.50625 0.0640625 0.06875
0 0.51171875 0.534375 0.0546875 0.0578125
0 0.56015625 0.56484375 0.0546875 0.065625
0 0.5140625 0.578125 0.0484375 0.0453125
0 0.475 0.62421875 0.053125 0.0578125
0 0.5078125 0.609375 0.0453125 0.0390625
0 0.54921875 0.6265625 0.05625 0.0578125
0 0.584375 0.6953125 0.0828125 0.071875
0 0.52734375 0.709375 0.0578125 0.05625
0 0.51953125 0.7578125 0.0578125 0.0625
0 0.57421875 0.75390625 0.059375 0.053125
0 0.60078125 0.8015625 0.06875 0.0671875
0 0.54453125 0.825 0.0453125 0.0453125
0 0.5578125 0.8671875 0.05 0.0515625
0 0.5859375 0.8390625 0.053125 0.053125
0 0.63515625 0.86328125 0.0671875 0.0625
0 0.62265625 0.91015625 0.0515625 0.046875
0 0.58828125 0.91953125 0.0578125 0.053125
0 0.63828125 0.99140625 0.0578125 0.0171875
0 0.7 0.9421875 0.0328125 0.0375
0 0.7640625 0.96953125 0.053125 0.05625
0 0.82109375 0.978125 0.0640625 0.04375
0 0.85703125 0.93984375 0.04375 0.04375
0 0.82109375 0.93515625 0.04375 0.05
0 0.7828125 0.9203125 0.08125 0.0578125
0 0.72578125 0.92109375 0.05625 0.0421875
0 0.7328125 0.8765625 0.0640625 0.053125
0 0.7875 0.87734375 0.065625 0.0546875
0 0.8328125 0.8890625 0.0578125 0.0625
0 0.765625 0.83046875 0.059375 0.0453125
0 0.72421875 0.8046875 0.0546875 0.046875
0 0.77734375 0.8 0.0453125 0.0296875
0 0.75390625 0.77421875 0.0625 0.059375
0 0.7140625 0.7609375 0.0609375 0.059375
0 0.796875 0.74765625 0.0671875 0.05625
0 0.74921875 0.73125 0.0671875 0.0703125
0 0.8 0.70546875 0.0609375 0.0515625
0 0.70390625 0.71015625 0.046875 0.05
0 0.7140625 0.659375 0.0734375 0.0703125
0 0.771875 0.6625 0.0609375 0.0609375
0 0.7515625 0.62265625 0.065625 0.0625
0 0.79921875 0.628125 0.0625 0.0625
0 0.75 0.5625 0.078125 0.0765625
0 0.80859375 0.57578125 0.065625 0.0640625
0 0.64140625 0.546875 0.071875 0.0640625
0 0.67890625 0.509375 0.0609375 0.0609375
0 0.6234375 0.49609375 0.0734375 0.065625
0 0.615625 0.453125 0.0578125 0.053125
0 0.7109375 0.44609375 0.0609375 0.053125
0 0.71640625 0.40625 0.059375 0.053125
0 0.659375 0.44296875 0.04375 0.0546875
0 0.6359375 0.41953125 0.0625 0.0671875
0 0.6296875 0.371875 0.0671875 0.0625
0 0.5796875 0.3734375 0.053125 0.059375
0 0.5765625 0.321875 0.0625 0.0578125
0 0.684375 0.34296875 0.059375 0.0484375
0 0.71953125 0.31328125 0.0515625 0.065625
0 0.63125 0.29453125 0.0546875 0.046875
0 0.66484375 0.271875 0.071875 0.065625
0 0.58125 0.28203125 0.065625 0.05
0 0.60859375 0.234375 0.0578125 0.0546875
0 0.55703125 0.2140625 0.0609375 0.0671875
0 0.64140625 0.2 0.0703125 0.05625
0 0.6453125 0.15625 0.0671875 0.0703125
0 0.5859375 0.15390625 0.065625 0.0625
0 0.5453125 0.128125 0.0421875 0.0453125
0 0.54609375 0.16875 0.040625 0.05
0 0.58125 0.1109375 0.06875 0.071875
0 0.5546875 0.071875 0.046875 0.05
0 0.603125 0.06640625 0.0671875 0.06875
0 0.56953125 0.0296875 0.0734375 0.059375
0 0.7390625 0.059375 0.075 0.059375
0 0.72578125 0.11796875 0.065625 0.071875
0 0.76640625 0.134375 0.0546875 0.0515625
0 0.81171875 0.1578125 0.065625 0.065625
0 0.77265625 0.18515625 0.065625 0.0625
0 0.753125 0.22578125 0.0578125 0.0625
0 0.80390625 0.2375 0.046875 0.0546875
0 0.80859375 0.27890625 0.0625 0.0578125
0 0.75859375 0.2890625 0.0703125 0.0703125
0 0.81328125 0.09296875 0.0515625 0.05
0 0.915625 0.5015625 0.0625 0.0625
0 0.88828125 0.540625 0.05 0.0453125
0 0.87109375 0.56875 0.0609375 0.053125
0 0.934375 0.5703125 0.06875 0.0609375
0 0.928125 0.61875 0.071875 0.0546875
0 0.9640625 0.65234375 0.0421875 0.065625
0 0.884375 0.68046875 0.0671875 0.0703125
0 0.93984375 0.73359375 0.05625 0.0578125
0 0.8875 0.76328125 0.0515625 0.05
0 0.9203125 0.81953125 0.053125 0.059375
0 0.9265625 0.865625 0.0421875 0.0578125
0 0.9046875 0.89375 0.053125 0.0640625
0 0.91328125 0.94921875 0.0390625 0.065625
0 0.93671875 0.28359375 0.0671875 0.05625
0 0.96171875 0.334375 0.0453125 0.0484375
0 0.92265625 0.32265625 0.0421875 0.0421875
0 0.9828125 0.3078125 0.034375 0.05
0 0.990625 0.2796875 0.01875 0.059375
0 0.98359375 0.22890625 0.0328125 0.0578125
0 0.96875 0.21875 0.0578125 0.0625
0 0.92890625 0.24140625 0.0515625 0.0609375
0 0.93984375 0.19296875 0.053125 0.05625
0 0.91328125 0.15390625 0.04375 0.05
0 0.975 0.146875 0.05 0.0625
0 0.9625 0.10703125 0.0609375 0.0609375
0 0.92890625 0.07890625 0.059375 0.03125
0 0.98828125 0.08671875 0.0234375 0.0203125
