0 0.01015625 0.109375 0.0203125 0.040625
0 0.01015625 0.1046875 0.0203125 0.046875
0 0.03046875 0.0953125 0.046875 0.0453125
0 0.25 0.0515625 0.053125 0.0375
0 0.17734375 0.11171875 0.0609375 0.0640625
0 0.259375 0.159375 0.05 0.0640625
0 0.31875 0.2109375 0.05625 0.0671875
0 0.384375 0.284375 0.053125 0.0453125
0 0.44140625 0.26015625 0.06875 0.05625
0 0.38359375 0.1890625 0.046875 0.05
0 0.5359375 0.25234375 0.0640625 0.053125
0 0.4890625 0.221875 0.046875 0.0453125
0 0.5515625 0.21953125 0.0578125 0.059375
0 0.63125 0.2171875 0.04375 0.0546875
0 0.646875 0.17578125 0.06875 0.0421875
0 0.715625 0.1796875 0.046875 0.05
0 0.83125 0.121875 0.0515625 0.0484375
0 0.78828125 0.22421875 0.0625 0.04375
0 0.81875 0.165625 0.05625 0.04375
0 0.91328125 0.16953125 0.0625 0.05625
0 0.97578125 0.36953125 0.025 0.046875
0 0.94140625 0.3875 0.0640625 0.0484375
0 0.9328125 0.43828125 0.0453125 0.0625
0 0.91640625 0.48203125 0.0625 0.065625
0 0.85859375 0.48984375 0.053125 0.0515625
0 0.82734375 0.4515625 0.0484375 0.05625
0 0.834375 0.41640625 0.04375 0.0375
0 0.7546875 0.4421875 0.04375 0.040625
0 0.73046875 0.515625 0.0484375 0.0453125
0 0.66796875 0.54375 0.046875 0.0359375
0 0.6890625 0.575 0.0390625 0.0359375
0 0.584375 0.6828125 0.0546875 0.0546875
0 0.475 0.671875 0.0515625 0.05
0 0.528125 0.68984375 0.04375 0.053125
0 0.41484375 0.63671875 0.0515625 0.05
0 0.40234375 0.67109375 0.0453125 0.0484375
0 0.36484375 0.6734375 0.034375 0.0390625
0 0.34375 0.65234375 0.04375 0.05
0 0.31875 0.6046875 0.0515625 0.05625
0 0.3078125 0.6609375 0.05625 0.05625
0 0.2546875 0.646875 0.046875 0.0359375
0 0.24453125 0.60703125 0.0421875 0.0421875
0 0.15 0.60859375 0.0390625 0.034375
0 0.08125 0.58359375 0.046875 0.0421875
0 0.109375 0.58515625 0.0390625 0.034375
0 0.03671875 0.53515625 0.046875 0.0421875
0 0.028125 0.48828125 0.0421875 0.04375
0 0.01328125 0.51640625 0.0265625 0.0390625
0 0.0078125 0.53125 0.015625 0.034375
0 0.0421875 0.65078125 0.05 0.0421875
0 0.02734375 0.6515625 0.021875 0.046875
0 0.98671875 0.7890625 0.0265625 0.053125
0 0.9625 0.82421875 0.0484375 0.0453125
0 0.88828125 0.76484375 0.0609375 0.0578125
0 0.80546875 0.778125 0.05 0.05
0 0.809375 0.8140625 0.053125 0.05
0 0.7515625 0.6859375 0.0421875 0.0359375
0 0.08203125 0.940625 0.028125 0.0328125
0 0.08671875 0.98359375 0.0234375 0.0328125
0 0.09453125 0.98984375 0.0359375 0.0203125
0 0.1171875 0.9625 0.053125 0.0453125
0 0.16484375 0.93046875 0.059375 0.0515625
0 0.20234375 0.9484375 0.040625 0.0375
