0 0.09296875 0.00546875 0.0234375 0.0109375
0 0.1109375 0.00625 0.053125 0.0125
0 0.1671875 0.00625 0.0625 0.0125
0 0.38046875 0.00703125 0.0515625 0.0140625
0 0.446875 0.00859375 0.065625 0.0171875
0 0.415625 0.02421875 0.059375 0.0484375
0 0.5328125 0.03984375 0.0578125 0.0515625
0 0.45859375 0.09140625 0.065625 0.053125
0 0.5 0.11953125 0.0703125 0.0625
0 0.54296875 0.12421875 0.0640625 0.065625
0 0.58203125 0.1484375 0.0578125 0.0578125
0 0.65625 0.090625 0.0671875 0.0578125
0 0.67890625 0.13515625 0.0546875 0.0453125
0 0.684375 0.184375 0.0609375 0.0484375
0 0.7125 0.10234375 0.05 0.0484375
0 0.76171875 0.11015625 0.04375 0.046875
0 0.809375 0.115625 0.0515625 0.053125
0 0.76171875 0.1578125 0.046875 0.04375
0 0.8109375 0.16640625 0.05625 0.05625
0 0.86875 0.15 0.053125 0.0515625
0 0.90546875 0.190625 0.0515625 0.05625
0 0.9328125 0.13203125 0.0421875 0.0359375
0 0.965625 0.16875 0.040625 0.046875
0 0.99453125 0.18046875 0.0109375 0.0546875
0 0.959375 0.125 0.04375 0.0515625
0 0.290625 0.00546875 0.0375 0.0109375
0 0.253125 0.0078125 0.053125 0.015625
0 0.40546875 0.00703125 0.0578125 0.0140625
0 0.4578125 0.00625 0.075 0.0125
0 0.05234375 0.22578125 0.0375 0.059375
0 0.04453125 0.2421875 0.028125 0.0515625
0 0.04296875 0.265625 0.03125 0.053125
0 0.040625 0.28671875 0.0296875 0.0375
0 0.04609375 0.2765625 0.0390625 0.04375
0 0.028125 0.359375 0.0296875 0.0453125
0 0.05 0.3546875 0.046875 0.040625
0 0.08671875 0.36875 0.04375 0.0390625
0 0.14921875 0.359375 0.05625 0.0546875
0 0.19140625 0.3765625 0.05 0.0421875
0 0.23203125 0.396875 0.05 0.04375
0 0.209375 0.46171875 0.046875 0.0359375
0 0.27734375 0.503125 0.0515625 0.0515625
0 0.29765625 0.440625 0.0453125 0.0546875
0 0.3296875 0.52578125 0.05625 0.0609375
0 0.40390625 0.5 0.0578125 0.05625
0 0.3671875 0.53203125 0.0421875 0.0546875
0 0.359375 0.584375 0.0421875 0.040625
0 0.3265625 0.56875 0.0625 0.059375
0 0.40390625 0.609375 0.0453125 0.04375
0 0.43359375 0.56640625 0.04375 0.05
0 0.490625 0.6078125 0.0515625 0.0515625
0 0.55234375 0.62578125 0.0703125 0.0640625
0 0.6125 0.621875 0.0625 0.0546875
0 0.540625 0.5671875 0.0703125 0.0515625
0 0.6875 0.50546875 0.0703125 0.05
0 0.74921875 0.496875 0.0640625 0.05
0 0.71875 0.45546875 0.0578125 0.0515625
0 0.6703125 0.5515625 0.0484375 0.0453125
0 0.70859375 0.55546875 0.04375 0.0625
0 0.74140625 0.5453125 0.0421875 0.05625
0 0.79296875 0.55234375 0.046875 0.040625
0 0.85234375 0.490625 0.05 0.0546875
0 0.8328125 0.425 0.0484375 0.065625
0 0.88828125 0.44296875 0.071875 0.0625
0 0.896875 0.5078125 0.0546875 0.05625
0 0.93984375 0.50390625 0.04375 0.0515625
0 0.96484375 0.43359375 0.0703125 0.0546875
0 0.996875 0.446875 0.00625 0.0375
0 0.98125 0.484375 0.0375 0.053125
0 0.91875 0.8140625 0.0828125 0.0703125
0 0.92421875 0.87421875 0.053125 0.059375
0 0.87578125 0.87734375 0.0578125 0.0578125
0 0.71796875 0.8015625 0.06875 0.071875
0 0.80625 0.83359375 0.0625 0.0671875
0 0.76796875 0.82890625 0.0515625 0.06875
0 0.7765625 0.765625 0.0453125 0.0484375
0 0.75390625 0.7359375 0.05625 0.0578125
0 0.72265625 0.69921875 0.078125 0.06875
0 0.65390625 0.73125 0.0484375 0.053125
0 0.009375 0.70703125 0.01875 0.0578125
0 0.00625 0.76484375 0.0125 0.0453125
0 0.0078125 0.77265625 0.015625 0.0515625
0 0.01171875 0.73125 0.0234375 0.0625
0 0.06171875 0.753125 0.08125 0.0625
0 0.10390625 0.78203125 0.0625 0.0578125
0 0.203125 0.9296875 0.0671875 0.0578125
0 0.24375 0.9546875 0.0640625 0.03125
0 0.33046875 0.96015625 0.0703125 0.046875
