0 0.0078125 0.20546875 0.015625 0.0265625
0 0.0125 0.23203125 0.025 0.0546875
0 0.01171875 0.2 0.0234375 0.04375
0 0.01328125 0.17890625 0.0265625 0.0421875
0 0.01171875 0.225 0.0234375 0.04375
0 0.04296875 0.184375 0.06875 0.0671875
0 0.08671875 0.1484375 0.0609375 0.053125
0 0.13203125 0.15390625 0.0421875 0.05
0 0.1671875 0.10390625 0.04375 0.0390625
0 0.20546875 0.08515625 0.0484375 0.0328125
0 0.19609375 0.1953125 0.0625 0.0625
0 0.2484375 0.17578125 0.053125 0.04375
0 0.3109375 0.21640625 0.0734375 0.0703125
0 0.3390625 0.29296875 0.053125 0.05625
0 0.38359375 0.26171875 0.0546875 0.0546875
0 0.2921875 0.2875 0.0578125 0.0609375
0 0.43828125 0.2234375 0.05625 0.0484375
0 0.47890625 0.24375 0.065625 0.0609375
0 0.45859375 0.1765625 0.0515625 0.05
0 0.50625 0.1703125 0.0640625 0.0671875
0 0.5359375 0.21484375 0.0578125 0.0625
0 0.575 0.1875 0.05 0.046875
0 0.65625 0.13828125 0.0625 0.05625
0 0.6484375 0.17578125 0.053125 0.0453125
0 0.59296875 0.1359375 0.0703125 0.0625
0 0.67734375 0.08671875 0.0625 0.05
0 0.72109375 0.0640625 0.0546875 0.05
0 0.77578125 0.06328125 0.0671875 0.0625
0 0.821875 0.046875 0.059375 0.059375
0 0.8234375 0.10078125 0.0734375 0.071875
0 0.74765625 0.10625 0.065625 0.0765625
0 0.86640625 0.08828125 0.04375 0.0546875
0 0.93984375 0.278125 0.0328125 0.04375
0 0.909375 0.296875 0.05625 0.053125
0 0.9046875 0.3515625 0.065625 0.0640625
0 0.88828125 0.39296875 0.059375 0.05625
0 0.809375 0.3484375 0.0578125 0.0515625
0 0.80234375 0.390625 0.05625 0.05
0 0.8203125 0.42109375 0.053125 0.0484375
0 0.71953125 0.384375 0.06875 0.06875
0 0.68203125 0.4359375 0.0578125 0.0515625
0 0.7203125 0.46171875 0.0546875 0.05
0 0.66328125 0.50390625 0.065625 0.0578125
0 0.73359375 0.4921875 0.05 0.046875
0 0.6953125 0.5421875 0.0578125 0.0609375
0 0.6734375 0.6140625 0.0453125 0.046875
0 0.60859375 0.65390625 0.08125 0.0671875
0 0.5796875 0.609375 0.075 0.0671875
0 0.53984375 0.60234375 0.071875 0.0640625
0 0.49296875 0.60078125 0.06875 0.0625
0 0.43984375 0.62890625 0.0546875 0.0546875
0 0.5109375 0.65859375 0.06875 0.0578125
0 0.559375 0.665625 0.05 0.05625
0 0.43046875 0.6703125 0.053125 0.05625
0 0.38359375 0.678125 0.065625 0.0609375
0 0.33671875 0.684375 0.065625 0.0640625
0 0.32109375 0.62265625 0.0453125 0.0484375
0 0.25859375 0.61875 0.059375 0.0546875
0 0.21171875 0.61484375 0.046875 0.046875
0 0.17890625 0.61953125 0.05625 0.0515625
0 0.26640625 0.68359375 0.05 0.0484375
0 0.01171875 0.590625 0.0234375 0.040625
0 0.01484375 0.60703125 0.028125 0.04375
0 0.03203125 0.628125 0.0421875 0.0453125
0 0.0265625 0.56796875 0.0515625 0.0453125
0 0.046875 0.68203125 0.0328125 0.0375
0 0.08359375 0.6640625 0.05 0.0484375
0 0.11953125 0.65 0.059375 0.053125
0 0.97421875 0.7140625 0.0515625 0.05625
0 0.89140625 0.71953125 0.071875 0.059375
0 0.828125 0.728125 0.0625 0.0609375
0 0.89140625 0.64296875 0.05 0.046875
0 0.865625 0.6640625 0.053125 0.05
0 0.8171875 0.6515625 0.0546875 0.0578125
0 0.778125 0.69921875 0.0828125 0.0734375
0 0.16171875 0.9890625 0.0328125 0.021875
0 0.19296875 0.99140625 0.0640625 0.0171875
0 0.26640625 0.97890625 0.0578125 0.0421875
0 0.315625 0.98359375 0.053125 0.0328125
