0 0.16171875 0.00546875 0.0359375 0.0109375
0 0.21328125 0.009375 0.0390625 0.01875
0 0.25859375 0.009375 0.0453125 0.01875
0 0.33125 0.009375 0.05 0.01875
0 0.471875 0.00859375 0.05 0.0171875
0 0.459375 0.1203125 0.06875 0.0609375
0 0.48125 0.16328125 0.05625 0.04375
0 0.54765625 0.18515625 0.0578125 0.05625
0 0.52578125 0.26875 0.059375 0.0609375
0 0.57734375 0.26796875 0.0578125 0.05
0 0.61640625 0.2890625 0.0484375 0.04375
0 0.6515625 0.2546875 0.0578125 0.0484375
0 0.68046875 0.29609375 0.059375 0.0546875
0 0.73359375 0.30625 0.0546875 0.053125
0 0.70234375 0.2390625 0.0515625 0.0390625
0 0.82734375 0.27578125 0.05625 0.0578125
0 0.78671875 0.3125 0.05 0.0453125
0 0.7859375 0.259375 0.0609375 0.0625
0 0.88046875 0.2703125 0.046875 0.04375
0 0.89140625 0.30625 0.0484375 0.04375
0 0.853125 0.34140625 0.0625 0.046875
0 0.92890625 0.26953125 0.04375 0.0421875
0 0.96015625 0.303125 0.05 0.0453125
0 0.94921875 0.3640625 0.0734375 0.0515625
0 0.98203125 0.3375 0.0359375 0.04375
0 0.9734375 0.6359375 0.0265625 0.053125
0 0.953125 0.66875 0.0484375 0.0453125
0 0.9140625 0.66953125 0.0453125 0.0453125
0 0.87890625 0.6546875 0.0484375 0.0421875
0 0.878125 0.61796875 0.059375 0.05625
0 0.9046875 0.58671875 0.0625 0.059375
0 0.85859375 0.5796875 0.046875 0.0453125
0 0.81171875 0.56953125 0.05625 0.0578125
0 0.76171875 0.58515625 0.0453125 0.034375
0 0.76640625 0.625 0.05 0.040625
0 0.76015625 0.6578125 0.0421875 0.034375
0 0.69765625 0.625 0.0625 0.046875
0 0.7046875 0.6703125 0.0515625 0.0390625
0 0.88359375 0.98515625 0.0390625 0.0296875
0 0.8390625 0.98515625 0.053125 0.0296875
0 0.796875 0.93125 0.0625 0.0484375
0 0.7546875 0.9546875 0.05625 0.0390625
0 0.71171875 0.97109375 0.0609375 0.0578125
0 0.71796875 0.91484375 0.0515625 0.0625
0 0.75 0.86953125 0.0515625 0.0546875
0 0.6671875 0.865625 0.0765625 0.0828125
0 0.684375 0.7859375 0.0390625 0.03125
0 0.6421875 0.7359375 0.05 0.0453125
0 0.59375 0.7375 0.0546875 0.053125
0 0.575 0.77734375 0.046875 0.040625
0 0.54296875 0.728125 0.0609375 0.05
0 0.55859375 0.6796875 0.0671875 0.0609375
0 0.52109375 0.64453125 0.05625 0.0515625
0 0.44453125 0.678125 0.075 0.065625
0 0.4609375 0.62421875 0.0625 0.0484375
0 0.40703125 0.62265625 0.053125 0.046875
0 0.38515625 0.64609375 0.0515625 0.05625
0 0.36328125 0.67890625 0.0703125 0.0546875
0 0.3390625 0.61328125 0.059375 0.05625
0 0.2984375 0.6015625 0.059375 0.05625
0 0.33125 0.5375 0.0578125 0.0640625
0 0.3796875 0.559375 0.05625 0.0640625
0 0.27265625 0.5109375 0.071875 0.065625
0 0.24609375 0.5609375 0.0640625 0.0578125
0 0.22890625 0.47578125 0.0578125 0.0546875
0 0.15390625 0.53125 0.0578125 0.05
0 0.134375 0.48828125 0.0546875 0.0453125
0 0.1140625 0.4546875 0.0515625 0.0421875
0 0.06796875 0.22265625 0.0375 0.0328125
0 0.034375 0.35078125 0.034375 0.0546875
0 0.05703125 0.3375 0.053125 0.046875
0 0.0921875 0.3234375 0.05 0.034375
0 0.12109375 0.3609375 0.053125 0.0546875
0 0.0828125 0.36875 0.05 0.0421875
0 0.04921875 0.475 0.05 0.040625
0 0.01328125 0.46171875 0.0265625 0.0421875
0 0.02109375 0.421875 0.0421875 0.059375
0 0.01328125 0.7765625 0.0265625 0.034375
0 0.01015625 0.8046875 0.0203125 0.034375
0 0.0078125 0.83828125 0.015625 0.0453125
0 0.0109375 0.8296875 0.021875 0.046875
0 0.01875 0.8140625 0.0375 0.0625
0 0.03046875 0.8390625 0.05 0.0484375
0 0.01171875 0.8703125 0.0234375 0.040625
0 0.03046875 0.88046875 0.05 0.0375
0 0.071875 0.82578125 0.059375 0.0546875
0 0.13515625 0.87109375 0.065625 0.0546875
0 0.23125 0.94609375 0.0484375 0.01875
