0 0.30390625 0.00703125 0.0359375 0.0140625
0 0.3484375 0.0078125 0.0375 0.015625
0 0.38984375 0.0078125 0.0421875 0.015625
0 0.45859375 0.00859375 0.0453125 0.0171875
0 0.57734375 0.0078125 0.0453125 0.015625
0 0.5484375 0.07421875 0.0734375 0.0703125
0 0.55859375 0.1203125 0.059375 0.053125
0 0.615625 0.1578125 0.0640625 0.0625
0 0.57421875 0.23125 0.065625 0.0671875
0 0.62265625 0.24375 0.0625 0.0578125
0 0.65390625 0.27265625 0.053125 0.05
0 0.6953125 0.25 0.0609375 0.05625
0 0.7125 0.296875 0.0640625 0.0609375
0 0.7609375 0.3203125 0.0609375 0.059375
0 0.7484375 0.24765625 0.053125 0.046875
0 0.85703125 0.31484375 0.0625 0.0640625
0 0.81015625 0.33984375 0.053125 0.0515625
0 0.821875 0.2890625 0.06875 0.06875
0 0.90859375 0.32265625 0.05 0.0484375
0 0.909375 0.359375 0.053125 0.05
0 0.86484375 0.3828125 0.0640625 0.05625
0 0.95390625 0.334375 0.0484375 0.046875
0 0.97421875 0.37421875 0.0515625 0.0515625
0 0.94921875 0.42890625 0.075 0.0625
0 0.98359375 0.41328125 0.0328125 0.0484375
0 0.9546875 0.66328125 0.0546875 0.05
0 0.91875 0.69921875 0.065625 0.0671875
0 0.87890625 0.71953125 0.0546875 0.053125
0 0.8390625 0.70859375 0.05 0.05
0 0.809375 0.6859375 0.0515625 0.0484375
0 0.81796875 0.65078125 0.065625 0.0640625
0 0.8515625 0.628125 0.0671875 0.065625
0 0.809375 0.61015625 0.0515625 0.05
0 0.76796875 0.58828125 0.0625 0.0640625
0 0.71640625 0.590625 0.046875 0.040625
0 0.7109375 0.62890625 0.0515625 0.046875
0 0.69609375 0.65859375 0.04375 0.040625
0 0.6453125 0.61171875 0.0640625 0.05625
0 0.64140625 0.65703125 0.053125 0.046875
0 0.74140625 0.9921875 0.0734375 0.015625
0 0.6859375 0.98515625 0.05625 0.0296875
0 0.66171875 0.92578125 0.0640625 0.0578125
0 0.61640625 0.93828125 0.0578125 0.0484375
0 0.57265625 0.94296875 0.0671875 0.065625
0 0.59140625 0.88984375 0.059375 0.065625
0 0.6328125 0.85625 0.0578125 0.059375
0 0.55625 0.83203125 0.0859375 0.090625
0 0.59140625 0.7609375 0.040625 0.0375
0 0.56484375 0.70234375 0.053125 0.0515625
0 0.51953125 0.69140625 0.0609375 0.059375
0 0.49140625 0.72421875 0.05 0.046875
0 0.4734375 0.66953125 0.0640625 0.059375
0 0.50078125 0.628125 0.071875 0.06875
0 0.47421875 0.58515625 0.0609375 0.059375
0 0.39296875 0.59765625 0.0796875 0.075
0 0.42265625 0.55078125 0.0640625 0.0578125
0 0.371875 0.5359375 0.0578125 0.053125
0 0.3453125 0.55234375 0.059375 0.0609375
0 0.31640625 0.57734375 0.0734375 0.065625
0 0.309375 0.51015625 0.065625 0.0640625
0 0.27421875 0.4890625 0.065625 0.0640625
0 0.321875 0.4359375 0.065625 0.06875
0 0.36171875 0.46875 0.0625 0.0671875
0 0.27265625 0.39609375 0.078125 0.0734375
0 0.2359375 0.43671875 0.06875 0.065625
0 0.240625 0.35234375 0.0625 0.0609375
0 0.1546875 0.38515625 0.0625 0.0578125
0 0.14921875 0.33984375 0.0578125 0.053125
0 0.1375 0.30390625 0.0546875 0.05
0 0.16875 0.08125 0.03125 0.0328125
0 0.10625 0.19375 0.0390625 0.0515625
0 0.1203125 0.18046875 0.04375 0.0453125
0 0.15 0.1734375 0.0515625 0.0421875
0 0.16796875 0.21640625 0.059375 0.0609375
0 0.1296875 0.2140625 0.053125 0.0484375
0 0.07109375 0.30625 0.0515625 0.046875
0 0.0546875 0.29296875 0.034375 0.0421875
0 0.0734375 0.25625 0.040625 0.0546875
0 0.00859375 0.57109375 0.0171875 0.0328125
0 0.00625 0.5953125 0.0125 0.03125
0 0.0078125 0.6265625 0.015625 0.04375
0 0.01171875 0.6171875 0.0234375 0.05
0 0.01953125 0.6125 0.0390625 0.071875
0 0.01328125 0.64453125 0.0265625 0.0546875
0 0.0125 0.659375 0.025 0.046875
0 0.0125 0.68359375 0.025 0.0453125
0 0.01796875 0.64296875 0.0359375 0.0609375
0 0.05234375 0.7015625 0.06875 0.0625
0 0.1171875 0.80859375 0.0578125 0.053125
0 0.096875 0.83984375 0.05 0.040625
0 0.0578125 0.80703125 0.0578125 0.0578125
0 0.159375 0.87578125 0.0453125 0.034375
0 0.15 0.84765625 0.0515625 0.053125
