0 0.00546875 0.10859375 0.0109375 0.0359375
0 0.0109375 0.10703125 0.021875 0.0453125
0 0.01796875 0.10625 0.0359375 0.046875
0 0.2171875 0.05859375 0.0453125 0.0390625
0 0.0921875 0.1078125 0.059375 0.0484375
0 0.16875 0.11015625 0.053125 0.053125
0 0.22890625 0.16484375 0.0484375 0.053125
0 0.28515625 0.21484375 0.046875 0.046875
0 0.2859375 0.165625 0.0515625 0.05625
0 0.4015625 0.2640625 0.05625 0.0515625
0 0.3578125 0.275 0.05 0.04375
0 0.4609375 0.2234375 0.0453125 0.040625
0 0.5015625 0.25625 0.04375 0.04375
0 0.59609375 0.2171875 0.0515625 0.0421875
0 0.5515625 0.25234375 0.0421875 0.034375
0 0.67890625 0.18203125 0.0515625 0.0421875
0 0.61953125 0.16875 0.0484375 0.05
0 0.75 0.18359375 0.0484375 0.0390625
0 0.74375 0.14296875 0.04375 0.0453125
0 0.803125 0.12578125 0.053125 0.046875
0 0.8640625 0.175 0.053125 0.0546875
0 0.90859375 0.18984375 0.04375 0.0453125
0 0.946875 0.20859375 0.0265625 0.046875
0 0.96640625 0.35078125 0.0359375 0.04375
0 0.9453125 0.375 0.05 0.05625
0 0.89609375 0.3828125 0.046875 0.0421875
0 0.975 0.403125 0.0375 0.040625
0 0.89140625 0.43359375 0.0421875 0.0515625
0 0.87578125 0.47421875 0.046875 0.0515625
0 0.84296875 0.48984375 0.04375 0.040625
0 0.80234375 0.490625 0.0421875 0.0453125
0 0.79140625 0.45703125 0.046875 0.0515625
0 0.796875 0.41640625 0.0578125 0.0484375
0 0.75546875 0.43203125 0.046875 0.0484375
0 0.7171875 0.43671875 0.0296875 0.034375
0 0.67421875 0.46875 0.0609375 0.053125
0 0.6984375 0.50859375 0.04375 0.0453125
0 0.63125 0.5375 0.0453125 0.0578125
0 0.6609375 0.56953125 0.0390625 0.0390625
0 0.99296875 0.79296875 0.0140625 0.0390625
0 0.95625 0.778125 0.0609375 0.04375
0 0.9140625 0.8015625 0.0484375 0.0359375
0 0.903125 0.8359375 0.0453125 0.0375
0 0.8390625 0.75078125 0.059375 0.05
0 0.79296875 0.771875 0.0453125 0.0359375
0 0.7625 0.7640625 0.0546875 0.059375
0 0.765625 0.8140625 0.0421875 0.0453125
0 0.7015625 0.73828125 0.05625 0.059375
0 0.6296875 0.6390625 0.0609375 0.05625
0 0.59140625 0.6578125 0.046875 0.04375
0 0.5796875 0.70234375 0.04375 0.034375
0 0.55546875 0.6703125 0.0578125 0.0546875
0 0.5421875 0.63125 0.05625 0.0515625
0 0.4421875 0.65703125 0.0609375 0.0609375
0 0.4375 0.60859375 0.059375 0.05
0 0.38046875 0.6265625 0.0515625 0.0453125
0 0.37265625 0.6625 0.0484375 0.0484375
0 0.33828125 0.6671875 0.0453125 0.0421875
0 0.3140625 0.64453125 0.0484375 0.053125
0 0.2875 0.58828125 0.040625 0.0390625
0 0.2515625 0.58515625 0.05 0.05
0 0.21796875 0.59765625 0.05 0.046875
0 0.2171875 0.63828125 0.0515625 0.046875
0 0.12734375 0.60390625 0.0515625 0.040625
0 0.1015625 0.58203125 0.046875 0.046875
0 0.05859375 0.584375 0.0453125 0.040625
0 0.01484375 0.48359375 0.0296875 0.0453125
0 0.00625 0.50234375 0.0125 0.0390625
0 0.009375 0.521875 0.01875 0.05
0 0.02578125 0.634375 0.0265625 0.0484375
0 0.01953125 0.596875 0.0265625 0.0453125
0 0.0765625 0.9421875 0.021875 0.053125
0 0.08515625 0.984375 0.0203125 0.03125
0 0.08515625 0.9734375 0.025 0.0421875
0 0.0890625 0.940625 0.046875 0.059375
0 0.13828125 0.95390625 0.0484375 0.046875
0 0.134375 0.9046875 0.0515625 0.053125
0 0.1765625 0.92890625 0.0453125 0.04375
0 0.390625 0.98984375 0.046875 0.0203125
