0 0.0109375 0.10234375 0.021875 0.0453125
0 0.025 0.10390625 0.040625 0.0421875
0 0.071875 0.10390625 0.046875 0.04375
0 0.26875 0.0609375 0.0421875 0.0390625
0 0.15 0.10625 0.05625 0.0453125
0 0.221875 0.109375 0.05 0.05
0 0.27890625 0.1625 0.046875 0.05
0 0.33125 0.21171875 0.0421875 0.0421875
0 0.33203125 0.1640625 0.0484375 0.053125
0 0.43984375 0.26015625 0.053125 0.0484375
0 0.3984375 0.2703125 0.046875 0.0421875
0 0.496875 0.221875 0.0421875 0.0375
0 0.53515625 0.25390625 0.040625 0.040625
0 0.62578125 0.21875 0.0484375 0.040625
0 0.58203125 0.2515625 0.0390625 0.0328125
0 0.7046875 0.18671875 0.0484375 0.040625
0 0.6484375 0.1734375 0.0453125 0.046875
0 0.771875 0.18984375 0.0453125 0.0359375
0 0.76640625 0.15078125 0.040625 0.0421875
0 0.8234375 0.13515625 0.05 0.04375
0 0.8796875 0.1828125 0.05 0.0515625
0 0.921875 0.1984375 0.040625 0.0421875
0 0.9546875 0.21640625 0.01875 0.0421875
0 0.971875 0.35234375 0.028125 0.040625
0 0.9546875 0.37421875 0.046875 0.053125
0 0.90703125 0.38046875 0.0453125 0.0390625
0 0.97890625 0.4015625 0.028125 0.0375
0 0.9015625 0.428125 0.040625 0.0484375
0 0.8859375 0.46640625 0.04375 0.0484375
0 0.85546875 0.48125 0.040625 0.0390625
0 0.815625 0.48046875 0.0390625 0.0421875
0 0.80703125 0.44921875 0.04375 0.0484375
0 0.81328125 0.41171875 0.0546875 0.0453125
0 0.77265625 0.425 0.04375 0.0453125
0 0.7375 0.42890625 0.028125 0.0328125
0 0.6953125 0.4578125 0.0578125 0.0484375
0 0.71796875 0.49609375 0.040625 0.0421875
0 0.65390625 0.52265625 0.04375 0.0546875
0 0.68125 0.55390625 0.0359375 0.0359375
0 0.99296875 0.77109375 0.0140625 0.0359375
0 0.9578125 0.75625 0.0578125 0.0421875
0 0.9171875 0.778125 0.0453125 0.0328125
0 0.90703125 0.81015625 0.0421875 0.0359375
0 0.846875 0.72890625 0.0546875 0.046875
0 0.803125 0.74765625 0.04375 0.0328125
0 0.7734375 0.73984375 0.0515625 0.0546875
0 0.7765625 0.7875 0.0390625 0.0421875
0 0.71640625 0.71484375 0.053125 0.05625
0 0.65078125 0.61953125 0.0578125 0.053125
0 0.61328125 0.6359375 0.0453125 0.0421875
0 0.6015625 0.6796875 0.040625 0.03125
0 0.5796875 0.646875 0.0546875 0.05
0 0.5671875 0.61015625 0.053125 0.0484375
0 0.471875 0.63359375 0.05625 0.05625
0 0.46875 0.5875 0.0546875 0.046875
0 0.4140625 0.60390625 0.0484375 0.0421875
0 0.40546875 0.63671875 0.0453125 0.0453125
0 0.3734375 0.64140625 0.0421875 0.0390625
0 0.3515625 0.61953125 0.046875 0.05
0 0.32734375 0.565625 0.0375 0.0359375
0 0.29296875 0.56171875 0.046875 0.046875
0 0.2609375 0.57265625 0.046875 0.04375
0 0.259375 0.6109375 0.0484375 0.04375
0 0.1734375 0.578125 0.0484375 0.0375
0 0.15 0.55625 0.0421875 0.0421875
0 0.109375 0.5578125 0.0421875 0.0375
0 0.0609375 0.4625 0.046875 0.04375
0 0.0359375 0.48359375 0.0390625 0.040625
0 0.0171875 0.50625 0.034375 0.05
0 0.0296875 0.6125 0.0421875 0.0484375
0 0.025 0.57734375 0.04375 0.0453125
0 0.06875 0.90546875 0.0296875 0.0515625
0 0.0796875 0.95078125 0.0328125 0.0390625
0 0.10625 0.93203125 0.040625 0.0421875
0 0.1296875 0.896875 0.0484375 0.0578125
0 0.17890625 0.91015625 0.0453125 0.04375
0 0.1765625 0.8640625 0.0484375 0.05
0 0.21640625 0.8875 0.0421875 0.040625
0 0.3875 0.97890625 0.065625 0.0421875
0 0.41796875 0.96171875 0.04375 0.0453125
0 0.4875 0.98359375 0.053125 0.0328125
