0 0.00625 0.0625 0.0125 0.021875
0 0.0125 0.05546875 0.025 0.0171875
0 0.040625 0.06015625 0.0421875 0.034375
0 0.02265625 0.11953125 0.0453125 0.0390625
0 0.02265625 0.146875 0.0453125 0.046875
0 0.07578125 0.17890625 0.0453125 0.034375
0 0.04375 0.18125 0.0515625 0.053125
0 0.01015625 0.16015625 0.0203125 0.0515625
0 0.00390625 0.11171875 0.0078125 0.0390625
0 0.08828125 0.20703125 0.03125 0.0359375
0 0.00625 0.21640625 0.0125 0.0421875
0 0.00625 0.26171875 0.0125 0.0484375
0 0.015625 0.24296875 0.03125 0.0421875
0 0.025 0.284375 0.05 0.040625
0 0.00703125 0.3015625 0.0140625 0.046875
0 0.00546875 0.340625 0.0109375 0.05
0 0.00390625 0.39375 0.0078125 0.046875
0 0.00546875 0.43984375 0.0109375 0.0359375
0 0.00546875 0.47890625 0.0109375 0.0359375
0 0.009375 0.52421875 0.01875 0.0453125
0 0.046875 0.51484375 0.0453125 0.0515625
0 0.0859375 0.55 0.05625 0.0515625
0 0.08984375 0.5 0.05 0.04375
0 0.08125 0.44921875 0.04375 0.046875
0 0.11796875 0.44765625 0.0375 0.040625
0 0.09453125 0.39609375 0.0390625 0.0328125
0 0.03828125 0.4046875 0.05 0.05
0 0.0140625 0.375 0.028125 0.053125
0 0.040625 0.33359375 0.0359375 0.0421875
0 0.07734375 0.34765625 0.0453125 0.0515625
0 0.0578125 0.2828125 0.040625 0.0453125
0 0.01953125 0.28125 0.0390625 0.046875
0 0.121875 0.26796875 0.040625 0.0515625
0 0.15859375 0.253125 0.0484375 0.0546875
0 0.1859375 0.29140625 0.0515625 0.0453125
0 0.1390625 0.3296875 0.04375 0.040625
0 0.13359375 0.36953125 0.05 0.046875
0 0.1875 0.3296875 0.0515625 0.0453125
0 0.20078125 0.3578125 0.0390625 0.0328125
0 0.23828125 0.34140625 0.0375 0.0375
0 0.24375 0.36640625 0.0390625 0.028125
0 0.22734375 0.30546875 0.04375 0.04375
0 0.2234375 0.4 0.046875 0.05
0 0.18359375 0.4078125 0.046875 0.0484375
0 0.1875 0.46640625 0.0640625 0.0578125
0 0.2484375 0.44296875 0.0609375 0.0453125
0 0.26875 0.40078125 0.053125 0.0578125
0 0.296875 0.44453125 0.0421875 0.0640625
0 0.2609375 0.4953125 0.05 0.046875
0 0.21015625 0.54765625 0.04375 0.046875
0 0.24375 0.5375 0.034375 0.0453125
0 0.27890625 0.5484375 0.0421875 0.0546875
0 0.321875 0.54609375 0.040625 0.0453125
0 0.25234375 0.58984375 0.0484375 0.05
0 0.28125 0.63828125 0.0484375 0.053125
0 0.2984375 0.58984375 0.046875 0.053125
0 0.3375 0.58828125 0.04375 0.05
0 0.3375 0.6421875 0.05 0.046875
0 0.3078125 0.7375 0.05625 0.0515625
0 0.35703125 0.7140625 0.053125 0.05625
0 0.371875 0.671875 0.040625 0.040625
0 0.3984375 0.63515625 0.034375 0.040625
0 0.41640625 0.67421875 0.0484375 0.05625
0 0.39375 0.753125 0.0578125 0.0421875
0 0.1359375 0.603125 0.04375 0.0421875
0 0.1046875 0.61875 0.0375 0.0390625
0 0.11953125 0.66328125 0.059375 0.053125
0 0.06875 0.64765625 0.04375 0.04375
0 0.05703125 0.6859375 0.0328125 0.040625
0 0.0953125 0.675 0.04375 0.046875
0 0.02421875 0.665625 0.0234375 0.05
0 0.01640625 0.6125 0.01875 0.0453125
0 0.04453125 0.8671875 0.0203125 0.0359375
0 0.06328125 0.8953125 0.046875 0.040625
0 0.1046875 0.903125 0.040625 0.040625
0 0.1015625 0.8578125 0.04375 0.04375
0 0.06875 0.85390625 0.0484375 0.046875
0 0.08203125 0.9359375 0.046875 0.03125
0 0.09453125 0.95625 0.046875 0.034375
0 0.13515625 0.93671875 0.0484375 0.0484375
0 0.140625 0.89921875 0.034375 0.0453125
0 0.1640625 0.921875 0.0453125 0.034375
0 0.1671875 0.95 0.040625 0.034375
0 0.16875 0.98046875 0.04375 0.0390625
0 0.1953125 0.98515625 0.05 0.0296875
0 0.1125 0.984375 0.05625 0.03125
0 0.21328125 0.7359375 0.0453125 0.0515625
0 0.14453125 0.79765625 0.0390625 0.0546875
0 0.178125 0.7953125 0.0375 0.0375
0 0.175 0.83359375 0.04375 0.040625
0 0.22109375 0.78359375 0.046875 0.04375
0 0.24375 0.74140625 0.034375 0.046875
0 0.27890625 0.7640625 0.059375 0.0484375
0 0.2765625 0.8046875 0.0328125 0.040625
0 0.25390625 0.83828125 0.040625 0.05
0 0.20859375 0.84296875 0.0546875 0.0515625
0 0.225 0.878125 0.0484375 0.0359375
0 0.25625 0.91328125 0.0703125 0.046875
0 0.27265625 0.95859375 0.0625 0.0578125
0 0.28359375 0.99296875 0.0453125 0.0140625
0 0.3125 0.98671875 0.04375 0.0265625
0 0.32265625 0.9515625 0.0609375 0.0515625
0 0.31640625 0.81875 0.034375 0.0390625
0 0.28125 0.8671875 0.0453125 0.0421875
0 0.3453125 0.86875 0.0515625 0.0421875
0 0.33671875 0.8984375 0.0328125 0.034375
0 0.36875 0.91875 0.0375 0.0375
0 0.3859375 0.9609375 0.0546875 0.040625
0 0.353125 0.99609375 0.05 0.0078125
0 0.3765625 0.98671875 0.04375 0.0265625
0 0.4453125 0.84375 0.05625 0.0640625
0 0.42421875 0.89140625 0.034375 0.0390625
0 0.45859375 0.89375 0.0375 0.0390625
0 0.47890625 0.8828125 0.0328125 0.034375
0 0.51171875 0.8640625 0.04375 0.046875
0 0.49609375 0.90703125 0.0359375 0.03125
0 0.51484375 0.92734375 0.0484375 0.034375
0 0.45859375 0.940625 0.0640625 0.0453125
0 0.53203125 0.96875 0.040625 0.034375
0 0.51015625 0.9921875 0.0390625 0.015625
0 0.47421875 0.99375 0.0453125 0.0125
0 0.49609375 0.97578125 0.0484375 0.046875
0 0.57109375 0.9671875 0.04375 0.04375
0 0.60625 0.98203125 0.059375 0.025
0 0.60078125 0.93515625 0.05625 0.059375
0 0.16953125 0.040625 0.05 0.021875
0 0.1078125 0.0515625 0.0453125 0.03125
0 0.1265625 0.0921875 0.0484375 0.0484375
0 0.15 0.05859375 0.040625 0.046875
0 0.18359375 0.06015625 0.0375 0.0453125
0 0.15546875 0.1375 0.04375 0.0578125
0 0.20390625 0.12734375 0.053125 0.0515625
0 0.25 0.071875 0.05625 0.05625
0 0.29453125 0.06484375 0.04375 0.0421875
0 0.29375 0.11328125 0.0484375 0.053125
0 0.28046875 0.153125 0.040625 0.0453125
0 0.23125 0.16953125 0.05 0.05
0 0.184375 0.1765625 0.0609375 0.0515625
0 0.20859375 0.2109375 0.053125 0.0484375
0 0.246875 0.246875 0.04375 0.0609375
0 0.26328125 0.20625 0.04375 0.05
0 0.31796875 0.19609375 0.0640625 0.05625
0 0.3625 0.1640625 0.053125 0.059375
0 0.32421875 0.29375 0.0546875 0.0484375
0 0.3296875 0.25390625 0.0515625 0.0390625
0 0.37734375 0.23046875 0.046875 0.034375
0 0.38359375 0.26328125 0.040625 0.040625
0 0.41484375 0.2671875 0.0359375 0.0546875
0 0.27265625 0.315625 0.0578125 0.053125
0 0.3390625 0.3296875 0.06875 0.046875
0 0.41640625 0.328125 0.05 0.040625
0 0.42578125 0.35546875 0.0546875 0.046875
0 0.403125 0.39296875 0.053125 0.0484375
0 0.4265625 0.40703125 0.0328125 0.0390625
0 0.4625 0.375 0.0390625 0.040625
0 0.46953125 0.40703125 0.0609375 0.0453125
0 0.49609375 0.43828125 0.0421875 0.046875
0 0.46796875 0.44765625 0.040625 0.04375
0 0.3671875 0.425 0.05 0.05
0 0.35625 0.47109375 0.040625 0.0453125
0 0.384375 0.48046875 0.04375 0.0578125
0 0.409375 0.4328125 0.0390625 0.0390625
0 0.4265625 0.471875 0.0578125 0.05625
0 0.415625 0.50859375 0.04375 0.05
0 0.409375 0.540625 0.0546875 0.046875
0 0.45234375 0.53984375 0.04375 0.0484375
0 0.4546875 0.58515625 0.0484375 0.0546875
0 0.49453125 0.559375 0.053125 0.05625
0 0.5359375 0.5546875 0.046875 0.053125
0 0.48515625 0.49765625 0.053125 0.0671875
0 0.5328125 0.5140625 0.046875 0.0546875
0 0.5375 0.47421875 0.0421875 0.046875
0 0.484375 0.66953125 0.0640625 0.0625
0 0.5375 0.6484375 0.053125 0.059375
0 0.55078125 0.70234375 0.0453125 0.0421875
0 0.49140625 0.73984375 0.0421875 0.0453125
0 0.51328125 0.6890625 0.0375 0.05
0 0.571875 0.659375 0.05 0.046875
0 0.60234375 0.6984375 0.0484375 0.0546875
0 0.6203125 0.6609375 0.0390625 0.0546875
0 0.6421875 0.7078125 0.0375 0.0390625
0 0.64296875 0.74375 0.0359375 0.0421875
0 0.67421875 0.7640625 0.0421875 0.04375
0 0.63125 0.7796875 0.053125 0.059375
0 0.5859375 0.7453125 0.065625 0.05
0 0.55078125 0.7890625 0.0609375 0.0453125
0 0.58671875 0.828125 0.0375 0.046875
0 0.5984375 0.8 0.0484375 0.0546875
0 0.6390625 0.85078125 0.053125 0.0515625
0 0.66171875 0.88359375 0.0390625 0.0390625
0 0.7 0.9078125 0.053125 0.059375
0 0.6875 0.82890625 0.05 0.0625
0 0.7171875 0.58046875 0.05 0.0421875
0 0.759375 0.60546875 0.0515625 0.0390625
0 0.7140625 0.6328125 0.05 0.04375
0 0.6953125 0.6609375 0.0484375 0.0546875
0 0.7359375 0.66796875 0.046875 0.0375
0 0.73828125 0.70546875 0.04375 0.0421875
0 0.81875 0.65546875 0.0546875 0.0484375
0 0.82734375 0.7046875 0.0484375 0.05
0 0.78203125 0.72734375 0.0609375 0.0453125
0 0.809375 0.75625 0.05 0.0421875
0 0.7234375 0.7953125 0.040625 0.040625
0 0.76796875 0.8078125 0.04375 0.05
0 0.76015625 0.86484375 0.05625 0.053125
0 0.78125 0.9015625 0.040625 0.0328125
0 0.8109375 0.921875 0.0359375 0.034375
0 0.809375 0.95859375 0.0375 0.0265625
0 0.8484375 0.95390625 0.0421875 0.0296875
0 0.8578125 0.92734375 0.05 0.046875
0 0.90546875 0.95078125 0.05 0.0234375
0 0.97265625 0.9453125 0.0453125 0.0203125
0 0.95 0.878125 0.05 0.0484375
0 0.909375 0.91875 0.0421875 0.05625
0 0.88828125 0.8421875 0.0515625 0.040625
0 0.8265625 0.8734375 0.059375 0.0484375
0 0.81953125 0.81640625 0.0546875 0.0625
0 0.87109375 0.7546875 0.0625 0.0515625
0 0.8671875 0.80703125 0.0625 0.0671875
0 0.9078125 0.8015625 0.0421875 0.0546875
0 0.9484375 0.82109375 0.04375 0.0484375
0 0.859375 0.62109375 0.025 0.0359375
0 0.87265625 0.6546875 0.028125 0.0328125
0 0.9140625 0.675 0.0484375 0.04375
0 0.9453125 0.71484375 0.0375 0.0453125
0 0.97734375 0.75546875 0.0421875 0.046875
0 0.8984375 0.61640625 0.040625 0.040625
0 0.90859375 0.59296875 0.0421875 0.04375
0 0.94375 0.621875 0.05 0.046875
0 0.965625 0.67578125 0.0625 0.0578125
0 0.98125 0.85 0.0375 0.04375
0 0.8203125 0.521875 0.0578125 0.053125
0 0.8578125 0.55078125 0.0640625 0.05625
0 0.85 0.48203125 0.053125 0.059375
0 0.7421875 0.45 0.0359375 0.0265625
0 0.8 0.446875 0.05625 0.0515625
0 0.7390625 0.50546875 0.0421875 0.0515625
0 0.7015625 0.46953125 0.025 0.0421875
0 0.68125 0.44921875 0.0453125 0.0421875
0 0.684375 0.4203125 0.040625 0.034375
0 0.66875 0.3875 0.034375 0.0359375
0 0.6640625 0.34140625 0.0359375 0.0453125
0 0.67109375 0.29453125 0.0328125 0.0328125
0 0.69453125 0.2703125 0.0515625 0.0390625
0 0.70625 0.340625 0.04375 0.0421875
0 0.70546875 0.3796875 0.04375 0.0375
0 0.72890625 0.4140625 0.0484375 0.0484375
0 0.7640625 0.41796875 0.05 0.04375
0 0.7375 0.3671875 0.0375 0.040625
0 0.78203125 0.375 0.0375 0.040625
0 0.79140625 0.35234375 0.05625 0.0484375
0 0.77890625 0.30234375 0.04375 0.0484375
0 0.725 0.2984375 0.0515625 0.0453125
0 0.61015625 0.44609375 0.046875 0.0421875
0 0.60546875 0.40546875 0.065625 0.05
0 0.5546875 0.3984375 0.0578125 0.0453125
0 0.53984375 0.3515625 0.0515625 0.0453125
0 0.50859375 0.3546875 0.046875 0.0484375
0 0.475 0.315625 0.0484375 0.0484375
0 0.49609375 0.28359375 0.0640625 0.0578125
0 0.53984375 0.290625 0.05 0.059375
0 0.58515625 0.296875 0.046875 0.0421875
0 0.60390625 0.3421875 0.059375 0.0578125
0 0.62265625 0.265625 0.05 0.046875
0 0.5734375 0.240625 0.05625 0.046875
0 0.55859375 0.2046875 0.046875 0.0421875
0 0.50546875 0.20546875 0.05625 0.059375
0 0.46171875 0.16484375 0.065625 0.0578125
0 0.60859375 0.159375 0.0390625 0.040625
0 0.68359375 0.15625 0.0421875 0.0515625
0 0.7078125 0.209375 0.053125 0.059375
0 0.6140625 0.20703125 0.0390625 0.0375
0 0.57421875 0.18359375 0.0546875 0.046875
0 0.53046875 0.13984375 0.0453125 0.0546875
0 0.57109375 0.12421875 0.0484375 0.0484375
0 0.54140625 0.08046875 0.040625 0.046875
0 0.5140625 0.103125 0.053125 0.046875
0 0.47890625 0.06171875 0.040625 0.0390625
0 0.48203125 0.1015625 0.0546875 0.0453125
0 0.4453125 0.0609375 0.0375 0.04375
0 0.4515625 0.015625 0.0328125 0.0296875
0 0.49296875 0.0203125 0.0515625 0.040625
0 0.5875 0.025 0.05625 0.05
0 0.6296875 0.0640625 0.059375 0.059375
0 0.40546875 0.0140625 0.04375 0.01875
0 0.3484375 0.03203125 0.04375 0.0421875
0 0.31875 0.025 0.046875 0.021875
