0 0.30625 0.00859375 0.04375 0.0171875
0 0.353125 0.0078125 0.046875 0.015625
0 0.3875 0.009375 0.046875 0.01875
0 0.33359375 0.0140625 0.0671875 0.028125
0 0.31796875 0.01640625 0.0703125 0.0328125
0 0.34921875 0.01640625 0.0546875 0.0328125
0 0.31875 0.0171875 0.06875 0.034375
0 0.28671875 0.01640625 0.0609375 0.0328125
0 0.27578125 0.0109375 0.0328125 0.021875
0 0.34375 0.03984375 0.04375 0.0453125
0 0.228125 0.0125 0.046875 0.025
0 0.2046875 0.02421875 0.05 0.0484375
0 0.2484375 0.0265625 0.0625 0.053125
0 0.23984375 0.0703125 0.0640625 0.0578125
0 0.19453125 0.0625 0.0546875 0.059375
0 0.1625 0.09296875 0.04375 0.05625
0 0.13046875 0.1421875 0.0328125 0.05
0 0.1140625 0.1890625 0.040625 0.04375
0 0.090625 0.22578125 0.0328125 0.040625
0 0.06875 0.26875 0.040625 0.0515625
0 0.12109375 0.28984375 0.0625 0.065625
0 0.1359375 0.34453125 0.0734375 0.0703125
0 0.16953125 0.30234375 0.0640625 0.0609375
0 0.1921875 0.2515625 0.059375 0.0609375
0 0.2265625 0.27265625 0.0515625 0.053125
0 0.2359375 0.21328125 0.0484375 0.046875
0 0.1796875 0.18671875 0.0671875 0.0671875
0 0.1640625 0.13828125 0.0734375 0.071875
0 0.22421875 0.12421875 0.05 0.053125
0 0.25 0.15859375 0.0625 0.065625
0 0.271875 0.0890625 0.0546875 0.0578125
0 0.23828125 0.065625 0.05625 0.059375
0 0.33671875 0.11484375 0.0578125 0.0640625
0 0.37890625 0.1234375 0.0671875 0.0703125
0 0.3796875 0.1734375 0.065625 0.0625
0 0.31484375 0.18046875 0.05625 0.0546875
0 0.28671875 0.2125 0.065625 0.0640625
0 0.359375 0.20859375 0.065625 0.0625
0 0.35390625 0.24296875 0.0484375 0.046875
0 0.396875 0.25078125 0.0484375 0.0484375
0 0.3875 0.2765625 0.046875 0.0421875
0 0.40859375 0.21171875 0.0578125 0.0578125
0 0.3484375 0.29375 0.0640625 0.065625
0 0.309375 0.2765625 0.0625 0.0640625
0 0.27734375 0.33203125 0.0828125 0.0796875
0 0.34453125 0.346875 0.0734375 0.0671875
0 0.3890625 0.32109375 0.071875 0.075
0 0.3875 0.37734375 0.0640625 0.0765625
0 0.32421875 0.4015625 0.065625 0.0640625
0 0.2484375 0.4171875 0.059375 0.0609375
0 0.284375 0.42890625 0.05 0.0546875
0 0.30859375 0.46015625 0.0609375 0.0671875
0 0.3484375 0.48359375 0.0546875 0.0578125
0 0.2609375 0.48046875 0.065625 0.0671875
0 0.25703125 0.54140625 0.0671875 0.06875
0 0.30078125 0.50859375 0.0640625 0.0671875
0 0.3359375 0.53046875 0.0609375 0.0640625
0 0.3046875 0.578125 0.065625 0.0640625
0 0.22109375 0.64609375 0.0734375 0.0703125
0 0.278125 0.65390625 0.071875 0.0734375
0 0.31796875 0.62578125 0.0546875 0.0546875
0 0.3640625 0.61015625 0.0484375 0.0515625
0 0.3546875 0.6546875 0.06875 0.071875
0 0.2875 0.7109375 0.0703125 0.0609375
0 0.146875 0.42265625 0.05625 0.05625
0 0.11171875 0.4171875 0.05 0.05
0 0.09765625 0.46640625 0.0765625 0.0734375
0 0.0609375 0.421875 0.0578125 0.0578125
0 0.02734375 0.4484375 0.046875 0.0515625
0 0.06796875 0.4625 0.059375 0.0609375
0 0.0140625 0.40390625 0.028125 0.0609375
0 0.0234375 0.353125 0.040625 0.0515625
0 0.01171875 0.5984375 0.0234375 0.046875
0 0.01484375 0.6390625 0.0296875 0.05625
0 0.01328125 0.67109375 0.0265625 0.0546875
0 0.0140625 0.62890625 0.028125 0.0578125
0 0.015625 0.60625 0.03125 0.0625
0 0.0140625 0.68671875 0.028125 0.0484375
0 0.0140625 0.7125 0.028125 0.05
0 0.015625 0.71953125 0.03125 0.0640625
0 0.0125 0.68828125 0.025 0.0546875
0 0.01328125 0.7234375 0.0265625 0.05
0 0.0125 0.75078125 0.025 0.0484375
0 0.0109375 0.76875 0.021875 0.03125
0 0.01328125 0.74140625 0.0265625 0.0359375
0 0.13671875 0.5875 0.0625 0.065625
0 0.0390625 0.60078125 0.0578125 0.065625
0 0.06953125 0.6203125 0.0484375 0.0484375
0 0.04453125 0.6515625 0.05625 0.0546875
0 0.115625 0.63515625 0.0609375 0.059375
0 0.16171875 0.6109375 0.05 0.0578125
0 0.178125 0.65234375 0.0734375 0.0671875
0 0.15234375 0.68671875 0.046875 0.0515625
0 0.11171875 0.703125 0.0578125 0.0625
0 0.06875 0.68046875 0.071875 0.0703125
0 0.06171875 0.721875 0.059375 0.053125
0 0.06875 0.771875 0.084375 0.071875
0 0.0609375 0.8125 0.0703125 0.0609375
0 0.10859375 0.83828125 0.0703125 0.0578125
0 0.18046875 0.7234375 0.046875 0.05
0 0.11796875 0.7453125 0.059375 0.0578125
0 0.17578125 0.7859375 0.065625 0.0609375
0 0.15 0.80703125 0.04375 0.0453125
0 0.165625 0.8453125 0.0484375 0.0484375
0 0.1625 0.88046875 0.053125 0.0359375
0 0.2796875 0.8234375 0.078125 0.08125
0 0.23203125 0.853125 0.046875 0.05
0 0.26171875 0.8765625 0.05 0.05
0 0.2859375 0.87890625 0.04375 0.0453125
0 0.3265625 0.88203125 0.059375 0.0609375
0 0.28671875 0.9109375 0.0453125 0.04375
0 0.2921875 0.9390625 0.0578125 0.05
0 0.2359375 0.91015625 0.071875 0.05625
0 0.3703125 0.9796875 0.059375 0.040625
0 0.51171875 0.01015625 0.0546875 0.0203125
0 0.45234375 0.009375 0.0484375 0.01875
0 0.44609375 0.015625 0.0640625 0.03125
0 0.48671875 0.0125 0.0515625 0.025
0 0.51640625 0.01328125 0.0515625 0.0265625
0 0.44609375 0.0265625 0.0640625 0.053125
0 0.4953125 0.0390625 0.0703125 0.06875
0 0.56953125 0.0265625 0.0734375 0.053125
0 0.6140625 0.0375 0.05625 0.05625
0 0.58359375 0.07890625 0.0671875 0.06875
0 0.5484375 0.1078125 0.0546875 0.0578125
0 0.49453125 0.09140625 0.0671875 0.0671875
0 0.4484375 0.06953125 0.0765625 0.0734375
0 0.44921875 0.115625 0.06875 0.0671875
0 0.4625 0.17109375 0.0640625 0.0734375
0 0.50078125 0.14375 0.0609375 0.0640625
0 0.55546875 0.16875 0.08125 0.078125
0 0.61484375 0.16640625 0.0734375 0.0765625
0 0.50234375 0.25859375 0.0703125 0.0671875
0 0.53125 0.22734375 0.0625 0.05625
0 0.5890625 0.23515625 0.0578125 0.05
0 0.575 0.26796875 0.0546875 0.0546875
0 0.6 0.290625 0.05625 0.065625
0 0.44296875 0.2484375 0.075 0.071875
0 0.49453125 0.30078125 0.0828125 0.0703125
0 0.5640625 0.34609375 0.0625 0.0578125
0 0.55546875 0.37578125 0.0703125 0.065625
0 0.51328125 0.3953125 0.06875 0.0671875
0 0.52578125 0.42265625 0.046875 0.0484375
0 0.5765625 0.415625 0.053125 0.053125
0 0.56484375 0.4484375 0.0734375 0.0671875
0 0.56875 0.49140625 0.0578125 0.0609375
0 0.53828125 0.4828125 0.0546875 0.05625
0 0.4625 0.403125 0.0671875 0.0671875
0 0.425 0.43671875 0.0546875 0.0578125
0 0.44296875 0.46171875 0.0640625 0.0703125
0 0.4953125 0.434375 0.0515625 0.0515625
0 0.4859375 0.4796875 0.075 0.075
0 0.45390625 0.50625 0.0609375 0.0640625
0 0.4296875 0.53125 0.0703125 0.065625
0 0.46875 0.55703125 0.0609375 0.0625
0 0.44375 0.5984375 0.0671875 0.0703125
0 0.49453125 0.6 0.071875 0.0734375
0 0.534375 0.61875 0.0640625 0.0671875
0 0.5234375 0.53828125 0.0765625 0.0828125
0 0.55703125 0.58125 0.065625 0.0703125
0 0.584375 0.5484375 0.0578125 0.0609375
0 0.41875 0.69140625 0.084375 0.0828125
0 0.4796875 0.7046875 0.0734375 0.0765625
0 0.45859375 0.76015625 0.059375 0.0578125
0 0.3828125 0.7578125 0.0578125 0.059375
0 0.43359375 0.72578125 0.0546875 0.0609375
0 0.503125 0.73515625 0.065625 0.0640625
0 0.50703125 0.7875 0.0671875 0.0703125
0 0.54609375 0.76484375 0.0578125 0.065625
0 0.5375 0.82109375 0.05 0.05
0 0.515625 0.853125 0.05 0.053125
0 0.53125 0.8890625 0.05625 0.05625
0 0.484375 0.878125 0.0734375 0.0765625
0 0.4640625 0.8203125 0.0796875 0.0734375
0 0.40625 0.83828125 0.0734375 0.0671875
0 0.415625 0.89453125 0.0546875 0.059375
0 0.4421875 0.8765625 0.0671875 0.0703125
0 0.4484375 0.946875 0.0703125 0.06875
0 0.44765625 0.98125 0.0515625 0.0375
0 0.5046875 0.95625 0.071875 0.078125
0 0.68046875 0.75234375 0.0625 0.059375
0 0.703125 0.8 0.0625 0.05625
0 0.646875 0.79765625 0.0640625 0.0609375
0 0.6125 0.8109375 0.0671875 0.0703125
0 0.6453125 0.840625 0.059375 0.0546875
0 0.62421875 0.87578125 0.05625 0.05625
0 0.72578125 0.88046875 0.0703125 0.0671875
0 0.70390625 0.92890625 0.065625 0.0671875
0 0.65078125 0.92265625 0.0734375 0.0671875
0 0.6578125 0.965625 0.0625 0.059375
0 0.55625 0.94765625 0.0546875 0.0546875
0 0.58828125 0.9765625 0.0609375 0.046875
0 0.6296875 0.9921875 0.075 0.015625
0 0.71328125 0.98125 0.0796875 0.0375
0 0.7828125 0.8734375 0.0375 0.0421875
0 0.775 0.9125 0.0390625 0.040625
0 0.79921875 0.9546875 0.0609375 0.059375
0 0.7921875 0.990625 0.03125 0.01875
0 0.82109375 0.89375 0.0546875 0.0546875
0 0.84296875 0.87890625 0.0546875 0.05625
0 0.8078125 0.76171875 0.075 0.071875
0 0.82421875 0.81015625 0.08125 0.078125
0 0.85859375 0.74453125 0.0734375 0.0765625
0 0.78125 0.65 0.04375 0.0390625
0 0.834375 0.6828125 0.0734375 0.0703125
0 0.7453125 0.6984375 0.0609375 0.065625
0 0.73359375 0.64375 0.040625 0.0484375
0 0.7265625 0.6125 0.059375 0.0578125
0 0.74765625 0.5890625 0.0515625 0.0484375
0 0.75390625 0.55 0.046875 0.046875
0 0.77734375 0.50625 0.0515625 0.05625
0 0.81171875 0.46796875 0.04375 0.04375
0 0.846875 0.46171875 0.0625 0.05625
0 0.81484375 0.53203125 0.05625 0.05625
0 0.79140625 0.565625 0.0546875 0.0515625
0 0.79140625 0.609375 0.0640625 0.0640625
0 0.81953125 0.6359375 0.0640625 0.0609375
0 0.82734375 0.57421875 0.0515625 0.053125
0 0.8625 0.6078125 0.0515625 0.053125
0 0.88515625 0.59296875 0.071875 0.06875
0 0.9015625 0.54140625 0.0609375 0.0625
0 0.8578125 0.5046875 0.065625 0.0625
0 0.66484375 0.5671875 0.0609375 0.0578125
0 0.6859375 0.528125 0.0796875 0.0734375
0 0.6453125 0.49140625 0.071875 0.065625
0 0.6609375 0.440625 0.065625 0.0625
0 0.6296875 0.42421875 0.0625 0.0640625
0 0.62421875 0.36953125 0.0640625 0.0640625
0 0.6625 0.3546875 0.0828125 0.0796875
0 0.696875 0.3875 0.0703125 0.0734375
0 0.734375 0.41953125 0.0609375 0.0578125
0 0.7234375 0.47109375 0.078125 0.0765625
0 0.7859375 0.4140625 0.065625 0.0640625
0 0.75625 0.36171875 0.0703125 0.0671875
0 0.765625 0.32109375 0.0609375 0.0578125
0 0.7171875 0.28984375 0.0765625 0.078125
0 0.70234375 0.22734375 0.084375 0.08125
0 0.8375 0.3109375 0.053125 0.053125
0 0.90625 0.353125 0.0609375 0.065625
0 0.89453125 0.41484375 0.0734375 0.0765625
0 0.81328125 0.35703125 0.05 0.05
0 0.7921875 0.31171875 0.0703125 0.065625
0 0.7796875 0.24609375 0.0640625 0.06875
0 0.82578125 0.25625 0.0640625 0.0640625
0 0.825 0.2 0.05625 0.059375
0 0.78671875 0.20390625 0.0671875 0.0640625
0 0.78046875 0.1453125 0.053125 0.053125
0 0.7578125 0.1828125 0.06875 0.0640625
0 0.75078125 0.125 0.0515625 0.0546875
0 0.7796875 0.09375 0.0375 0.0328125
0 0.815625 0.11953125 0.0609375 0.053125
0 0.9 0.17578125 0.071875 0.071875
0 0.91328125 0.23828125 0.0796875 0.0796875
0 0.7390625 0.06953125 0.046875 0.034375
0 0.67890625 0.0453125 0.0515625 0.046875
0 0.6546875 0.0265625 0.053125 0.0390625
