0 0.01484375 0.30078125 0.0296875 0.0609375
0 0.0125 0.26796875 0.025 0.0421875
0 0.01328125 0.3546875 0.0265625 0.06875
0 0.01640625 0.2765625 0.0328125 0.065625
0 0.01640625 0.3328125 0.0328125 0.065625
0 0.02421875 0.35625 0.0484375 0.0625
0 0.0140625 0.3734375 0.028125 0.0625
0 0.0125 0.31640625 0.025 0.0484375
0 0.0109375 0.4390625 0.021875 0.046875
0 0.0140625 0.47265625 0.028125 0.0609375
0 0.0140625 0.43828125 0.028125 0.0515625
0 0.0140625 0.47265625 0.028125 0.0578125
0 0.03046875 0.4734375 0.0515625 0.0484375
0 0.03984375 0.50859375 0.0609375 0.0609375
0 0.015625 0.49765625 0.03125 0.0578125
0 0.01484375 0.53671875 0.0296875 0.0640625
0 0.01171875 0.58359375 0.0234375 0.0578125
0 0.028125 0.55078125 0.05625 0.0640625
0 0.05859375 0.575 0.0703125 0.0703125
0 0.103125 0.59765625 0.0703125 0.0734375
0 0.12734375 0.63984375 0.0671875 0.06875
0 0.0984375 0.66796875 0.0703125 0.0734375
0 0.14140625 0.6828125 0.071875 0.0671875
0 0.0234375 0.6234375 0.046875 0.05625
0 0.034375 0.659375 0.040625 0.0421875
0 0.12109375 0.81953125 0.05 0.05625
0 0.17421875 0.8140625 0.0484375 0.053125
0 0.21328125 0.77421875 0.0578125 0.059375
0 0.1953125 0.7375 0.053125 0.0546875
0 0.17265625 0.7765625 0.0578125 0.0609375
0 0.20859375 0.97421875 0.0515625 0.0515625
0 0.2296875 0.940625 0.05 0.05
0 0.24921875 0.9828125 0.0515625 0.034375
0 0.28125 0.97109375 0.0546875 0.053125
0 0.31875 0.9875 0.05625 0.025
0 0.27734375 0.875 0.0890625 0.0984375
0 0.31640625 0.859375 0.0640625 0.0625
0 0.31171875 0.79765625 0.05625 0.0578125
0 0.34609375 0.79609375 0.053125 0.05625
0 0.38359375 0.8046875 0.059375 0.0578125
0 0.35703125 0.83359375 0.0609375 0.0625
0 0.31875 0.9015625 0.0578125 0.0546875
0 0.35390625 0.88984375 0.0546875 0.0546875
0 0.3875 0.91875 0.0546875 0.05
0 0.3890625 0.8703125 0.053125 0.0515625
0 0.428125 0.8890625 0.0640625 0.0625
0 0.39921875 0.8296875 0.053125 0.0546875
0 0.4390625 0.84375 0.0515625 0.05
0 0.47265625 0.87109375 0.0640625 0.0625
0 0.4828125 0.88984375 0.053125 0.05625
0 0.41484375 0.934375 0.0609375 0.0578125
0 0.453125 0.96015625 0.059375 0.05625
0 0.49453125 0.9828125 0.0703125 0.034375
0 0.57578125 0.96953125 0.0703125 0.0609375
0 0.54296875 0.98203125 0.0578125 0.0359375
0 0.07421875 0.41953125 0.071875 0.078125
0 0.10078125 0.39140625 0.0578125 0.059375
0 0.14140625 0.41640625 0.05625 0.05625
0 0.11015625 0.46484375 0.0671875 0.0671875
0 0.13046875 0.51015625 0.0609375 0.0609375
0 0.1609375 0.459375 0.075 0.0796875
0 0.20703125 0.45859375 0.0609375 0.0625
0 0.178125 0.5234375 0.046875 0.046875
0 0.209375 0.50234375 0.053125 0.05625
0 0.2015625 0.5609375 0.065625 0.065625
0 0.25 0.53125 0.0703125 0.065625
0 0.240625 0.48046875 0.0875 0.0859375
0 0.27421875 0.56953125 0.065625 0.0609375
0 0.25 0.6328125 0.053125 0.053125
0 0.27734375 0.615625 0.040625 0.05
0 0.309375 0.60703125 0.059375 0.0671875
0 0.3375 0.5890625 0.0515625 0.0578125
0 0.29375 0.6578125 0.0703125 0.0734375
0 0.3390625 0.69296875 0.046875 0.05
0 0.390625 0.67578125 0.0625 0.0640625
0 0.38515625 0.628125 0.059375 0.0640625
0 0.3453125 0.64609375 0.04375 0.05
0 0.440625 0.72734375 0.05625 0.05625
0 0.40546875 0.7609375 0.0640625 0.0671875
0 0.44375 0.68125 0.053125 0.0515625
0 0.56953125 0.796875 0.0703125 0.065625
0 0.5625 0.82734375 0.0515625 0.05
0 0.5765625 0.85390625 0.0546875 0.05
0 0.6140625 0.89140625 0.0734375 0.0671875
0 0.65390625 0.86171875 0.046875 0.0390625
0 0.6421875 0.8375 0.04375 0.0421875
0 0.62421875 0.8046875 0.065625 0.0609375
0 0.6765625 0.93359375 0.0609375 0.059375
0 0.6765625 0.89375 0.053125 0.0515625
0 0.721875 0.92265625 0.05625 0.059375
0 0.7203125 0.84921875 0.0453125 0.0453125
0 0.74921875 0.87890625 0.0609375 0.05625
0 0.784375 0.9 0.0421875 0.0390625
0 0.7609375 0.9109375 0.0421875 0.040625
0 0.01640625 0.23046875 0.0328125 0.0640625
0 0.0359375 0.19453125 0.0625 0.0484375
0 0.034375 0.22265625 0.0515625 0.0484375
0 0.02265625 0.26484375 0.0453125 0.0515625
0 0.05859375 0.29609375 0.053125 0.0515625
0 0.0984375 0.2625 0.0703125 0.071875
0 0.125 0.21015625 0.0734375 0.0734375
0 0.16328125 0.18984375 0.0640625 0.0625
0 0.16796875 0.23359375 0.0671875 0.059375
0 0.18359375 0.26953125 0.0640625 0.0625
0 0.13203125 0.2953125 0.05625 0.0515625
0 0.09609375 0.31796875 0.071875 0.06875
0 0.1375 0.34453125 0.065625 0.0609375
0 0.1671875 0.36484375 0.0703125 0.06875
0 0.17265625 0.3203125 0.06875 0.0671875
0 0.22421875 0.29453125 0.0640625 0.0625
0 0.24296875 0.2484375 0.06875 0.0671875
0 0.29921875 0.3140625 0.065625 0.0703125
0 0.2515625 0.33671875 0.0703125 0.065625
0 0.259375 0.365625 0.0609375 0.059375
0 0.29765625 0.390625 0.05625 0.053125
0 0.2390625 0.40078125 0.071875 0.06875
0 0.36953125 0.42890625 0.0484375 0.0515625
0 0.34765625 0.4703125 0.0640625 0.0671875
0 0.371875 0.515625 0.0625 0.0640625
0 0.4171875 0.49453125 0.0640625 0.0625
0 0.38203125 0.46171875 0.0484375 0.0515625
0 0.428125 0.41953125 0.053125 0.053125
0 0.453125 0.4578125 0.065625 0.065625
0 0.47578125 0.4921875 0.06875 0.071875
0 0.51875 0.48125 0.075 0.084375
0 0.52109375 0.53984375 0.0859375 0.08125
0 0.478125 0.57890625 0.0640625 0.0671875
0 0.4609375 0.54453125 0.0578125 0.0625
0 0.42265625 0.528125 0.0515625 0.05625
0 0.5421875 0.64296875 0.0625 0.065625
0 0.57578125 0.60234375 0.0734375 0.0703125
0 0.5671875 0.696875 0.0421875 0.046875
0 0.64453125 0.5921875 0.04375 0.0515625
0 0.60234375 0.64375 0.05 0.05
0 0.65546875 0.675 0.05625 0.0578125
0 0.6375 0.7125 0.06875 0.0734375
0 0.6953125 0.68828125 0.0703125 0.06875
0 0.67734375 0.73203125 0.0734375 0.071875
0 0.7265625 0.74453125 0.0640625 0.0640625
0 0.7609375 0.76953125 0.0734375 0.0703125
0 0.81640625 0.77890625 0.065625 0.065625
0 0.196875 0.1359375 0.0578125 0.05625
0 0.22734375 0.08984375 0.0421875 0.034375
0 0.34453125 0.21171875 0.0640625 0.0625
0 0.390625 0.2328125 0.0734375 0.075
0 0.41015625 0.3125 0.065625 0.065625
0 0.45078125 0.290625 0.0578125 0.0578125
0 0.46484375 0.2453125 0.0609375 0.059375
0 0.4953125 0.2984375 0.0796875 0.078125
0 0.4703125 0.3421875 0.0671875 0.0640625
0 0.44375 0.3640625 0.0515625 0.05625
0 0.49140625 0.38046875 0.065625 0.06875
0 0.53828125 0.3734375 0.0671875 0.0640625
0 0.559375 0.41484375 0.0484375 0.0515625
0 0.53359375 0.321875 0.06875 0.0703125
0 0.7109375 0.56953125 0.0625 0.0609375
0 0.72265625 0.53125 0.0515625 0.05
0 0.75078125 0.4953125 0.053125 0.0515625
0 0.715625 0.49453125 0.0421875 0.0390625
0 0.76328125 0.55546875 0.05 0.0453125
0 0.77734375 0.58515625 0.065625 0.065625
0 0.81875 0.51328125 0.053125 0.05625
0 0.8515625 0.55078125 0.0578125 0.0578125
0 0.8234375 0.59140625 0.065625 0.0625
0 0.85625 0.61484375 0.0671875 0.0640625
0 0.9046875 0.5859375 0.0671875 0.0671875
0 0.9140625 0.621875 0.05625 0.0515625
0 0.88046875 0.6453125 0.0515625 0.0484375
0 0.84296875 0.66953125 0.0609375 0.059375
0 0.79375 0.6625 0.05 0.05
0 0.84921875 0.71171875 0.046875 0.04375
0 0.94609375 0.6484375 0.05625 0.053125
0 0.953125 0.6140625 0.0484375 0.046875
0 0.91484375 0.66953125 0.0484375 0.0453125
0 0.9046875 0.70546875 0.059375 0.0546875
0 0.99296875 0.66015625 0.0140625 0.0546875
0 0.984375 0.75078125 0.03125 0.0671875
0 0.9578125 0.76484375 0.0484375 0.0453125
0 0.9796875 0.7078125 0.040625 0.053125
0 0.95234375 0.73046875 0.0515625 0.0484375
0 0.940625 0.69140625 0.06875 0.0671875
0 0.98828125 0.5359375 0.0234375 0.05625
0 0.95 0.52265625 0.05 0.04375
0 0.97109375 0.4671875 0.0578125 0.05625
0 0.925 0.50546875 0.0671875 0.06875
0 0.8828125 0.45625 0.0609375 0.065625
0 0.925 0.4390625 0.05625 0.05625
0 0.984375 0.44140625 0.03125 0.0515625
0 0.778125 0.40390625 0.084375 0.0828125
0 0.79453125 0.3484375 0.0765625 0.0765625
0 0.74609375 0.3484375 0.0875 0.078125
0 0.7046875 0.41953125 0.05 0.05
0 0.68828125 0.359375 0.0578125 0.05
0 0.68984375 0.3265625 0.075 0.071875
0 0.61796875 0.28515625 0.0625 0.0578125
0 0.6359375 0.31875 0.0609375 0.059375
0 0.65859375 0.28828125 0.0578125 0.05625
0 0.6328125 0.384375 0.05 0.046875
0 0.7 0.2703125 0.0734375 0.0765625
0 0.6421875 0.253125 0.071875 0.075
0 0.5859375 0.23359375 0.0546875 0.0578125
0 0.52265625 0.20859375 0.05 0.0546875
0 0.48671875 0.19921875 0.05 0.05
0 0.47578125 0.15859375 0.0546875 0.0546875
0 0.4546875 0.1828125 0.0578125 0.0625
0 0.4234375 0.13984375 0.0515625 0.053125
0 0.34765625 0.13125 0.04375 0.0453125
0 0.3171875 0.11875 0.059375 0.059375
0 0.3234375 0.065625 0.0828125 0.084375
0 0.40234375 0.04921875 0.0671875 0.0671875
0 0.4546875 0.06640625 0.0609375 0.05625
0 0.459375 0.10703125 0.065625 0.0609375
0 0.4875 0.128125 0.059375 0.0546875
0 0.5328125 0.13203125 0.05625 0.053125
0 0.56484375 0.16796875 0.046875 0.04375
