0 0.2046875 0.01015625 0.040625 0.0203125
0 0.159375 0.0125 0.034375 0.025
0 0.271875 0.01796875 0.04375 0.0359375
0 0.2390625 0.021875 0.040625 0.04375
0 0.303125 0.0109375 0.034375 0.021875
0 0.309375 0.0453125 0.046875 0.0546875
0 0.28359375 0.065625 0.0484375 0.05625
0 0.28359375 0.096875 0.040625 0.05
0 0.34609375 0.096875 0.0453125 0.05
0 0.30859375 0.12421875 0.040625 0.0484375
0 0.35 0.13359375 0.0484375 0.05
0 0.30703125 0.16328125 0.0359375 0.0359375
0 0.253125 0.15546875 0.04375 0.0609375
0 0.20234375 0.2375 0.0515625 0.053125
0 0.1390625 0.2515625 0.0421875 0.0375
0 0.11484375 0.27421875 0.0453125 0.0359375
0 0.0734375 0.26015625 0.04375 0.0390625
0 0.05703125 0.28515625 0.0328125 0.034375
0 0.0859375 0.3046875 0.0453125 0.0421875
0 0.05625 0.32734375 0.046875 0.04375
0 0.040625 0.36953125 0.0453125 0.0390625
0 0.09609375 0.384375 0.053125 0.046875
0 0.0859375 0.4140625 0.05 0.0453125
0 0.12890625 0.30859375 0.040625 0.0375
0 0.2609375 0.21875 0.046875 0.04375
0 0.29921875 0.21484375 0.046875 0.0421875
0 0.3109375 0.2484375 0.0390625 0.0421875
0 0.3109375 0.321875 0.0359375 0.0328125
0 0.28671875 0.34609375 0.0453125 0.0421875
0 0.26328125 0.41796875 0.0296875 0.028125
0 0.28125 0.37421875 0.040625 0.040625
0 0.3234375 0.37109375 0.034375 0.034375
0 0.32109375 0.403125 0.04375 0.046875
0 0.315625 0.43359375 0.040625 0.0484375
0 0.2734375 0.46875 0.040625 0.0421875
0 0.3296875 0.5046875 0.0609375 0.0625
0 0.2953125 0.5578125 0.0328125 0.0359375
0 0.22578125 0.47265625 0.05 0.05
0 0.1703125 0.5296875 0.0375 0.034375
0 0.23359375 0.51796875 0.046875 0.04375
0 0.2109375 0.5453125 0.034375 0.0375
0 0.16484375 0.58125 0.0421875 0.040625
0 0.0203125 0.41953125 0.040625 0.0484375
0 0.05 0.434375 0.0484375 0.040625
0 0.07578125 0.4796875 0.0640625 0.059375
0 0.0390625 0.49375 0.0515625 0.05625
0 0.01015625 0.49375 0.0203125 0.05
0 0.10390625 0.546875 0.0359375 0.04375
0 0.078125 0.56171875 0.040625 0.05
0 0.11640625 0.5921875 0.040625 0.040625
0 0.0859375 0.62109375 0.0484375 0.0484375
0 0.06953125 0.64765625 0.0453125 0.0390625
0 0.12421875 0.63125 0.0421875 0.0390625
0 0.11953125 0.6703125 0.0390625 0.0359375
0 0.1171875 0.70390625 0.046875 0.040625
0 0.0875 0.7296875 0.040625 0.034375
0 0.06484375 0.74140625 0.0328125 0.034375
0 0.07109375 0.77890625 0.04375 0.034375
0 0.075 0.81953125 0.04375 0.04375
0 0.12890625 0.775 0.0375 0.0296875
0 0.11171875 0.79609375 0.04375 0.0390625
0 0.13203125 0.83671875 0.0359375 0.0359375
0 0.13828125 0.8828125 0.028125 0.021875
0 0.13046875 0.903125 0.04375 0.0234375
0 0.0703125 0.86796875 0.04375 0.0359375
0 0.06484375 0.88671875 0.034375 0.015625
0 0.1734375 0.80703125 0.0453125 0.05
0 0.159375 0.846875 0.0421875 0.0453125
0 0.21015625 0.8171875 0.0359375 0.0390625
0 0.23671875 0.7953125 0.040625 0.0421875
0 0.22890625 0.74296875 0.0515625 0.053125
0 0.2625 0.7640625 0.040625 0.040625
0 0.28203125 0.69140625 0.0296875 0.0390625
0 0.3140625 0.63359375 0.04375 0.04375
0 0.4265625 0.0453125 0.0359375 0.04375
0 0.465625 0.021875 0.04375 0.04375
0 0.48515625 0.00625 0.0328125 0.0125
0 0.525 0.021875 0.040625 0.0421875
0 0.4765625 0.09609375 0.0390625 0.04375
0 0.53046875 0.1125 0.0578125 0.05625
0 0.52890625 0.14609375 0.04375 0.0390625
0 0.51328125 0.190625 0.046875 0.0421875
0 0.540625 0.1875 0.04375 0.0390625
0 0.56953125 0.15546875 0.0453125 0.0484375
0 0.48828125 0.25078125 0.059375 0.0578125
0 0.42578125 0.284375 0.046875 0.053125
0 0.35859375 0.3484375 0.0453125 0.034375
0 0.36875 0.38203125 0.04375 0.040625
0 0.18828125 0.1921875 0.03125 0.03125
0 0.2171875 0.17890625 0.0453125 0.0453125
0 0.45546875 0.3171875 0.0359375 0.0390625
0 0.496875 0.290625 0.0375 0.040625
0 0.534375 0.26875 0.04375 0.046875
0 0.55234375 0.23046875 0.040625 0.034375
0 0.54375 0.32265625 0.0640625 0.0609375
0 0.4984375 0.35078125 0.040625 0.0375
0 0.54765625 0.3921875 0.0390625 0.0375
0 0.5265625 0.41171875 0.05 0.05
0 0.3296875 0.5828125 0.0421875 0.05
0 0.34140625 0.61796875 0.0453125 0.05
0 0.34765625 0.6578125 0.0421875 0.0390625
0 0.3375 0.690625 0.05 0.05
0 0.33984375 0.72265625 0.0421875 0.046875
0 0.303125 0.7484375 0.04375 0.04375
0 0.25078125 0.84296875 0.0421875 0.0359375
0 0.2078125 0.85625 0.0453125 0.0375
0 0.3140625 0.81953125 0.0421875 0.046875
0 0.34453125 0.76640625 0.04375 0.04375
0 0.39609375 0.80546875 0.05 0.0484375
0 0.38046875 0.58984375 0.05 0.0515625
0 0.38828125 0.62578125 0.04375 0.04375
0 0.41796875 0.60625 0.0484375 0.0453125
0 0.47265625 0.528125 0.0484375 0.04375
0 0.4765625 0.56171875 0.04375 0.04375
0 0.50859375 0.58046875 0.053125 0.0515625
0 0.5 0.50234375 0.05625 0.0546875
0 0.5453125 0.5375 0.0546875 0.0421875
0 0.546875 0.55625 0.0453125 0.0375
0 0.55546875 0.4765625 0.05 0.05
0 0.5328125 0.63828125 0.0421875 0.0359375
0 0.565625 0.6203125 0.0453125 0.0453125
0 0.2984375 0.9046875 0.0421875 0.046875
0 0.34375 0.9671875 0.040625 0.0265625
0 0.359375 0.94921875 0.04375 0.04375
0 0.36015625 0.89375 0.053125 0.0421875
0 0.365625 0.8703125 0.05 0.05
0 0.328125 0.85625 0.04375 0.04375
0 0.4578125 0.7609375 0.0390625 0.046875
0 0.49453125 0.78515625 0.046875 0.0421875
0 0.51796875 0.734375 0.034375 0.0328125
0 0.53359375 0.79296875 0.040625 0.04375
0 0.54609375 0.81640625 0.0234375 0.0265625
0 0.5546875 0.84140625 0.040625 0.04375
0 0.5796875 0.83828125 0.025 0.028125
0 0.5859375 0.80625 0.0296875 0.0265625
0 0.58359375 0.78046875 0.03125 0.034375
0 0.58359375 0.7390625 0.0375 0.0421875
0 0.53203125 0.7046875 0.03125 0.0390625
0 0.5453125 0.6859375 0.034375 0.0328125
0 0.5671875 0.67109375 0.028125 0.0328125
0 0.484375 0.97578125 0.059375 0.0484375
0 0.525 0.940625 0.0453125 0.0421875
0 0.55859375 0.9203125 0.046875 0.04375
0 0.58046875 0.9578125 0.0453125 0.0421875
0 0.5828125 0.98203125 0.05 0.0359375
0 0.63359375 0.89296875 0.0375 0.0375
0 0.6796875 0.88671875 0.0328125 0.0328125
0 0.62265625 0.85390625 0.04375 0.040625
0 0.709375 0.8328125 0.028125 0.034375
0 0.68515625 0.821875 0.034375 0.0375
0 0.734375 0.79140625 0.0390625 0.04375
0 0.7828125 0.8578125 0.053125 0.053125
0 0.81875 0.87265625 0.05 0.0484375
0 0.72109375 0.98828125 0.0515625 0.0234375
0 0.81953125 0.79921875 0.0484375 0.0515625
0 0.7734375 0.79296875 0.04375 0.04375
0 0.80078125 0.70625 0.0375 0.0453125
0 0.828125 0.68828125 0.0375 0.0390625
0 0.8734375 0.684375 0.0375 0.0484375
0 0.91171875 0.69375 0.034375 0.0328125
0 0.95390625 0.6625 0.0328125 0.0359375
0 0.94921875 0.621875 0.0328125 0.0359375
0 0.97734375 0.6015625 0.034375 0.034375
0 0.98828125 0.57109375 0.0234375 0.0328125
0 0.80546875 0.64921875 0.0390625 0.0375
0 0.77734375 0.6671875 0.0375 0.0453125
0 0.65859375 0.65390625 0.03125 0.0390625
0 0.6140625 0.66171875 0.0453125 0.046875
0 0.66953125 0.59375 0.0484375 0.05
0 0.703125 0.58046875 0.05 0.0515625
0 0.75234375 0.6140625 0.0484375 0.04375
0 0.7984375 0.5609375 0.0390625 0.0421875
0 0.740625 0.55703125 0.04375 0.04375
0 0.74765625 0.52109375 0.0296875 0.0328125
0 0.76484375 0.49765625 0.028125 0.0328125
0 0.80390625 0.50078125 0.0515625 0.0609375
0 0.7515625 0.425 0.05 0.0546875
0 0.78671875 0.37890625 0.0375 0.0390625
0 0.79375 0.421875 0.0375 0.0421875
0 0.77890625 0.34296875 0.0484375 0.05
0 0.740625 0.36328125 0.0375 0.0453125
0 0.59609375 0.3953125 0.0515625 0.046875
0 0.590625 0.4265625 0.0515625 0.0484375
0 0.64921875 0.35546875 0.040625 0.0375
0 0.6875 0.3296875 0.040625 0.04375
0 0.7234375 0.309375 0.0453125 0.034375
0 0.73203125 0.340625 0.0390625 0.04375
0 0.740625 0.27109375 0.040625 0.059375
0 0.8421875 0.48515625 0.0375 0.0390625
0 0.8421875 0.43203125 0.03125 0.03125
0 0.89140625 0.46328125 0.0484375 0.040625
0 0.8921875 0.4109375 0.0484375 0.05
0 0.94921875 0.3828125 0.05 0.0421875
0 0.95859375 0.4265625 0.0421875 0.0421875
0 0.99609375 0.50625 0.0078125 0.046875
0 0.9859375 0.43984375 0.028125 0.0453125
0 0.9953125 0.41640625 0.009375 0.0390625
0 0.98046875 0.340625 0.0390625 0.05625
0 0.7921875 0.26484375 0.04375 0.0484375
0 0.79140625 0.2234375 0.0375 0.0328125
0 0.7453125 0.20078125 0.028125 0.0296875
0 0.7796875 0.084375 0.0453125 0.0484375
0 0.721875 0.109375 0.053125 0.0515625
0 0.66796875 0.13203125 0.0484375 0.0484375
0 0.64375 0.08984375 0.0328125 0.034375
0 0.68203125 0.07421875 0.04375 0.040625
0 0.7234375 0.075 0.0453125 0.0375
0 0.71171875 0.0515625 0.0421875 0.028125
0 0.87421875 0.240625 0.046875 0.0421875
0 0.85078125 0.19609375 0.0328125 0.0328125
0 0.875 0.17734375 0.034375 0.03125
0 0.8984375 0.1515625 0.0390625 0.04375
0 0.9265625 0.13359375 0.03125 0.028125
0 0.9328125 0.1921875 0.046875 0.040625
0 0.92265625 0.22578125 0.0421875 0.046875
