0 0.140625 0.0125 0.04375 0.025
0 0.134375 0.01015625 0.025 0.0203125
0 0.12265625 0.01015625 0.0234375 0.0203125
0 0.11328125 0.02265625 0.025 0.0375
0 0.253125 0.01015625 0.04375 0.0203125
0 0.3 0.0109375 0.0625 0.021875
0 0.24140625 0.0078125 0.0484375 0.015625
0 0.12109375 0.025 0.04375 0.05
0 0.18203125 0.11953125 0.06875 0.0515625
0 0.29453125 0.1734375 0.0484375 0.05625
0 0.24140625 0.19296875 0.0515625 0.05625
0 0.0890625 0.175 0.053125 0.05
0 0.37265625 0.15078125 0.0640625 0.0640625
0 0.4359375 0.2078125 0.0578125 0.059375
0 0.49765625 0.1796875 0.0703125 0.053125
0 0.609375 0.2125 0.05625 0.0578125
0 0.60859375 0.1359375 0.0859375 0.071875
0 0.68203125 0.128125 0.071875 0.071875
0 0.7390625 0.09921875 0.0640625 0.0640625
0 0.84296875 0.10390625 0.0484375 0.04375
0 0.53671875 0.25078125 0.0578125 0.05
0 0.48828125 0.25703125 0.05625 0.0578125
0 0.86015625 0.2140625 0.05625 0.053125
0 0.80546875 0.1953125 0.0453125 0.0453125
0 0.98046875 0.19375 0.0390625 0.046875
0 0.91953125 0.10546875 0.0546875 0.0421875
0 0.96640625 0.41484375 0.053125 0.05
0 0.97421875 0.4953125 0.0515625 0.059375
0 0.93046875 0.51171875 0.05 0.05
0 0.8421875 0.52421875 0.0640625 0.05
0 0.83125 0.56171875 0.065625 0.065625
0 0.83515625 0.434375 0.0546875 0.053125
0 0.715625 0.5125 0.04375 0.0328125
0 0.7109375 0.55 0.046875 0.0484375
0 0.66640625 0.55703125 0.0515625 0.05625
0 0.7484375 0.4765625 0.059375 0.05
0 0.55078125 0.45546875 0.0453125 0.0453125
0 0.60546875 0.46875 0.046875 0.0515625
0 0.50546875 0.45 0.0578125 0.0515625
0 0.44921875 0.45625 0.0515625 0.046875
0 0.27421875 0.2703125 0.0359375 0.0375
0 0.246875 0.35625 0.0515625 0.046875
0 0.04296875 0.45859375 0.0484375 0.0375
0 0.01484375 0.4484375 0.0296875 0.0375
0 0.01796875 0.40859375 0.028125 0.0375
0 0.12578125 0.37109375 0.0375 0.0421875
0 0.1125 0.409375 0.0421875 0.05
0 0.18828125 0.5328125 0.0546875 0.046875
0 0.253125 0.5390625 0.040625 0.0390625
0 0.290625 0.53203125 0.04375 0.040625
0 0.44765625 0.5265625 0.0453125 0.0453125
0 0.5734375 0.59609375 0.0515625 0.0359375
0 0.5375 0.628125 0.05 0.0578125
0 0.42421875 0.7125 0.0453125 0.0421875
0 0.3875 0.73046875 0.0375 0.040625
0 0.1609375 0.7796875 0.046875 0.0546875
0 0.11875 0.75625 0.0578125 0.059375
0 0.01171875 0.7984375 0.0234375 0.040625
0 0.01015625 0.6984375 0.0203125 0.028125
0 0.2046875 0.803125 0.053125 0.046875
0 0.4046875 0.8265625 0.0453125 0.0453125
0 0.45625 0.80859375 0.046875 0.0390625
0 0.43515625 0.865625 0.06875 0.05
0 0.59375 0.81484375 0.059375 0.05
0 0.77265625 0.7890625 0.0484375 0.04375
0 0.7265625 0.778125 0.034375 0.0359375
0 0.821875 0.7828125 0.046875 0.046875
0 0.878125 0.79296875 0.0546875 0.046875
0 0.91796875 0.83203125 0.0390625 0.053125
0 0.7953125 0.9921875 0.065625 0.015625
0 0.8328125 0.98203125 0.05625 0.0359375
0 0.58515625 0.903125 0.0546875 0.046875
0 0.64296875 0.878125 0.0671875 0.0625
0 0.3828125 0.43515625 0.0546875 0.0546875
0 0.3453125 0.45859375 0.0671875 0.0625
0 0.325 0.7171875 0.0453125 0.0421875
