0 0.08046875 0.02890625 0.065625 0.0453125
0 0.05234375 0.0609375 0.04375 0.034375
0 0.11640625 0.06796875 0.05 0.0296875
0 0.16875 0.0546875 0.053125 0.0421875
0 0.14453125 0.09609375 0.034375 0.028125
0 0.2234375 0.034375 0.0390625 0.03125
0 0.30859375 0.040625 0.0390625 0.034375
0 0.2921875 0.00625 0.03125 0.0125
0 0.31796875 0.00390625 0.0296875 0.0078125
0 0.3328125 0.08984375 0.04375 0.0328125
0 0.3453125 0.06953125 0.034375 0.0390625
0 0.375 0.06328125 0.0359375 0.0328125
0 0.4046875 0.059375 0.0296875 0.0296875
0 0.37421875 0.103125 0.0296875 0.03125
0 0.471875 0.065625 0.0453125 0.0421875
0 0.02578125 0.25703125 0.0296875 0.03125
0 0.05625 0.28046875 0.0484375 0.046875
0 0.084375 0.30859375 0.040625 0.028125
0 0.15546875 0.27734375 0.0484375 0.0375
0 0.21328125 0.2828125 0.0359375 0.03125
0 0.2578125 0.290625 0.0359375 0.028125
0 0.33515625 0.26875 0.03125 0.03125
0 0.3265625 0.31796875 0.040625 0.03125
0 0.1671875 0.3125 0.034375 0.028125
0 0.16171875 0.384375 0.0453125 0.0390625
0 0.10078125 0.4109375 0.0359375 0.0328125
0 0.07421875 0.446875 0.0390625 0.0328125
0 0.11953125 0.46171875 0.0390625 0.0375
0 0.21328125 0.3828125 0.0390625 0.04375
0 0.2375 0.35625 0.0390625 0.0421875
0 0.30078125 0.32578125 0.0296875 0.028125
0 0.38984375 0.3078125 0.034375 0.03125
0 0.421875 0.29609375 0.0390625 0.04375
0 0.528125 0.10859375 0.0265625 0.0359375
0 0.54375 0.06796875 0.04375 0.0375
0 0.5984375 0.12265625 0.0375 0.034375
0 0.63515625 0.13046875 0.03125 0.034375
0 0.66796875 0.13671875 0.0484375 0.046875
0 0.64921875 0.06953125 0.0484375 0.0359375
0 0.6921875 0.0609375 0.0390625 0.034375
0 0.5484375 0.1546875 0.0359375 0.0328125
0 0.5984375 0.165625 0.034375 0.0234375
0 0.57265625 0.18828125 0.04375 0.0328125
0 0.49921875 0.17578125 0.0421875 0.0421875
0 0.5 0.25078125 0.03125 0.0234375
0 0.465625 0.3234375 0.040625 0.028125
0 0.521875 0.33125 0.05 0.0375
0 0.03515625 0.48359375 0.0234375 0.0296875
0 0.0546875 0.48984375 0.0375 0.0421875
0 0.11953125 0.52890625 0.034375 0.0375
0 0.265625 0.55546875 0.0375 0.0546875
0 0.30078125 0.55703125 0.03125 0.025
0 0.296875 0.58984375 0.0328125 0.034375
0 0.346875 0.6015625 0.0421875 0.0390625
0 0.378125 0.62734375 0.0328125 0.04375
0 0.409375 0.64375 0.03125 0.0390625
0 0.4328125 0.6640625 0.04375 0.0453125
0 0.37109375 0.4796875 0.0359375 0.028125
0 0.4140625 0.4546875 0.0359375 0.0265625
0 0.21015625 0.63046875 0.04375 0.0375
0 0.24140625 0.59921875 0.0375 0.0375
0 0.125 0.6578125 0.0390625 0.03125
0 0.08984375 0.67734375 0.0390625 0.028125
0 0.08125 0.6984375 0.03125 0.0234375
0 0.0875 0.7265625 0.034375 0.0390625
0 0.00625 0.753125 0.0125 0.028125
0 0.04765625 0.76171875 0.0328125 0.034375
0 0.0703125 0.80078125 0.0390625 0.04375
0 0.11171875 0.81953125 0.0484375 0.0421875
0 0.16015625 0.85859375 0.0515625 0.03125
0 0.17890625 0.82578125 0.05 0.040625
0 0.23515625 0.8328125 0.0546875 0.0328125
0 0.28515625 0.79375 0.0296875 0.0296875
0 0.30859375 0.77734375 0.0359375 0.0328125
0 0.35 0.73984375 0.04375 0.03125
0 0.39453125 0.7125 0.0421875 0.0375
0 0.4578125 0.71953125 0.0375 0.04375
0 0.4296875 0.7515625 0.0453125 0.034375
0 0.37578125 0.78125 0.0390625 0.03125
0 0.34140625 0.7984375 0.040625 0.0328125
0 0.28203125 0.8515625 0.0390625 0.0265625
0 0.26171875 0.859375 0.0390625 0.0390625
0 0.140625 0.91796875 0.040625 0.0328125
0 0.07109375 0.94140625 0.05 0.0265625
0 0.04453125 0.96640625 0.0390625 0.021875
0 0.0046875 0.96171875 0.009375 0.0234375
0 0.0171875 0.9453125 0.034375 0.0375
0 0.32890625 0.978125 0.034375 0.028125
0 0.4375 0.93828125 0.0421875 0.0375
0 0.5125 0.89453125 0.0328125 0.034375
0 0.51171875 0.85 0.0203125 0.0296875
0 0.546875 0.8765625 0.0328125 0.0390625
0 0.62734375 0.83828125 0.0296875 0.0296875
0 0.6671875 0.8203125 0.0390625 0.0375
0 0.628125 0.7265625 0.0203125 0.025
0 0.565625 0.65 0.0265625 0.034375
0 0.60234375 0.63125 0.04375 0.0328125
0 0.6328125 0.5265625 0.0359375 0.0328125
0 0.68984375 0.55859375 0.0296875 0.0234375
0 0.7109375 0.53828125 0.04375 0.034375
0 0.734375 0.49921875 0.0296875 0.03125
0 0.6984375 0.48125 0.034375 0.028125
0 0.734375 0.46328125 0.0296875 0.0296875
0 0.6390625 0.36953125 0.040625 0.0265625
0 0.6921875 0.3890625 0.034375 0.0375
0 0.725 0.3671875 0.0453125 0.034375
0 0.6640625 0.35 0.0453125 0.0421875
0 0.91953125 0.26328125 0.0390625 0.03125
0 0.88046875 0.2796875 0.04375 0.028125
0 0.84765625 0.3703125 0.0390625 0.028125
0 0.959375 0.10234375 0.040625 0.0328125
0 0.884375 0.14140625 0.034375 0.03125
0 0.94296875 0.1578125 0.04375 0.034375
0 0.853125 0.090625 0.034375 0.0421875
0 0.9890625 0.146875 0.021875 0.03125
0 0.9953125 0.25390625 0.009375 0.0359375
0 0.9375 0.525 0.0328125 0.0359375
0 0.959375 0.55390625 0.04375 0.04375
0 0.9 0.91484375 0.0453125 0.034375
0 0.77421875 0.95234375 0.0421875 0.0390625
0 0.91796875 0.77734375 0.0453125 0.0453125
0 0.79453125 0.72890625 0.06875 0.046875
0 0.97421875 0.828125 0.0203125 0.0359375
