0 0.01171875 0.2828125 0.0234375 0.05
0 0.01171875 0.2765625 0.0234375 0.046875
0 0.0078125 0.31484375 0.015625 0.0390625
0 0.01171875 0.30546875 0.0234375 0.0390625
0 0.01171875 0.26171875 0.0234375 0.0421875
0 0.0125 0.31328125 0.025 0.0453125
0 0.01171875 0.29765625 0.0234375 0.0453125
0 0.01015625 0.21953125 0.0203125 0.0328125
0 0.01640625 0.26171875 0.0328125 0.0515625
0 0.04921875 0.18671875 0.046875 0.05
0 0.028125 0.18125 0.0328125 0.025
0 0.05078125 0.1703125 0.0265625 0.021875
0 0.06953125 0.159375 0.0359375 0.025
0 0.0984375 0.14375 0.03125 0.0203125
0 0.078125 0.1578125 0.0328125 0.0265625
0 0.09765625 0.225 0.0421875 0.0375
0 0.134375 0.21015625 0.040625 0.0375
0 0.11640625 0.1734375 0.0421875 0.040625
0 0.1390625 0.15625 0.04375 0.040625
0 0.18984375 0.13671875 0.046875 0.053125
0 0.278125 0.08984375 0.034375 0.034375
0 0.28515625 0.13359375 0.040625 0.0375
0 0.3390625 0.11640625 0.0453125 0.04375
0 0.37578125 0.1109375 0.0421875 0.040625
0 0.40703125 0.0953125 0.0453125 0.04375
0 0.3484375 0.0578125 0.04375 0.0421875
0 0.33046875 0.15859375 0.0359375 0.03125
0 0.36875 0.1625 0.0375 0.0359375
0 0.35859375 0.18515625 0.040625 0.0359375
0 0.2734375 0.20625 0.0421875 0.04375
0 0.3375 0.2328125 0.053125 0.0453125
0 0.3125 0.26875 0.040625 0.0390625
0 0.24375 0.278125 0.0421875 0.0375
0 0.17421875 0.3734375 0.04375 0.0421875
0 0.153125 0.4 0.0328125 0.0359375
0 0.1328125 0.42421875 0.0390625 0.0390625
0 0.09765625 0.43828125 0.0453125 0.040625
0 0.03828125 0.45703125 0.05 0.0390625
0 0.0078125 0.50859375 0.015625 0.0359375
0 0.00625 0.49453125 0.0125 0.0265625
0 0.0125 0.525 0.025 0.04375
0 0.0890625 0.5421875 0.0484375 0.0484375
0 0.05390625 0.59765625 0.053125 0.0453125
0 0.04453125 0.65078125 0.0515625 0.0484375
0 0.09296875 0.62734375 0.053125 0.0515625
0 0.13125 0.52109375 0.0453125 0.0421875
0 0.13984375 0.48828125 0.05 0.0484375
0 0.18125 0.44296875 0.0390625 0.040625
0 0.203125 0.4140625 0.028125 0.028125
0 0.23984375 0.37734375 0.0421875 0.0375
0 0.12421875 0.6765625 0.0484375 0.05
0 0.265625 0.64296875 0.0546875 0.053125
0 0.29609375 0.61796875 0.040625 0.0421875
0 0.25390625 0.69140625 0.0625 0.065625
0 0.25 0.74140625 0.053125 0.0515625
0 0.190625 0.80078125 0.053125 0.05
0 0.16953125 0.8265625 0.05 0.0484375
0 0.178125 0.85859375 0.0453125 0.0453125
0 0.15625 0.9109375 0.034375 0.0421875
0 0.171875 0.91640625 0.0421875 0.034375
0 0.17109375 0.9453125 0.03125 0.0390625
0 0.20625 0.94765625 0.0484375 0.05
0 0.25234375 0.940625 0.05 0.046875
0 0.31640625 0.95234375 0.053125 0.046875
0 0.32265625 0.91875 0.05 0.046875
0 0.35546875 0.8984375 0.0359375 0.0359375
0 0.40625 0.88515625 0.034375 0.0296875
0 0.41328125 0.9109375 0.0421875 0.040625
0 0.3015625 0.98984375 0.0375 0.0203125
0 0.31640625 0.978125 0.040625 0.0421875
0 0.32890625 0.99453125 0.0421875 0.0109375
0 0.5140625 0.9828125 0.040625 0.034375
0 0.46796875 0.94375 0.0359375 0.040625
0 0.5390625 0.97265625 0.0359375 0.0359375
0 0.58203125 0.8890625 0.0421875 0.0421875
0 0.603125 0.86953125 0.028125 0.0296875
0 0.61640625 0.8515625 0.028125 0.028125
0 0.63828125 0.82421875 0.0375 0.0421875
0 0.64609375 0.7921875 0.0375 0.0328125
0 0.72734375 0.68046875 0.046875 0.0453125
0 0.6734375 0.68515625 0.0359375 0.0359375
0 0.75234375 0.91796875 0.0421875 0.0390625
0 0.79609375 0.90703125 0.034375 0.0234375
0 0.8171875 0.8859375 0.04375 0.040625
0 0.6890625 0.88046875 0.046875 0.046875
0 0.40390625 0.81484375 0.04375 0.040625
0 0.43125 0.8125 0.0359375 0.03125
0 0.45390625 0.78046875 0.0484375 0.0453125
0 0.4125 0.75703125 0.0375 0.0328125
0 0.5015625 0.68828125 0.0453125 0.04375
0 0.3078125 0.53828125 0.04375 0.05
0 0.33515625 0.4859375 0.0421875 0.040625
0 0.35234375 0.44296875 0.046875 0.05
0 0.375 0.334375 0.05 0.0578125
0 0.31796875 0.3296875 0.0359375 0.0359375
0 0.31796875 0.359375 0.0484375 0.04375
0 0.4890625 0.2828125 0.04375 0.040625
0 0.49296875 0.3109375 0.0421875 0.0328125
0 0.47109375 0.34609375 0.0453125 0.040625
0 0.54609375 0.30703125 0.0484375 0.0453125
0 0.55703125 0.27734375 0.0453125 0.0453125
0 0.5578125 0.45 0.0609375 0.05625
0 0.58984375 0.3796875 0.053125 0.046875
0 0.61171875 0.34296875 0.040625 0.0375
0 0.63671875 0.37421875 0.046875 0.046875
0 0.62578125 0.4203125 0.0375 0.034375
0 0.6171875 0.44765625 0.0421875 0.0375
0 0.57890625 0.54375 0.0515625 0.04375
0 0.540625 0.59296875 0.0546875 0.0515625
0 0.5046875 0.590625 0.040625 0.04375
0 0.478125 0.6015625 0.040625 0.0421875
0 0.453125 0.65546875 0.0453125 0.0421875
0 0.42265625 0.64140625 0.040625 0.0453125
0 0.3546875 0.64140625 0.0359375 0.03125
0 0.64453125 0.6234375 0.040625 0.0390625
0 0.7296875 0.634375 0.04375 0.0421875
0 0.7828125 0.58828125 0.04375 0.0421875
0 0.8625 0.36171875 0.0515625 0.0453125
0 0.871875 0.33515625 0.0421875 0.0375
0 0.86015625 0.3015625 0.0390625 0.040625
0 0.71015625 0.56796875 0.0390625 0.034375
0 0.68203125 0.5734375 0.0390625 0.0390625
0 0.821875 0.4984375 0.0453125 0.040625
0 0.8125 0.28359375 0.028125 0.028125
0 0.8171875 0.30390625 0.0390625 0.040625
0 0.7875 0.55078125 0.0421875 0.0375
0 0.865625 0.8359375 0.046875 0.046875
0 0.8796875 0.74140625 0.05625 0.0546875
0 0.965625 0.65234375 0.05 0.0515625
0 0.925 0.6265625 0.0359375 0.0359375
0 0.64140625 0.1984375 0.034375 0.03125
0 0.63828125 0.16875 0.046875 0.04375
0 0.6453125 0.12578125 0.0375 0.0453125
0 0.68046875 0.08828125 0.065625 0.0515625
0 0.75078125 0.04609375 0.046875 0.0453125
0 0.7515625 0.0203125 0.053125 0.040625
0 0.58828125 0.01640625 0.0671875 0.0328125
0 0.64296875 0.015625 0.0671875 0.03125
0 0.628125 0.01171875 0.05 0.0234375
0 0.67421875 0.0109375 0.0453125 0.021875
0 0.6859375 0.01015625 0.040625 0.0203125
0 0.734375 0.01171875 0.05 0.0234375
0 0.38828125 0.01953125 0.0453125 0.0375
0 0.509375 0.01328125 0.05625 0.0265625
