0 0.03984375 0.0296875 0.0328125 0.0390625
0 0.01953125 0.0921875 0.03125 0.05078125
0 0.0734375 0.078125 0.0453125 0.0390625
0 0.13125 0.046875 0.046875 0.03515625
0 0.090625 0.0296875 0.0375 0.03125
0 0.1234375 0.08984375 0.04296875 0.03515625
0 0.12578125 0.12421875 0.0296875 0.040625
0 0.05859375 0.134375 0.0390625 0.0390625
0 0.11640625 0.1828125 0.0375 0.0609375
0 0.015625 0.284375 0.03125 0.05625
0 0.1421875 0.3109375 0.03515625 0.03125
0 0.121875 0.33125 0.040625 0.040625
0 0.0625 0.321875 0.046875 0.03515625
0 0.075 0.3578125 0.0375 0.03515625
0 0.0359375 0.37578125 0.040625 0.0375
0 0.03046875 0.42109375 0.0375 0.0328125
0 0.140625 0.409375 0.04296875 0.040625
0 0.075 0.39921875 0.040625 0.0296875
0 0.1046875 0.38125 0.040625 0.0390625
0 0.090625 0.41796875 0.0375 0.02734375
0 0.1078125 0.44921875 0.0390625 0.03515625
0 0.0578125 0.4484375 0.0375 0.025
0 0.04609375 0.49140625 0.0328125 0.0328125
0 0.01640625 0.49921875 0.0328125 0.040625
0 0.07890625 0.4796875 0.021875 0.025
0 0.0875 0.50703125 0.05859375 0.021875
0 0.1078125 0.5359375 0.03515625 0.0375
0 0.0734375 0.53203125 0.0296875 0.0296875
0 0.0875 0.5640625 0.0390625 0.03125
0 0.02421875 0.534375 0.0328125 0.0296875
0 0.04609375 0.559375 0.0328125 0.0296875
0 0.0328125 0.5859375 0.03515625 0.03515625
0 0.0109375 0.6140625 0.021875 0.040625
0 0.04296875 0.64140625 0.046875 0.040625
0 0.05546875 0.603125 0.025 0.03125
0 0.10234375 0.64921875 0.0328125 0.025
0 0.0921875 0.68828125 0.04296875 0.0296875
0 0.09765625 0.7234375 0.03125 0.0328125
0 0.03984375 0.72734375 0.0375 0.040625
0 0.053125 0.7609375 0.0390625 0.0375
0 0.0125 0.7546875 0.025 0.0328125
0 0.015625 0.7828125 0.03125 0.03125
0 0.125 0.73046875 0.0390625 0.046875
0 0.1453125 0.75859375 0.0328125 0.040625
0 0.12578125 0.8078125 0.040625 0.0484375
0 0.10546875 0.771875 0.03515625 0.0390625
0 0.08515625 0.784375 0.025 0.040625
0 0.04765625 0.7984375 0.0328125 0.02734375
0 0.05625 0.82421875 0.02734375 0.02734375
0 0.08671875 0.82734375 0.0296875 0.0375
0 0.09765625 0.84765625 0.03125 0.03515625
0 0.13203125 0.8625 0.0328125 0.053125
0 0.021875 0.83671875 0.03515625 0.0296875
0 0.01640625 0.85859375 0.0328125 0.021875
0 0.0109375 0.89140625 0.021875 0.0296875
0 0.01171875 0.9359375 0.01953125 0.05078125
0 0.0171875 0.98203125 0.034375 0.0265625
0 0.0734375 0.86875 0.0453125 0.03515625
0 0.03828125 0.89921875 0.0375 0.0375
0 0.0453125 0.93359375 0.046875 0.02734375
0 0.08125 0.89375 0.0375 0.025
0 0.128125 0.9203125 0.0375 0.03515625
0 0.1078125 0.9890625 0.02734375 0.0171875
0 0.07109375 0.97265625 0.040625 0.05078125
0 0.184375 0.7640625 0.0296875 0.0546875
0 0.2296875 0.7859375 0.0484375 0.0453125
0 0.275 0.78203125 0.0390625 0.053125
0 0.2515625 0.8390625 0.05859375 0.0375
0 0.20703125 0.8421875 0.05859375 0.04296875
0 0.16484375 0.825 0.040625 0.0328125
0 0.16875 0.8890625 0.0375 0.04296875
0 0.21015625 0.8828125 0.0328125 0.02734375
0 0.246875 0.8828125 0.0484375 0.03125
0 0.24296875 0.9109375 0.0484375 0.0375
0 0.18828125 0.93125 0.053125 0.03125
0 0.16796875 0.975 0.04296875 0.0390625
0 0.26171875 0.9421875 0.03125 0.0328125
0 0.2328125 0.94375 0.03125 0.02734375
0 0.21484375 0.9703125 0.0234375 0.03515625
0 0.259375 0.984375 0.03125 0.02734375
0 0.28203125 0.240625 0.0375 0.03515625
0 0.25 0.278125 0.0390625 0.0328125
0 0.29375 0.2875 0.0453125 0.04296875
0 0.26640625 0.3265625 0.0375 0.046875
0 0.27421875 0.353125 0.040625 0.0390625
0 0.22265625 0.34375 0.04296875 0.04296875
0 0.1953125 0.37578125 0.0390625 0.0453125
0 0.2109375 0.4203125 0.046875 0.0390625
0 0.2546875 0.4140625 0.053125 0.03515625
0 0.25625 0.37890625 0.046875 0.046875
0 0.259375 0.4484375 0.046875 0.053125
0 0.184375 0.45 0.0296875 0.025
0 0.1671875 0.478125 0.0375 0.03125
0 0.2140625 0.50078125 0.0453125 0.0328125
0 0.26953125 0.496875 0.03515625 0.040625
0 0.309375 0.453125 0.0453125 0.0390625
0 0.29609375 0.4828125 0.0375 0.0390625
0 0.3078125 0.5421875 0.0375 0.0328125
0 0.25 0.55078125 0.04296875 0.03125
0 0.209375 0.53984375 0.04296875 0.0375
0 0.17109375 0.5359375 0.040625 0.053125
0 0.1703125 0.57890625 0.03125 0.040625
0 0.17109375 0.61796875 0.0453125 0.040625
0 0.20390625 0.57421875 0.0484375 0.0390625
0 0.2078125 0.61328125 0.0328125 0.03125
0 0.2546875 0.59375 0.040625 0.03515625
0 0.29765625 0.59375 0.0453125 0.046875
0 0.25703125 0.625 0.0328125 0.02734375
0 0.2703125 0.653125 0.0328125 0.0328125
0 0.2296875 0.6734375 0.0328125 0.03515625
0 0.18125 0.6703125 0.03515625 0.04296875
0 0.17109375 0.0328125 0.0296875 0.0390625
0 0.2140625 0.02265625 0.0453125 0.0375
0 0.2375 0.0578125 0.0453125 0.0328125
0 0.26171875 0.07421875 0.03125 0.02734375
0 0.2421875 0.09453125 0.046875 0.0328125
0 0.1671875 0.07890625 0.025 0.040625
0 0.19375 0.0953125 0.03515625 0.03125
0 0.1625 0.12890625 0.03515625 0.04296875
0 0.2203125 0.146875 0.0234375 0.03515625
0 0.2578125 0.15703125 0.03125 0.0453125
0 0.26875 0.11640625 0.040625 0.0328125
0 0.21875 0.1765625 0.03125 0.0375
0 0.1890625 0.16875 0.046875 0.0484375
0 0.17109375 0.19453125 0.0484375 0.0453125
0 0.18828125 0.23125 0.040625 0.040625
0 0.17578125 0.2734375 0.03515625 0.04296875
0 0.2375 0.20625 0.0328125 0.0375
0 0.2328125 0.23828125 0.02734375 0.02734375
0 0.25625 0.01484375 0.0390625 0.0296875
0 0.3671875 0.00859375 0.03125 0.0171875
0 0.3734375 0.05078125 0.0390625 0.046875
0 0.37578125 0.09296875 0.040625 0.0296875
0 0.4171875 0.08203125 0.0484375 0.04296875
0 0.4453125 0.04765625 0.046875 0.040625
0 0.42890625 0.02421875 0.0375 0.0296875
0 0.35 0.11640625 0.0390625 0.0296875
0 0.34765625 0.1484375 0.03125 0.03125
0 0.3921875 0.1296875 0.03515625 0.0296875
0 0.38203125 0.1625 0.025 0.0234375
0 0.4484375 0.1171875 0.0375 0.04296875
0 0.4234375 0.1484375 0.03515625 0.0390625
0 0.475 0.14921875 0.04296875 0.05625
0 0.42109375 0.19609375 0.040625 0.040625
0 0.3796875 0.2046875 0.0375 0.0390625
0 0.37421875 0.24296875 0.025 0.0328125
0 0.375 0.2875 0.0390625 0.0390625
0 0.365625 0.3421875 0.046875 0.0625
0 0.365625 0.40625 0.0390625 0.0625
0 0.40546875 0.2484375 0.053125 0.05078125
0 0.4109375 0.30546875 0.0328125 0.0328125
0 0.475 0.19921875 0.03515625 0.0390625
0 0.50390625 0.19453125 0.04296875 0.040625
0 0.4921875 0.22578125 0.0390625 0.0328125
0 0.54609375 0.2015625 0.0375 0.04296875
0 0.51640625 0.26640625 0.0484375 0.0484375
0 0.45625 0.24140625 0.0375 0.021875
0 0.45234375 0.28515625 0.040625 0.03515625
0 0.48125 0.2578125 0.040625 0.0390625
0 0.49921875 0.3046875 0.0484375 0.0390625
0 0.509375 0.340625 0.04296875 0.0375
0 0.4734375 0.33125 0.0453125 0.040625
0 0.42890625 0.334375 0.0453125 0.03125
0 0.4109375 0.3515625 0.040625 0.0390625
0 0.4546875 0.36640625 0.04296875 0.0328125
0 0.4109375 0.390625 0.0375 0.03515625
0 0.4171875 0.4421875 0.0375 0.0375
0 0.4421875 0.40625 0.0375 0.02734375
0 0.478125 0.396875 0.046875 0.04296875
0 0.3765625 0.46171875 0.046875 0.0375
0 0.37109375 0.528125 0.0390625 0.0375
0 0.39375 0.50390625 0.0375 0.03515625
0 0.378125 0.6375 0.0328125 0.040625
0 0.334375 0.63984375 0.03515625 0.025
0 0.3109375 0.66328125 0.05078125 0.0640625
0 0.35625 0.6734375 0.0296875 0.03515625
0 0.30859375 0.7203125 0.02734375 0.046875
0 0.3359375 0.7078125 0.0390625 0.0484375
0 0.38671875 0.7046875 0.04296875 0.03515625
0 0.515625 0.4828125 0.0390625 0.05078125
0 0.546875 0.49609375 0.03515625 0.0390625
0 0.4875 0.4828125 0.0453125 0.046875
0 0.5078125 0.525 0.0390625 0.04296875
0 0.49921875 0.55078125 0.0328125 0.03515625
0 0.46953125 0.53125 0.0375 0.02734375
0 0.42578125 0.540625 0.0390625 0.046875
0 0.4609375 0.571875 0.0390625 0.03515625
0 0.4265625 0.60859375 0.0328125 0.0484375
0 0.52265625 0.56953125 0.0453125 0.0375
0 0.509375 0.5984375 0.0390625 0.040625
0 0.53828125 0.634375 0.0453125 0.05859375
0 0.46875 0.603125 0.0390625 0.03515625
0 0.453125 0.640625 0.046875 0.046875
0 0.50078125 0.6484375 0.0328125 0.03125
0 0.4921875 0.665625 0.03125 0.03515625
0 0.47578125 0.6796875 0.0328125 0.03515625
0 0.4671875 0.715625 0.0390625 0.0375
0 0.39921875 0.7515625 0.0484375 0.03515625
0 0.3328125 0.76640625 0.0375 0.0296875
0 0.31640625 0.796875 0.03125 0.03515625
0 0.3296875 0.828125 0.0390625 0.02734375
0 0.3453125 0.85859375 0.03125 0.0296875
0 0.4359375 0.78203125 0.03125 0.0453125
0 0.40546875 0.7828125 0.025 0.03515625
0 0.38203125 0.8 0.05625 0.0296875
0 0.4078125 0.828125 0.04296875 0.0390625
0 0.37890625 0.840625 0.0390625 0.040625
0 0.41328125 0.88359375 0.0484375 0.0375
0 0.3796875 0.89921875 0.0375 0.0375
0 0.38984375 0.9328125 0.0296875 0.0328125
0 0.415625 0.95 0.03515625 0.040625
0 0.3859375 0.9765625 0.040625 0.03125
0 0.315625 0.95390625 0.0453125 0.0328125
0 0.309375 0.9875 0.0375 0.021875
0 0.3515625 0.96015625 0.0390625 0.0296875
0 0.35 0.9203125 0.0390625 0.03515625
0 0.31875 0.9171875 0.03515625 0.0296875
0 0.33515625 0.89140625 0.040625 0.0328125
0 0.52265625 0.790625 0.0453125 0.04296875
0 0.47734375 0.7921875 0.0375 0.040625
0 0.4640625 0.84453125 0.0296875 0.0375
0 0.5140625 0.8296875 0.04296875 0.02734375
0 0.49609375 0.853125 0.0390625 0.03125
0 0.528125 0.8796875 0.0453125 0.0453125
0 0.484375 0.8828125 0.04296875 0.0390625
0 0.51640625 0.928125 0.05625 0.0390625
0 0.45390625 0.9109375 0.040625 0.040625
0 0.44921875 0.95234375 0.0390625 0.0484375
0 0.4890625 0.95703125 0.040625 0.03125
0 0.48515625 0.9828125 0.0484375 0.03125
0 0.50078125 0.02265625 0.0375 0.0375
0 0.5234375 0.053125 0.046875 0.046875
0 0.59296875 0.0265625 0.0328125 0.040625
0 0.55078125 0.02421875 0.03125 0.040625
0 0.5765625 0.065625 0.04296875 0.0328125
0 0.5796875 0.109375 0.04296875 0.04296875
0 0.6109375 0.0625 0.04296875 0.04296875
0 0.65625 0.0203125 0.04296875 0.0375
0 0.66328125 0.0703125 0.0328125 0.03515625
0 0.6390625 0.0984375 0.0390625 0.0328125
0 0.6890625 0.11640625 0.046875 0.0453125
0 0.65 0.13671875 0.0390625 0.04296875
0 0.61015625 0.16328125 0.0453125 0.0328125
0 0.6484375 0.18125 0.05078125 0.03515625
0 0.6859375 0.19609375 0.0390625 0.0375
0 0.66875 0.2296875 0.0453125 0.0453125
0 0.6125 0.2 0.0328125 0.0328125
0 0.5859375 0.20625 0.03515625 0.040625
0 0.578125 0.24609375 0.0390625 0.0390625
0 0.60625 0.2515625 0.0328125 0.0390625
0 0.6328125 0.22578125 0.03515625 0.0375
0 0.65546875 0.27265625 0.0375 0.053125
0 0.5765625 0.28203125 0.02734375 0.0296875
0 0.565625 0.32109375 0.0375 0.0484375
0 0.565625 0.37421875 0.0453125 0.0484375
0 0.6046875 0.3171875 0.0375 0.0375
0 0.63671875 0.32890625 0.03515625 0.053125
0 0.66875 0.3453125 0.0296875 0.03125
0 0.6703125 0.38671875 0.03125 0.0390625
0 0.6625 0.43125 0.0234375 0.05078125
0 0.640625 0.3765625 0.03125 0.046875
0 0.60234375 0.35859375 0.0453125 0.0453125
0 0.603125 0.409375 0.046875 0.053125
0 0.62890625 0.453125 0.04296875 0.0546875
0 0.5859375 0.471875 0.03515625 0.0375
0 0.596875 0.51171875 0.0328125 0.0390625
0 0.67265625 0.52734375 0.0453125 0.04296875
0 0.653125 0.56953125 0.0375 0.0375
0 0.71015625 0.5625 0.040625 0.046875
0 0.715625 0.6046875 0.025 0.0375
0 0.6765625 0.6234375 0.040625 0.04296875
0 0.6265625 0.603125 0.0390625 0.046875
0 0.5828125 0.58984375 0.040625 0.04296875
0 0.5859375 0.63359375 0.03515625 0.040625
0 0.5828125 0.684375 0.0453125 0.05625
0 0.6265625 0.6453125 0.04296875 0.0453125
0 0.63203125 0.696875 0.0375 0.046875
0 0.6734375 0.671875 0.03515625 0.05078125
0 0.71015625 0.653125 0.053125 0.0609375
0 0.7171875 0.70234375 0.05078125 0.05625
0 0.6953125 0.71171875 0.03515625 0.0375
0 0.69453125 0.759375 0.0453125 0.03515625
0 0.678125 0.7296875 0.03125 0.0453125
0 0.646875 0.740625 0.03515625 0.04296875
0 0.65703125 0.7734375 0.0296875 0.03515625
0 0.65 0.80390625 0.03125 0.0375
0 0.6125 0.8140625 0.040625 0.05078125
0 0.6359375 0.778125 0.0375 0.040625
0 0.5828125 0.76953125 0.0328125 0.0390625
0 0.5796875 0.7234375 0.03125 0.0375
0 0.6140625 0.734375 0.0328125 0.0390625
0 0.7140625 0.80859375 0.040625 0.046875
0 0.74609375 0.8359375 0.03515625 0.04296875
0 0.69921875 0.86875 0.046875 0.05078125
0 0.725 0.890625 0.0390625 0.03515625
0 0.71875 0.92265625 0.04296875 0.053125
0 0.64765625 0.85859375 0.0375 0.0328125
0 0.615625 0.86640625 0.0390625 0.025
0 0.61640625 0.9265625 0.0375 0.0296875
0 0.678125 0.92265625 0.03125 0.0328125
0 0.64375 0.93046875 0.053125 0.0640625
0 0.678125 0.9671875 0.05078125 0.04296875
0 0.63984375 0.97734375 0.0375 0.040625
0 0.5890625 0.96875 0.0375 0.05859375
0 0.8453125 0.653125 0.04296875 0.05625
0 0.8171875 0.61640625 0.0453125 0.053125
0 0.77421875 0.58984375 0.0484375 0.03515625
0 0.7671875 0.621875 0.046875 0.0375
0 0.746875 0.665625 0.0296875 0.0390625
0 0.79765625 0.66484375 0.0484375 0.053125
0 0.8359375 0.696875 0.04296875 0.046875
0 0.85078125 0.740625 0.053125 0.04296875
0 0.77421875 0.73828125 0.0375 0.05078125
0 0.7953125 0.71953125 0.0390625 0.040625
0 0.83984375 0.78203125 0.0390625 0.040625
0 0.82734375 0.821875 0.05625 0.046875
0 0.7890625 0.78515625 0.03125 0.03125
0 0.81171875 0.93046875 0.053125 0.040625
0 0.76640625 0.95 0.0453125 0.053125
0 0.825 0.9765625 0.053125 0.0390625
0 0.946875 0.92265625 0.03125 0.0328125
0 0.95234375 0.8859375 0.0484375 0.0328125
0 0.9171875 0.8609375 0.0453125 0.03515625
0 0.896875 0.896875 0.05078125 0.0390625
0 0.92890625 0.9265625 0.0328125 0.0328125
0 0.8375 0.51640625 0.0390625 0.040625
0 0.9390625 0.79609375 0.03125 0.0484375
0 0.759375 0.53125 0.046875 0.0390625
0 0.778125 0.4890625 0.0640625 0.0328125
0 0.8234375 0.45 0.0453125 0.0609375
0 0.8421875 0.425 0.05078125 0.0453125
0 0.8578125 0.37890625 0.046875 0.03515625
0 0.8578125 0.32734375 0.05078125 0.0484375
0 0.76953125 0.4546875 0.0390625 0.03125
0 0.728125 0.4734375 0.03125 0.0375
0 0.709375 0.4484375 0.03125 0.0296875
0 0.74296875 0.4234375 0.040625 0.0390625
0 0.71171875 0.4203125 0.0375 0.0390625
0 0.7234375 0.3703125 0.040625 0.0375
0 0.76171875 0.38359375 0.04296875 0.0453125
0 0.8 0.36015625 0.040625 0.040625
0 0.8078125 0.4015625 0.040625 0.0328125
0 0.75859375 0.3390625 0.0453125 0.0484375
0 0.7203125 0.340625 0.0390625 0.0296875
0 0.7390625 0.2984375 0.0375 0.05078125
0 0.7953125 0.31328125 0.05078125 0.0328125
0 0.77734375 0.27421875 0.0390625 0.040625
0 0.81328125 0.2640625 0.0453125 0.0390625
0 0.74140625 0.2453125 0.053125 0.0640625
0 0.9203125 0.26171875 0.046875 0.0390625
0 0.86875 0.28203125 0.04296875 0.040625
0 0.87421875 0.2578125 0.0484375 0.04296875
0 0.8296875 0.2421875 0.03515625 0.02734375
0 0.8265625 0.21015625 0.0390625 0.0375
0 0.87578125 0.1796875 0.0453125 0.03515625
0 0.8953125 0.20703125 0.0453125 0.03515625
0 0.85078125 0.15625 0.0328125 0.0234375
0 0.7890625 0.1625 0.04296875 0.04296875
0 0.775 0.1203125 0.05078125 0.0484375
0 0.8125 0.103125 0.0546875 0.05078125
0 0.85859375 0.0953125 0.040625 0.04296875
0 0.8734375 0.0625 0.03515625 0.03125
0 0.83203125 0.0484375 0.046875 0.05078125
0 0.7921875 0.06953125 0.053125 0.040625
0 0.7453125 0.08203125 0.040625 0.04296875
0 0.7609375 0.03203125 0.040625 0.0296875
0 0.7265625 0.04296875 0.04296875 0.05078125
0 0.9421875 0.0765625 0.0375 0.03125
0 0.89765625 0.10078125 0.0296875 0.0375
0 0.9203125 0.1296875 0.0390625 0.0296875
