0 0.043945 0.018555 0.037109 0.029297
0 0.140625 0.025391 0.031250 0.031250
0 0.085938 0.136719 0.027344 0.031250
0 0.024414 0.197266 0.029297 0.023438
0 0.012695 0.166016 0.017578 0.035156
0 0.141602 0.093750 0.033203 0.031250
0 0.118164 0.135742 0.017578 0.029297
0 0.284180 0.132812 0.041016 0.027344
0 0.286133 0.157227 0.033203 0.025391
0 0.429688 0.107422 0.031250 0.031250
0 0.334961 0.145508 0.025391 0.029297
0 0.373047 0.166992 0.019531 0.021484
0 0.341797 0.192383 0.027344 0.029297
0 0.392578 0.147461 0.023438 0.017578
0 0.471680 0.062500 0.025391 0.027344
0 0.514648 0.096680 0.029297 0.033203
0 0.519531 0.130859 0.023438 0.031250
0 0.549805 0.131836 0.025391 0.025391
0 0.581055 0.151367 0.021484 0.033203
0 0.615234 0.151367 0.027344 0.033203
0 0.643555 0.137695 0.029297 0.029297
0 0.671875 0.124023 0.027344 0.029297
0 0.213867 0.133789 0.033203 0.021484
0 0.177734 0.131836 0.035156 0.029297
0 0.297852 0.229492 0.017578 0.029297
0 0.319336 0.289062 0.033203 0.027344
0 0.378906 0.291016 0.035156 0.035156
0 0.420898 0.294922 0.041016 0.039062
0 0.064453 0.319336 0.035156 0.025391
0 0.096680 0.320312 0.025391 0.035156
0 0.159180 0.338867 0.025391 0.033203
0 0.126953 0.323242 0.031250 0.029297
0 0.109375 0.389648 0.039062 0.037109
0 0.081055 0.435547 0.017578 0.031250
0 0.053711 0.443359 0.037109 0.039062
0 0.019531 0.485352 0.031250 0.033203
0 0.132812 0.463867 0.031250 0.029297
0 0.150391 0.447266 0.031250 0.019531
0 0.181641 0.460938 0.027344 0.031250
0 0.216797 0.460938 0.031250 0.023438
0 0.448242 0.329102 0.033203 0.033203
0 0.411133 0.379883 0.044922 0.033203
0 0.424805 0.346680 0.033203 0.029297
0 0.370117 0.403320 0.044922 0.033203
0 0.273438 0.446289 0.031250 0.033203
0 0.309570 0.447266 0.025391 0.027344
0 0.446289 0.433594 0.041016 0.027344
0 0.472656 0.467773 0.042969 0.029297
0 0.846680 0.058594 0.033203 0.023438
0 0.815430 0.095703 0.037109 0.031250
0 0.783203 0.130859 0.042969 0.035156
0 0.756836 0.146484 0.041016 0.039062
0 0.858398 0.115234 0.029297 0.023438
0 0.943359 0.127930 0.042969 0.033203
0 0.655273 0.175781 0.021484 0.027344
0 0.624023 0.236328 0.037109 0.023438
0 0.691406 0.299805 0.035156 0.033203
0 0.786133 0.304688 0.029297 0.031250
0 0.971680 0.308594 0.025391 0.031250
0 0.877930 0.316406 0.033203 0.023438
0 0.734375 0.406250 0.039062 0.031250
0 0.575195 0.463867 0.041016 0.025391
0 0.568359 0.487305 0.031250 0.033203
0 0.534180 0.490234 0.033203 0.027344
0 0.722656 0.463867 0.039062 0.021484
0 0.680664 0.501953 0.033203 0.023438
0 0.710938 0.484375 0.035156 0.027344
0 0.761719 0.499023 0.027344 0.044922
0 0.791016 0.510742 0.027344 0.037109
0 0.818359 0.503906 0.027344 0.035156
0 0.858398 0.525391 0.029297 0.035156
0 0.886719 0.582031 0.023438 0.031250
0 0.988281 0.562500 0.023438 0.027344
0 0.934570 0.596680 0.037109 0.041016
0 0.888672 0.718750 0.046875 0.042969
0 0.990234 0.771484 0.019531 0.031250
0 0.962891 0.776367 0.031250 0.029297
0 0.927734 0.765625 0.027344 0.027344
0 0.911133 0.808594 0.025391 0.027344
0 0.824219 0.858398 0.035156 0.029297
0 0.837891 0.888672 0.035156 0.027344
0 0.819336 0.944336 0.029297 0.029297
0 0.833984 0.688477 0.031250 0.025391
0 0.753906 0.708008 0.035156 0.025391
0 0.682617 0.760742 0.029297 0.033203
0 0.642578 0.673828 0.023438 0.035156
0 0.608398 0.684570 0.025391 0.033203
0 0.548828 0.651367 0.023438 0.025391
0 0.519531 0.671875 0.031250 0.031250
0 0.530273 0.626953 0.025391 0.023438
0 0.418945 0.662109 0.041016 0.023438
0 0.352539 0.618164 0.029297 0.029297
0 0.195312 0.507812 0.031250 0.027344
0 0.308594 0.602539 0.023438 0.029297
0 0.275391 0.614258 0.023438 0.025391
0 0.232422 0.598633 0.031250 0.025391
0 0.036133 0.598633 0.025391 0.021484
0 0.051758 0.650391 0.029297 0.035156
0 0.118164 0.590820 0.041016 0.025391
0 0.012695 0.733398 0.021484 0.037109
0 0.042969 0.707031 0.035156 0.035156
0 0.111328 0.718750 0.027344 0.039062
0 0.130859 0.738281 0.027344 0.031250
0 0.330078 0.672852 0.023438 0.025391
0 0.302734 0.704102 0.031250 0.037109
0 0.127930 0.773438 0.029297 0.027344
0 0.130859 0.796875 0.027344 0.019531
0 0.288086 0.780273 0.025391 0.029297
0 0.319336 0.800781 0.029297 0.031250
0 0.417969 0.849609 0.031250 0.031250
0 0.385742 0.853516 0.025391 0.031250
0 0.382812 0.889648 0.042969 0.029297
0 0.352539 0.910156 0.033203 0.023438
0 0.324219 0.930664 0.042969 0.041016
0 0.431641 0.991211 0.039062 0.017578
0 0.450195 0.967773 0.041016 0.025391
0 0.737305 0.922852 0.025391 0.037109
0 0.690430 0.962891 0.025391 0.031250
0 0.050781 0.892578 0.035156 0.035156
0 0.083008 0.851562 0.044922 0.035156
0 0.089844 0.936523 0.035156 0.025391
0 0.151367 0.982422 0.037109 0.023438
