0 0.044922 0.013672 0.039062 0.023438
0 0.144531 0.022461 0.027344 0.033203
0 0.121094 0.039062 0.031250 0.027344
0 0.225586 0.015625 0.029297 0.019531
0 0.159180 0.062500 0.025391 0.027344
0 0.141602 0.094727 0.025391 0.029297
0 0.083984 0.141602 0.031250 0.037109
0 0.045898 0.158203 0.025391 0.031250
0 0.011719 0.166992 0.019531 0.021484
0 0.019531 0.198242 0.027344 0.025391
0 0.038086 0.183594 0.025391 0.027344
0 0.118164 0.131836 0.029297 0.025391
0 0.153320 0.133789 0.017578 0.029297
0 0.174805 0.135742 0.029297 0.021484
0 0.291992 0.143555 0.025391 0.025391
0 0.334961 0.149414 0.025391 0.033203
0 0.367188 0.171875 0.023438 0.027344
0 0.388672 0.159180 0.023438 0.033203
0 0.416992 0.117188 0.025391 0.031250
0 0.492188 0.042969 0.023438 0.035156
0 0.476562 0.011719 0.027344 0.015625
0 0.468750 0.050781 0.027344 0.019531
0 0.456055 0.073242 0.025391 0.021484
0 0.523438 0.096680 0.031250 0.029297
0 0.519531 0.135742 0.035156 0.029297
0 0.548828 0.131836 0.027344 0.029297
0 0.551758 0.099609 0.033203 0.023438
0 0.590820 0.092773 0.029297 0.029297
0 0.583008 0.149414 0.025391 0.033203
0 0.606445 0.153320 0.029297 0.029297
0 0.670898 0.100586 0.037109 0.033203
0 0.663086 0.125000 0.033203 0.023438
0 0.645508 0.145508 0.029297 0.037109
0 0.810547 0.041016 0.027344 0.035156
0 0.848633 0.054688 0.033203 0.031250
0 0.734375 0.090820 0.027344 0.021484
0 0.708008 0.105469 0.037109 0.031250
0 0.737305 0.144531 0.029297 0.031250
0 0.757812 0.135742 0.023438 0.029297
0 0.782227 0.128906 0.029297 0.035156
0 0.799805 0.089844 0.029297 0.019531
0 0.876953 0.092773 0.035156 0.025391
0 0.856445 0.112305 0.029297 0.029297
0 0.889648 0.120117 0.029297 0.025391
0 0.968750 0.086914 0.035156 0.029297
0 0.942383 0.123047 0.033203 0.027344
0 0.989258 0.250000 0.021484 0.031250
0 0.949219 0.284180 0.027344 0.029297
0 0.926758 0.292969 0.025391 0.023438
0 0.982422 0.293945 0.027344 0.021484
0 0.968750 0.325195 0.031250 0.025391
0 0.937500 0.330078 0.023438 0.023438
0 0.879883 0.316406 0.037109 0.035156
0 0.861328 0.348633 0.035156 0.033203
0 0.833008 0.369141 0.029297 0.027344
0 0.798828 0.347656 0.031250 0.031250
0 0.773438 0.304688 0.031250 0.023438
0 0.744141 0.401367 0.035156 0.025391
0 0.734375 0.419922 0.035156 0.023438
0 0.641602 0.179688 0.029297 0.031250
0 0.670898 0.184570 0.033203 0.029297
0 0.607422 0.229492 0.027344 0.033203
0 0.638672 0.234375 0.031250 0.031250
0 0.982422 0.559570 0.035156 0.037109
0 0.913086 0.500977 0.037109 0.033203
0 0.860352 0.525391 0.041016 0.027344
0 0.889648 0.536133 0.029297 0.021484
0 0.830078 0.486328 0.031250 0.023438
0 0.816406 0.513672 0.027344 0.031250
0 0.789062 0.513672 0.019531 0.027344
0 0.761719 0.506836 0.027344 0.033203
0 0.773438 0.483398 0.039062 0.021484
0 0.724609 0.468750 0.035156 0.031250
0 0.716797 0.486328 0.039062 0.027344
0 0.684570 0.504883 0.041016 0.029297
0 0.623047 0.477539 0.042969 0.025391
0 0.594727 0.554688 0.044922 0.031250
0 0.561523 0.580078 0.029297 0.027344
0 0.537109 0.569336 0.039062 0.029297
0 0.578125 0.513672 0.035156 0.031250
0 0.579102 0.469727 0.037109 0.033203
0 0.544922 0.458008 0.035156 0.029297
0 0.536133 0.487305 0.033203 0.033203
0 0.477539 0.483398 0.052734 0.037109
0 0.492188 0.456055 0.039062 0.029297
0 0.447266 0.440430 0.042969 0.033203
0 0.935547 0.592773 0.035156 0.033203
0 0.881836 0.581055 0.025391 0.029297
0 0.907227 0.559570 0.029297 0.025391
0 0.448242 0.333984 0.033203 0.039062
0 0.420898 0.357422 0.044922 0.027344
0 0.406250 0.390625 0.046875 0.031250
0 0.420898 0.288086 0.033203 0.029297
0 0.376953 0.295898 0.031250 0.037109
0 0.300781 0.293945 0.042969 0.037109
0 0.293945 0.238281 0.041016 0.039062
0 0.317383 0.190430 0.033203 0.029297
0 0.159180 0.338867 0.044922 0.041016
0 0.102539 0.327148 0.037109 0.037109
0 0.067383 0.330078 0.037109 0.035156
0 0.101562 0.392578 0.042969 0.039062
0 0.085938 0.433594 0.035156 0.039062
0 0.054688 0.444336 0.031250 0.037109
0 0.017578 0.487305 0.031250 0.033203
0 0.110352 0.461914 0.025391 0.025391
0 0.140625 0.452148 0.031250 0.033203
0 0.214844 0.439453 0.046875 0.042969
0 0.186523 0.464844 0.033203 0.039062
0 0.278320 0.445312 0.033203 0.039062
0 0.308594 0.451172 0.035156 0.042969
0 0.364258 0.426758 0.037109 0.033203
0 0.988281 0.776367 0.023438 0.033203
0 0.959961 0.771484 0.033203 0.039062
0 0.931641 0.760742 0.035156 0.044922
0 0.916016 0.718750 0.031250 0.031250
0 0.887695 0.720703 0.033203 0.039062
0 0.858398 0.654297 0.025391 0.031250
0 0.840820 0.687500 0.021484 0.031250
0 0.817383 0.674805 0.029297 0.029297
0 0.786133 0.673828 0.029297 0.027344
0 0.755859 0.684570 0.035156 0.029297
0 0.759766 0.716797 0.027344 0.027344
0 0.736328 0.703125 0.027344 0.031250
0 0.711914 0.666016 0.048828 0.042969
0 0.663086 0.651367 0.033203 0.025391
0 0.649414 0.681641 0.037109 0.035156
0 0.608398 0.683594 0.029297 0.027344
0 0.598633 0.705078 0.025391 0.031250
0 0.536133 0.627930 0.029297 0.033203
0 0.495117 0.658203 0.037109 0.039062
0 0.492188 0.627930 0.039062 0.037109
0 0.432617 0.668945 0.025391 0.025391
0 0.416992 0.626953 0.037109 0.035156
0 0.351562 0.626953 0.039062 0.039062
0 0.315430 0.615234 0.041016 0.031250
0 0.278320 0.616211 0.033203 0.033203
0 0.234375 0.605469 0.035156 0.031250
0 0.359375 0.660156 0.031250 0.027344
0 0.328125 0.679688 0.031250 0.031250
0 0.308594 0.707031 0.050781 0.039062
0 0.394531 0.689453 0.035156 0.031250
0 0.342773 0.746094 0.048828 0.035156
0 0.204102 0.537109 0.033203 0.031250
0 0.022461 0.573242 0.025391 0.025391
0 0.040039 0.599609 0.037109 0.031250
0 0.023438 0.662109 0.027344 0.031250
0 0.047852 0.711914 0.025391 0.029297
0 0.028320 0.712891 0.029297 0.035156
0 0.014648 0.734375 0.021484 0.039062
0 0.057617 0.642578 0.029297 0.031250
0 0.119141 0.595703 0.039062 0.031250
0 0.109375 0.717773 0.035156 0.029297
0 0.135742 0.741211 0.033203 0.025391
0 0.186523 0.771484 0.029297 0.035156
0 0.281250 0.747070 0.031250 0.029297
0 0.283203 0.782227 0.031250 0.029297
0 0.213867 0.796875 0.033203 0.035156
0 0.314453 0.797852 0.019531 0.029297
0 0.334961 0.819336 0.025391 0.029297
0 0.352539 0.801758 0.037109 0.033203
0 0.384766 0.843750 0.023438 0.023438
0 0.411133 0.847656 0.029297 0.035156
0 0.441406 0.847656 0.035156 0.031250
0 0.456055 0.824219 0.025391 0.035156
0 0.628906 0.828125 0.039062 0.042969
0 0.626953 0.885742 0.027344 0.025391
0 0.654297 0.888672 0.027344 0.031250
0 0.892578 0.799805 0.035156 0.033203
0 0.826172 0.853516 0.031250 0.027344
0 0.843750 0.888672 0.035156 0.031250
0 0.858398 0.950195 0.044922 0.033203
0 0.815430 0.944336 0.029297 0.029297
0 0.834961 0.972656 0.029297 0.031250
0 0.867188 0.979492 0.035156 0.033203
0 0.775391 0.921875 0.039062 0.035156
0 0.738281 0.923828 0.046875 0.027344
0 0.680664 0.944336 0.037109 0.029297
0 0.660156 0.958984 0.027344 0.031250
0 0.320312 0.890625 0.039062 0.031250
0 0.375977 0.894531 0.029297 0.019531
0 0.349609 0.917969 0.027344 0.019531
0 0.326172 0.936523 0.023438 0.021484
0 0.297852 0.937500 0.029297 0.019531
0 0.259766 0.931641 0.031250 0.019531
0 0.097656 0.939453 0.031250 0.023438
0 0.086914 0.854492 0.033203 0.029297
0 0.216797 0.973633 0.039062 0.025391
0 0.427734 0.988281 0.023438 0.023438
