0 0.101562 0.157227 0.042969 0.044922
0 0.128906 0.117188 0.039062 0.035156
0 0.169922 0.124023 0.042969 0.044922
0 0.212891 0.112305 0.031250 0.033203
0 0.238281 0.098633 0.035156 0.037109
0 0.206055 0.063477 0.041016 0.037109
0 0.167969 0.074219 0.035156 0.031250
0 0.331055 0.058594 0.044922 0.035156
0 0.395508 0.097656 0.041016 0.042969
0 0.526367 0.045898 0.037109 0.041016
0 0.016602 0.196289 0.029297 0.037109
0 0.050781 0.208984 0.039062 0.035156
0 0.125000 0.250977 0.046875 0.041016
0 0.136719 0.294922 0.042969 0.050781
0 0.181641 0.303711 0.042969 0.037109
0 0.223633 0.281250 0.033203 0.042969
0 0.260742 0.278320 0.041016 0.041016
0 0.293945 0.310547 0.048828 0.035156
0 0.304688 0.349609 0.035156 0.035156
0 0.340820 0.370117 0.044922 0.041016
0 0.213867 0.329102 0.044922 0.029297
0 0.415039 0.388672 0.037109 0.035156
0 0.442383 0.358398 0.041016 0.048828
0 0.505859 0.351562 0.062500 0.046875
0 0.536133 0.318359 0.044922 0.042969
0 0.610352 0.336914 0.033203 0.029297
0 0.566406 0.287109 0.039062 0.035156
0 0.575195 0.258789 0.037109 0.029297
0 0.607422 0.255859 0.035156 0.042969
0 0.652344 0.259766 0.046875 0.046875
0 0.693359 0.262695 0.039062 0.068359
0 0.754883 0.292969 0.048828 0.050781
0 0.802734 0.308594 0.042969 0.046875
0 0.846680 0.256836 0.048828 0.052734
0 0.867188 0.296875 0.046875 0.054688
0 0.948242 0.310547 0.041016 0.046875
0 0.975586 0.281250 0.033203 0.027344
0 0.985352 0.304688 0.029297 0.042969
0 0.911133 0.088867 0.041016 0.033203
0 0.803711 0.128906 0.041016 0.035156
0 0.788086 0.160156 0.044922 0.039062
0 0.907227 0.117188 0.048828 0.031250
0 0.954102 0.519531 0.048828 0.035156
0 0.958984 0.552734 0.042969 0.031250
0 0.919922 0.566406 0.027344 0.039062
0 0.888672 0.556641 0.031250 0.039062
0 0.798828 0.524414 0.046875 0.025391
0 0.823242 0.549805 0.041016 0.037109
0 0.791992 0.575195 0.041016 0.033203
0 0.699219 0.557617 0.050781 0.029297
0 0.734375 0.594727 0.046875 0.052734
0 0.698242 0.593750 0.029297 0.042969
0 0.630859 0.606445 0.042969 0.044922
0 0.656250 0.640625 0.042969 0.035156
0 0.640625 0.684570 0.035156 0.048828
0 0.601562 0.690430 0.042969 0.048828
0 0.887695 0.804688 0.052734 0.054688
0 0.840820 0.800781 0.041016 0.058594
0 0.798828 0.789062 0.046875 0.062500
0 0.759766 0.785156 0.027344 0.035156
0 0.740234 0.758789 0.042969 0.041016
0 0.718750 0.730469 0.046875 0.046875
0 0.676758 0.717773 0.025391 0.033203
0 0.723633 0.796875 0.037109 0.042969
0 0.680664 0.792969 0.037109 0.035156
0 0.637695 0.791992 0.044922 0.041016
0 0.601562 0.792969 0.031250 0.035156
0 0.564453 0.791016 0.035156 0.039062
0 0.531250 0.744141 0.035156 0.035156
0 0.495117 0.750977 0.029297 0.041016
0 0.454102 0.755859 0.037109 0.039062
0 0.451172 0.791016 0.046875 0.046875
0 0.420898 0.823242 0.041016 0.041016
0 0.383789 0.842773 0.041016 0.041016
0 0.336914 0.875977 0.037109 0.033203
0 0.301758 0.888672 0.048828 0.039062
0 0.232422 0.894531 0.050781 0.046875
0 0.260742 0.846680 0.060547 0.044922
0 0.975586 0.847656 0.048828 0.046875
0 0.909180 0.961914 0.041016 0.052734
0 0.865234 0.984375 0.042969 0.031250
0 0.817383 0.983398 0.037109 0.033203
0 0.774414 0.957031 0.041016 0.035156
0 0.724609 0.989258 0.039062 0.021484
0 0.347656 0.497070 0.046875 0.052734
0 0.302734 0.471680 0.062500 0.041016
0 0.319336 0.542969 0.048828 0.042969
0 0.271484 0.547852 0.054688 0.041016
0 0.165039 0.536133 0.052734 0.037109
0 0.127930 0.572266 0.052734 0.039062
0 0.059570 0.551758 0.056641 0.052734
0 0.134766 0.976562 0.050781 0.046875
0 0.098633 0.951172 0.048828 0.050781
0 0.051758 0.955078 0.044922 0.039062
0 0.026367 0.985352 0.048828 0.029297
0 0.070312 0.852539 0.042969 0.044922
0 0.120117 0.773438 0.033203 0.046875
0 0.085938 0.752930 0.035156 0.041016
0 0.047852 0.738281 0.037109 0.042969
