0 0.095703 0.048828 0.074219 0.050781
0 0.228516 0.107422 0.058594 0.050781
0 0.271484 0.156250 0.050781 0.046875
0 0.308594 0.177734 0.046875 0.050781
0 0.367188 0.115234 0.078125 0.066406
0 0.324219 0.029297 0.085938 0.050781
0 0.455078 0.134766 0.050781 0.066406
0 0.519531 0.076172 0.054688 0.058594
0 0.505859 0.228516 0.058594 0.058594
0 0.580078 0.216797 0.074219 0.066406
0 0.628906 0.064453 0.070312 0.066406
0 0.648438 0.027344 0.062500 0.046875
0 0.757812 0.236328 0.078125 0.074219
0 0.744141 0.125000 0.082031 0.078125
0 0.958984 0.189453 0.082031 0.089844
0 0.978516 0.253906 0.042969 0.046875
0 0.779297 0.507812 0.074219 0.093750
0 0.720703 0.603516 0.121094 0.105469
0 0.707031 0.453125 0.070312 0.062500
0 0.630859 0.667969 0.082031 0.054688
0 0.517578 0.710938 0.113281 0.070312
0 0.626953 0.585938 0.082031 0.062500
0 0.416016 0.593750 0.089844 0.078125
0 0.347656 0.646484 0.101562 0.074219
0 0.371094 0.705078 0.156250 0.050781
0 0.279297 0.488281 0.097656 0.070312
0 0.199219 0.511719 0.078125 0.054688
0 0.173828 0.732422 0.089844 0.058594
0 0.126953 0.669922 0.074219 0.058594
0 0.060547 0.609375 0.082031 0.054688
0 0.033203 0.556641 0.058594 0.058594
0 0.037109 0.691406 0.066406 0.054688
0 0.027344 0.916016 0.046875 0.066406
0 0.171875 0.964844 0.093750 0.070312
0 0.076172 0.966797 0.058594 0.050781
0 0.931641 0.978516 0.066406 0.042969
