0 0.103516 0.052734 0.050781 0.050781
0 0.064453 0.089844 0.058594 0.062500
0 0.160156 0.134766 0.070312 0.050781
0 0.171875 0.060547 0.062500 0.058594
0 0.218750 0.033203 0.046875 0.042969
0 0.376953 0.039062 0.082031 0.062500
0 0.466797 0.044922 0.074219 0.066406
0 0.320312 0.029297 0.054688 0.050781
0 0.095703 0.218750 0.074219 0.070312
0 0.121094 0.279297 0.062500 0.050781
0 0.308594 0.140625 0.070312 0.062500
0 0.265625 0.203125 0.062500 0.054688
0 0.187500 0.263672 0.078125 0.058594
0 0.363281 0.191406 0.085938 0.070312
0 0.587891 0.076172 0.066406 0.066406
0 0.675781 0.111328 0.085938 0.074219
0 0.755859 0.023438 0.074219 0.039062
0 0.798828 0.083984 0.082031 0.097656
0 0.787109 0.169922 0.066406 0.066406
0 0.978516 0.117188 0.042969 0.062500
0 0.937500 0.142578 0.062500 0.058594
0 0.982422 0.529297 0.035156 0.066406
0 0.978516 0.603516 0.042969 0.058594
0 0.908203 0.636719 0.050781 0.054688
0 0.851562 0.607422 0.062500 0.074219
0 0.896484 0.539062 0.050781 0.046875
0 0.751953 0.597656 0.050781 0.062500
0 0.697266 0.558594 0.089844 0.070312
0 0.701172 0.685547 0.113281 0.089844
0 0.585938 0.611328 0.085938 0.074219
0 0.515625 0.574219 0.070312 0.062500
0 0.480469 0.619141 0.070312 0.050781
0 0.550781 0.689453 0.070312 0.066406
0 0.494141 0.703125 0.058594 0.070312
0 0.341797 0.730469 0.066406 0.085938
0 0.402344 0.791016 0.070312 0.074219
0 0.281250 0.707031 0.046875 0.054688
0 0.224609 0.863281 0.050781 0.070312
0 0.285156 0.865234 0.054688 0.074219
0 0.351562 0.867188 0.062500 0.070312
0 0.144531 0.976562 0.085938 0.046875
0 0.062500 0.972656 0.062500 0.054688
0 0.466797 0.939453 0.066406 0.066406
0 0.523438 0.968750 0.078125 0.062500
0 0.755859 0.968750 0.097656 0.062500
