0 0.083984 0.042969 0.074219 0.062500
0 0.035156 0.087891 0.062500 0.074219
0 0.296875 0.101562 0.070312 0.070312
0 0.246094 0.136719 0.054688 0.054688
0 0.070312 0.191406 0.078125 0.062500
0 0.031250 0.275391 0.054688 0.074219
0 0.117188 0.265625 0.078125 0.062500
0 0.207031 0.248047 0.070312 0.050781
0 0.322266 0.238281 0.089844 0.062500
0 0.236328 0.279297 0.074219 0.042969
0 0.425781 0.031250 0.078125 0.054688
0 0.476562 0.076172 0.062500 0.066406
0 0.539062 0.091797 0.070312 0.082031
0 0.519531 0.025391 0.078125 0.042969
0 0.748047 0.039062 0.058594 0.062500
0 0.849609 0.062500 0.082031 0.054688
0 0.935547 0.093750 0.082031 0.062500
0 0.689453 0.101562 0.066406 0.054688
0 0.755859 0.109375 0.066406 0.070312
0 0.822266 0.121094 0.066406 0.078125
0 0.890625 0.136719 0.070312 0.070312
0 0.966797 0.156250 0.066406 0.070312
0 0.037109 0.845703 0.066406 0.089844
0 0.267578 0.712891 0.082031 0.082031
0 0.349609 0.666016 0.074219 0.082031
0 0.429688 0.591797 0.078125 0.089844
0 0.517578 0.619141 0.089844 0.082031
0 0.591797 0.671875 0.082031 0.085938
0 0.662109 0.695312 0.082031 0.070312
0 0.671875 0.603516 0.070312 0.082031
0 0.660156 0.507812 0.101562 0.085938
0 0.585938 0.552734 0.070312 0.074219
0 0.474609 0.671875 0.082031 0.070312
0 0.460938 0.751953 0.093750 0.074219
0 0.363281 0.779297 0.093750 0.074219
0 0.867188 0.414062 0.070312 0.062500
0 0.900391 0.441406 0.058594 0.054688
0 0.908203 0.521484 0.074219 0.074219
0 0.880859 0.597656 0.082031 0.085938
0 0.117188 0.941406 0.070312 0.054688
0 0.191406 0.972656 0.078125 0.054688
0 0.220703 0.904297 0.074219 0.074219
0 0.292969 0.878906 0.085938 0.085938
0 0.419922 0.921875 0.082031 0.078125
0 0.515625 0.863281 0.085938 0.085938
0 0.648438 0.886719 0.093750 0.070312
0 0.710938 0.841797 0.078125 0.066406
0 0.810547 0.867188 0.074219 0.070312
0 0.982422 0.873047 0.035156 0.066406
0 0.896484 0.896484 0.066406 0.066406
0 0.359375 0.978516 0.109375 0.042969
