0 0.021484 0.130859 0.035156 0.066406
0 0.017578 0.214844 0.027344 0.054688
0 0.025391 0.320312 0.042969 0.062500
0 0.052734 0.441406 0.058594 0.062500
0 0.082031 0.355469 0.062500 0.062500
0 0.144531 0.345703 0.078125 0.058594
0 0.142578 0.406250 0.066406 0.062500
0 0.205078 0.388672 0.074219 0.066406
0 0.310547 0.240234 0.074219 0.066406
0 0.390625 0.257812 0.062500 0.054688
0 0.406250 0.310547 0.054688 0.042969
0 0.460938 0.345703 0.062500 0.058594
0 0.546875 0.117188 0.054688 0.062500
0 0.595703 0.082031 0.050781 0.046875
0 0.621094 0.128906 0.070312 0.054688
0 0.496094 0.212891 0.070312 0.058594
0 0.552734 0.246094 0.066406 0.054688
0 0.523438 0.369141 0.054688 0.066406
0 0.525391 0.474609 0.058594 0.066406
0 0.431641 0.560547 0.066406 0.058594
0 0.630859 0.021484 0.074219 0.035156
0 0.687500 0.085938 0.046875 0.046875
0 0.734375 0.107422 0.046875 0.050781
0 0.812500 0.039062 0.062500 0.039062
0 0.800781 0.105469 0.046875 0.046875
0 0.720703 0.027344 0.058594 0.046875
0 0.033203 0.902344 0.058594 0.070312
0 0.105469 0.923828 0.070312 0.066406
0 0.146484 0.853516 0.121094 0.058594
0 0.279297 0.769531 0.082031 0.054688
0 0.242188 0.816406 0.078125 0.046875
0 0.312500 0.863281 0.054688 0.070312
0 0.285156 0.955078 0.062500 0.066406
0 0.216797 0.968750 0.050781 0.046875
0 0.240234 0.884766 0.074219 0.074219
0 0.421875 0.904297 0.070312 0.066406
0 0.398438 0.671875 0.085938 0.062500
0 0.412109 0.732422 0.050781 0.058594
0 0.482422 0.664062 0.058594 0.078125
0 0.607422 0.556641 0.066406 0.050781
0 0.580078 0.636719 0.082031 0.078125
0 0.740234 0.470703 0.074219 0.066406
0 0.740234 0.531250 0.074219 0.054688
0 0.681641 0.580078 0.058594 0.066406
0 0.806641 0.431641 0.058594 0.066406
0 0.929688 0.373047 0.062500 0.066406
0 0.910156 0.443359 0.054688 0.058594
0 0.880859 0.398438 0.058594 0.062500
0 0.814453 0.363281 0.097656 0.054688
0 0.707031 0.410156 0.070312 0.078125
0 0.974609 0.333984 0.050781 0.089844
0 0.945312 0.503906 0.070312 0.078125
0 0.945312 0.683594 0.085938 0.078125
0 0.964844 0.759766 0.062500 0.074219
0 0.925781 0.779297 0.062500 0.074219
0 0.880859 0.810547 0.082031 0.097656
0 0.785156 0.857422 0.093750 0.066406
0 0.710938 0.912109 0.078125 0.066406
0 0.945312 0.882812 0.054688 0.062500
0 0.820312 0.976562 0.078125 0.046875
