0 0.136719 0.109375 0.101562 0.093750
0 0.083984 0.189453 0.082031 0.074219
0 0.255859 0.148438 0.082031 0.062500
0 0.203125 0.193359 0.070312 0.066406
0 0.259766 0.246094 0.105469 0.062500
0 0.146484 0.333984 0.074219 0.050781
0 0.101562 0.367188 0.085938 0.054688
0 0.441406 0.513672 0.085938 0.082031
0 0.410156 0.154297 0.078125 0.050781
0 0.478516 0.097656 0.066406 0.046875
0 0.025391 0.347656 0.042969 0.101562
0 0.089844 0.445312 0.070312 0.070312
0 0.085938 0.566406 0.070312 0.078125
0 0.097656 0.667969 0.054688 0.062500
0 0.093750 0.773438 0.062500 0.078125
0 0.044922 0.619141 0.050781 0.050781
0 0.037109 0.802734 0.050781 0.058594
0 0.085938 0.845703 0.054688 0.058594
0 0.121094 0.898438 0.054688 0.054688
0 0.236328 0.656250 0.097656 0.085938
0 0.625000 0.562500 0.070312 0.070312
0 0.664062 0.644531 0.085938 0.093750
0 0.562500 0.484375 0.070312 0.070312
0 0.666016 0.371094 0.089844 0.085938
0 0.697266 0.240234 0.066406 0.058594
0 0.679688 0.150391 0.085938 0.066406
