0 0.662109 0.103516 0.074219 0.074219
0 0.785156 0.195312 0.093750 0.093750
0 0.416016 0.123047 0.089844 0.066406
0 0.486328 0.210938 0.105469 0.093750
0 0.333984 0.242188 0.089844 0.085938
0 0.244141 0.228516 0.074219 0.089844
0 0.199219 0.291016 0.070312 0.082031
0 0.332031 0.130859 0.078125 0.089844
0 0.033203 0.382812 0.058594 0.078125
0 0.101562 0.419922 0.078125 0.089844
0 0.248047 0.480469 0.105469 0.101562
0 0.279297 0.582031 0.082031 0.101562
0 0.103516 0.574219 0.066406 0.085938
0 0.203125 0.634766 0.093750 0.066406
0 0.380859 0.601562 0.089844 0.085938
0 0.445312 0.566406 0.078125 0.093750
0 0.521484 0.558594 0.097656 0.085938
0 0.578125 0.623047 0.085938 0.058594
0 0.607422 0.687500 0.066406 0.070312
0 0.677734 0.722656 0.082031 0.078125
0 0.427734 0.654297 0.089844 0.058594
0 0.880859 0.712891 0.074219 0.089844
0 0.976562 0.707031 0.046875 0.109375
0 0.824219 0.769531 0.070312 0.070312
0 0.800781 0.818359 0.054688 0.058594
0 0.699219 0.974609 0.085938 0.050781
0 0.617188 0.939453 0.070312 0.074219
