0 0.054688 0.080078 0.054688 0.066406
0 0.117188 0.050781 0.085938 0.062500
0 0.138672 0.570312 0.074219 0.062500
0 0.156250 0.521484 0.070312 0.082031
0 0.294922 0.523438 0.089844 0.085938
0 0.392578 0.519531 0.074219 0.109375
0 0.076172 0.609375 0.089844 0.078125
0 0.033203 0.703125 0.058594 0.101562
0 0.230469 0.667969 0.054688 0.039062
0 0.509766 0.568359 0.082031 0.074219
0 0.595703 0.609375 0.082031 0.070312
0 0.734375 0.593750 0.093750 0.078125
0 0.683594 0.505859 0.093750 0.113281
0 0.589844 0.255859 0.093750 0.050781
0 0.619141 0.310547 0.082031 0.058594
0 0.818359 0.171875 0.066406 0.054688
0 0.820312 0.220703 0.070312 0.058594
0 0.875000 0.429688 0.070312 0.062500
0 0.904297 0.615234 0.050781 0.066406
0 0.957031 0.546875 0.070312 0.070312
0 0.972656 0.605469 0.054688 0.070312
0 0.845703 0.656250 0.066406 0.078125
0 0.712891 0.673828 0.058594 0.066406
0 0.628906 0.179688 0.062500 0.046875
0 0.714844 0.140625 0.070312 0.062500
0 0.810547 0.105469 0.066406 0.046875
0 0.187500 0.707031 0.054688 0.078125
