0 0.087891 0.150391 0.050781 0.058594
0 0.039062 0.158203 0.054688 0.050781
0 0.281250 0.082031 0.085938 0.078125
0 0.353516 0.054688 0.050781 0.054688
0 0.425781 0.023438 0.109375 0.039062
0 0.437500 0.103516 0.078125 0.058594
0 0.353516 0.630859 0.082031 0.082031
0 0.474609 0.507812 0.074219 0.070312
0 0.531250 0.572266 0.078125 0.082031
0 0.662109 0.580078 0.074219 0.082031
0 0.750000 0.529297 0.101562 0.089844
0 0.832031 0.476562 0.062500 0.062500
0 0.546875 0.455078 0.054688 0.058594
0 0.105469 0.833984 0.078125 0.058594
0 0.074219 0.958984 0.062500 0.066406
0 0.142578 0.966797 0.058594 0.066406
0 0.158203 0.886719 0.058594 0.078125
0 0.244141 0.906250 0.082031 0.093750
0 0.974609 0.513672 0.050781 0.066406
0 0.921875 0.216797 0.062500 0.082031
0 0.828125 0.265625 0.062500 0.054688
0 0.982422 0.236328 0.035156 0.074219
