0 0.115234 0.083984 0.082031 0.074219
0 0.326172 0.068359 0.089844 0.066406
0 0.277344 0.128906 0.093750 0.070312
0 0.544922 0.080078 0.089844 0.058594
0 0.636719 0.078125 0.062500 0.070312
0 0.687500 0.021484 0.078125 0.035156
0 0.923828 0.505859 0.066406 0.074219
0 0.982422 0.488281 0.035156 0.085938
0 0.910156 0.591797 0.070312 0.082031
0 0.832031 0.650391 0.062500 0.074219
0 0.658203 0.601562 0.066406 0.054688
0 0.730469 0.556641 0.093750 0.050781
0 0.775391 0.681641 0.082031 0.082031
0 0.742188 0.728516 0.070312 0.066406
0 0.673828 0.750000 0.074219 0.078125
0 0.603516 0.757812 0.066406 0.078125
0 0.480469 0.775391 0.070312 0.066406
0 0.445312 0.699219 0.054688 0.062500
0 0.533203 0.687500 0.089844 0.078125
0 0.248047 0.533203 0.050781 0.074219
0 0.167969 0.486328 0.054688 0.074219
0 0.146484 0.556641 0.089844 0.105469
0 0.150391 0.703125 0.074219 0.085938
0 0.226562 0.703125 0.070312 0.085938
0 0.037109 0.980469 0.058594 0.039062
0 0.193359 0.898438 0.082031 0.070312
0 0.259766 0.949219 0.097656 0.078125
0 0.105469 0.931641 0.085938 0.082031
0 0.332031 0.167969 0.078125 0.062500
0 0.832031 0.458984 0.085938 0.058594
