0 0.906250 0.042969 0.085938 0.054688
0 0.921875 0.109375 0.085938 0.070312
0 0.835938 0.125000 0.070312 0.070312
0 0.781250 0.126953 0.062500 0.058594
0 0.605469 0.050781 0.078125 0.062500
0 0.650391 0.097656 0.082031 0.070312
0 0.570312 0.160156 0.093750 0.070312
0 0.458984 0.183594 0.082031 0.070312
0 0.396484 0.195312 0.074219 0.078125
0 0.400391 0.117188 0.074219 0.062500
0 0.496094 0.072266 0.078125 0.058594
0 0.267578 0.216797 0.074219 0.066406
0 0.320312 0.275391 0.093750 0.089844
0 0.287109 0.361328 0.082031 0.082031
0 0.212891 0.378906 0.082031 0.078125
0 0.070312 0.476562 0.070312 0.062500
0 0.025391 0.490234 0.042969 0.074219
0 0.142578 0.572266 0.058594 0.074219
0 0.193359 0.578125 0.058594 0.070312
0 0.271484 0.578125 0.089844 0.070312
0 0.203125 0.513672 0.078125 0.058594
0 0.376953 0.576172 0.089844 0.074219
0 0.455078 0.615234 0.074219 0.042969
0 0.437500 0.578125 0.070312 0.062500
0 0.488281 0.523438 0.070312 0.054688
0 0.519531 0.550781 0.054688 0.054688
0 0.441406 0.457031 0.078125 0.070312
0 0.355469 0.427734 0.070312 0.066406
0 0.433594 0.302734 0.062500 0.066406
0 0.642578 0.470703 0.074219 0.066406
0 0.585938 0.558594 0.109375 0.109375
0 0.689453 0.582031 0.097656 0.085938
0 0.781250 0.611328 0.093750 0.082031
0 0.861328 0.587891 0.066406 0.074219
0 0.953125 0.689453 0.085938 0.066406
0 0.810547 0.769531 0.066406 0.062500
0 0.808594 0.904297 0.070312 0.082031
0 0.736328 0.970703 0.066406 0.058594
0 0.640625 0.968750 0.085938 0.062500
0 0.533203 0.921875 0.082031 0.062500
0 0.546875 0.974609 0.085938 0.050781
0 0.451172 0.972656 0.082031 0.054688
0 0.144531 0.687500 0.062500 0.039062
0 0.367188 0.683594 0.078125 0.046875
0 0.541016 0.693359 0.074219 0.042969
0 0.070312 0.677734 0.054688 0.042969
