0 0.857422 0.072266 0.074219 0.082031
0 0.921875 0.134766 0.085938 0.074219
0 0.912109 0.207031 0.074219 0.054688
0 0.878906 0.251953 0.062500 0.066406
0 0.970703 0.339844 0.058594 0.062500
0 0.916016 0.369141 0.074219 0.074219
0 0.941406 0.488281 0.062500 0.070312
0 0.986328 0.482422 0.027344 0.074219
0 0.664062 0.470703 0.054688 0.066406
0 0.753906 0.382812 0.070312 0.062500
0 0.816406 0.357422 0.070312 0.074219
0 0.601562 0.361328 0.062500 0.058594
0 0.552734 0.400391 0.058594 0.074219
0 0.476562 0.437500 0.070312 0.078125
0 0.402344 0.404297 0.078125 0.058594
0 0.464844 0.328125 0.070312 0.054688
0 0.341797 0.541016 0.105469 0.089844
0 0.277344 0.595703 0.078125 0.074219
0 0.228516 0.546875 0.082031 0.085938
0 0.125000 0.554688 0.078125 0.070312
0 0.060547 0.550781 0.082031 0.062500
0 0.054688 0.671875 0.085938 0.062500
0 0.953125 0.964844 0.078125 0.062500
0 0.732422 0.943359 0.066406 0.074219
0 0.785156 0.972656 0.062500 0.054688
0 0.037109 0.078125 0.066406 0.054688
0 0.105469 0.037109 0.062500 0.042969
0 0.544922 0.970703 0.066406 0.042969
