0 0.205078 0.017578 0.066406 0.027344
0 0.404297 0.095703 0.066406 0.066406
0 0.316406 0.017578 0.070312 0.027344
0 0.476562 0.125000 0.070312 0.046875
0 0.560547 0.181641 0.097656 0.082031
0 0.537109 0.093750 0.050781 0.046875
0 0.421875 0.179688 0.093750 0.070312
0 0.300781 0.123047 0.054688 0.058594
0 0.335938 0.179688 0.070312 0.078125
0 0.265625 0.207031 0.101562 0.125000
0 0.361328 0.302734 0.089844 0.105469
0 0.455078 0.279297 0.113281 0.082031
0 0.539062 0.275391 0.062500 0.082031
0 0.595703 0.330078 0.066406 0.066406
0 0.501953 0.380859 0.097656 0.113281
0 0.414062 0.378906 0.062500 0.093750
0 0.167969 0.060547 0.085938 0.042969
0 0.134766 0.134766 0.097656 0.089844
0 0.099609 0.195312 0.058594 0.062500
0 0.042969 0.210938 0.062500 0.078125
0 0.099609 0.357422 0.058594 0.066406
0 0.148438 0.412109 0.078125 0.074219
0 0.144531 0.259766 0.070312 0.066406
0 0.177734 0.322266 0.058594 0.066406
0 0.287109 0.363281 0.097656 0.109375
0 0.220703 0.457031 0.050781 0.054688
0 0.396484 0.480469 0.128906 0.101562
0 0.314453 0.507812 0.082031 0.062500
0 0.546875 0.494141 0.148438 0.089844
0 0.603516 0.580078 0.152344 0.074219
0 0.621094 0.416016 0.109375 0.128906
0 0.689453 0.255859 0.066406 0.066406
0 0.744141 0.302734 0.058594 0.074219
0 0.839844 0.304688 0.078125 0.101562
0 0.912109 0.363281 0.066406 0.078125
0 0.765625 0.433594 0.078125 0.140625
0 0.847656 0.458984 0.085938 0.089844
0 0.894531 0.548828 0.117188 0.105469
0 0.763672 0.591797 0.082031 0.082031
0 0.746094 0.697266 0.093750 0.066406
0 0.626953 0.681641 0.089844 0.058594
0 0.716797 0.765625 0.082031 0.062500
0 0.779297 0.802734 0.058594 0.058594
0 0.921875 0.687500 0.101562 0.070312
0 0.964844 0.611328 0.070312 0.097656
0 0.830078 0.726562 0.097656 0.070312
0 0.835938 0.658203 0.117188 0.074219
0 0.929688 0.820312 0.078125 0.125000
0 0.847656 0.833984 0.046875 0.050781
0 0.833984 0.021484 0.089844 0.035156
0 0.945312 0.041016 0.078125 0.074219
0 0.146484 0.642578 0.082031 0.082031
0 0.068359 0.695312 0.074219 0.101562
0 0.150391 0.736328 0.066406 0.074219
0 0.302734 0.734375 0.066406 0.070312
0 0.361328 0.775391 0.058594 0.058594
0 0.468750 0.861328 0.070312 0.074219
0 0.541016 0.908203 0.058594 0.058594
0 0.232422 0.783203 0.074219 0.074219
0 0.289062 0.833984 0.085938 0.082031
0 0.125000 0.871094 0.078125 0.070312
0 0.175781 0.914062 0.070312 0.070312
0 0.330078 0.947266 0.082031 0.066406
0 0.400391 0.976562 0.066406 0.046875
0 0.029297 0.822266 0.050781 0.074219
