0 0.808594 0.044922 0.085938 0.082031
0 0.878906 0.099609 0.078125 0.082031
0 0.953125 0.142578 0.085938 0.089844
0 0.978516 0.230469 0.042969 0.085938
0 0.980469 0.322266 0.039062 0.082031
0 0.976562 0.414062 0.046875 0.062500
0 0.972656 0.529297 0.054688 0.089844
0 0.904297 0.232422 0.105469 0.089844
0 0.806641 0.148438 0.074219 0.085938
0 0.683594 0.035156 0.078125 0.062500
0 0.675781 0.130859 0.093750 0.082031
0 0.552734 0.025391 0.105469 0.042969
0 0.570312 0.115234 0.093750 0.074219
0 0.689453 0.220703 0.097656 0.089844
0 0.796875 0.314453 0.093750 0.082031
0 0.890625 0.404297 0.093750 0.089844
0 0.886719 0.513672 0.085938 0.097656
0 0.876953 0.607422 0.113281 0.066406
0 0.804688 0.548828 0.093750 0.082031
0 0.775391 0.412109 0.128906 0.105469
0 0.718750 0.501953 0.070312 0.097656
0 0.630859 0.468750 0.074219 0.070312
0 0.556641 0.441406 0.097656 0.085938
0 0.689453 0.318359 0.082031 0.089844
0 0.599609 0.339844 0.082031 0.093750
0 0.488281 0.347656 0.132812 0.101562
0 0.486328 0.250000 0.105469 0.085938
0 0.554688 0.189453 0.109375 0.082031
0 0.347656 0.279297 0.101562 0.058594
0 0.371094 0.187500 0.093750 0.078125
0 0.421875 0.093750 0.117188 0.085938
0 0.283203 0.119141 0.097656 0.082031
0 0.277344 0.199219 0.093750 0.085938
0 0.304688 0.039062 0.101562 0.070312
0 0.179688 0.052734 0.101562 0.082031
0 0.181641 0.146484 0.121094 0.089844
0 0.083984 0.121094 0.089844 0.093750
0 0.085938 0.025391 0.085938 0.042969
0 0.042969 0.312500 0.078125 0.078125
0 0.033203 0.431641 0.058594 0.058594
0 0.050781 0.515625 0.093750 0.109375
0 0.160156 0.482422 0.101562 0.105469
0 0.285156 0.511719 0.093750 0.078125
0 0.400391 0.570312 0.082031 0.062500
0 0.216797 0.591797 0.113281 0.097656
0 0.117188 0.656250 0.109375 0.109375
0 0.041016 0.677734 0.074219 0.082031
0 0.128906 0.796875 0.125000 0.085938
0 0.251953 0.716797 0.121094 0.105469
0 0.376953 0.687500 0.152344 0.093750
0 0.572266 0.679688 0.121094 0.093750
0 0.542969 0.767578 0.148438 0.074219
0 0.375000 0.806641 0.125000 0.105469
0 0.283203 0.841797 0.105469 0.121094
0 0.640625 0.851562 0.109375 0.101562
0 0.738281 0.830078 0.070312 0.082031
0 0.662109 0.765625 0.074219 0.085938
0 0.908203 0.863281 0.074219 0.093750
0 0.800781 0.789062 0.117188 0.109375
0 0.876953 0.966797 0.152344 0.066406
0 0.712891 0.968750 0.082031 0.062500
0 0.562500 0.945312 0.101562 0.070312
0 0.484375 0.947266 0.117188 0.097656
0 0.396484 0.968750 0.089844 0.062500
0 0.171875 0.898438 0.109375 0.062500
0 0.033203 0.820312 0.058594 0.085938
