0 0.734375 0.054688 0.125000 0.070312
0 0.755859 0.130859 0.089844 0.082031
0 0.843750 0.144531 0.085938 0.078125
0 0.953125 0.195312 0.078125 0.078125
0 0.980469 0.283203 0.039062 0.066406
0 0.925781 0.271484 0.070312 0.097656
0 0.841797 0.242188 0.074219 0.078125
0 0.697266 0.226562 0.121094 0.085938
0 0.597656 0.125000 0.093750 0.117188
0 0.960938 0.378906 0.078125 0.093750
0 0.865234 0.371094 0.082031 0.109375
0 0.763672 0.332031 0.121094 0.101562
0 0.914062 0.478516 0.101562 0.082031
0 0.939453 0.623047 0.074219 0.066406
0 0.871094 0.562500 0.101562 0.101562
0 0.814453 0.462891 0.097656 0.082031
0 0.732422 0.521484 0.097656 0.082031
0 0.642578 0.410156 0.082031 0.078125
0 0.615234 0.285156 0.097656 0.085938
0 0.513672 0.250000 0.097656 0.078125
0 0.419922 0.267578 0.097656 0.082031
0 0.435547 0.138672 0.066406 0.058594
0 0.478516 0.097656 0.082031 0.070312
0 0.521484 0.031250 0.144531 0.054688
0 0.291016 0.050781 0.160156 0.070312
0 0.316406 0.136719 0.148438 0.085938
0 0.328125 0.275391 0.101562 0.144531
0 0.187500 0.214844 0.117188 0.070312
0 0.169922 0.105469 0.105469 0.093750
0 0.076172 0.033203 0.089844 0.050781
0 0.445312 0.433594 0.109375 0.101562
0 0.484375 0.341797 0.125000 0.082031
0 0.562500 0.439453 0.109375 0.105469
0 0.656250 0.568359 0.125000 0.113281
0 0.972656 0.689453 0.054688 0.128906
0 0.845703 0.628906 0.113281 0.093750
0 0.031250 0.384766 0.054688 0.097656
0 0.242188 0.652344 0.070312 0.054688
0 0.115234 0.730469 0.082031 0.085938
0 0.062500 0.779297 0.101562 0.082031
0 0.269531 0.744141 0.085938 0.089844
0 0.310547 0.796875 0.082031 0.070312
0 0.433594 0.748047 0.078125 0.074219
0 0.414062 0.830078 0.078125 0.082031
0 0.501953 0.876953 0.097656 0.089844
0 0.787109 0.933594 0.074219 0.070312
0 0.867188 0.937500 0.085938 0.078125
0 0.554688 0.951172 0.085938 0.082031
0 0.457031 0.962891 0.101562 0.074219
0 0.289062 0.910156 0.109375 0.078125
0 0.203125 0.816406 0.101562 0.078125
0 0.201172 0.908203 0.089844 0.066406
0 0.105469 0.902344 0.078125 0.070312
0 0.068359 0.955078 0.089844 0.074219
