0 0.919922 0.123047 0.074219 0.074219
0 0.871094 0.199219 0.085938 0.085938
0 0.902344 0.298828 0.117188 0.105469
0 0.962891 0.400391 0.066406 0.105469
0 0.648438 0.121094 0.062500 0.070312
0 0.589844 0.111328 0.070312 0.058594
0 0.556641 0.166016 0.082031 0.113281
0 0.466797 0.171875 0.097656 0.093750
0 0.568359 0.250000 0.058594 0.062500
0 0.462891 0.048828 0.105469 0.066406
0 0.605469 0.039062 0.109375 0.070312
0 0.373047 0.087891 0.082031 0.066406
0 0.296875 0.044922 0.085938 0.074219
0 0.259766 0.121094 0.128906 0.085938
0 0.371094 0.154297 0.101562 0.066406
0 0.351562 0.261719 0.085938 0.093750
0 0.152344 0.056641 0.085938 0.066406
0 0.908203 0.808594 0.128906 0.085938
0 0.927734 0.923828 0.144531 0.082031
0 0.748047 0.677734 0.066406 0.082031
0 0.816406 0.716797 0.070312 0.066406
0 0.667969 0.662109 0.078125 0.105469
0 0.628906 0.546875 0.078125 0.070312
0 0.574219 0.509766 0.093750 0.074219
0 0.484375 0.472656 0.085938 0.062500
0 0.429688 0.546875 0.101562 0.070312
0 0.468750 0.623047 0.101562 0.074219
0 0.541016 0.613281 0.074219 0.078125
0 0.595703 0.744141 0.128906 0.097656
0 0.757812 0.806641 0.101562 0.066406
0 0.763672 0.910156 0.105469 0.093750
0 0.687500 0.935547 0.109375 0.121094
0 0.585938 0.871094 0.078125 0.062500
0 0.500000 0.853516 0.093750 0.066406
0 0.470703 0.781250 0.121094 0.078125
0 0.417969 0.671875 0.109375 0.078125
0 0.357422 0.730469 0.089844 0.101562
0 0.351562 0.878906 0.117188 0.140625
0 0.484375 0.953125 0.093750 0.078125
0 0.146484 0.277344 0.113281 0.101562
0 0.033203 0.320312 0.058594 0.101562
0 0.105469 0.373047 0.093750 0.105469
0 0.154297 0.457031 0.082031 0.070312
0 0.091797 0.462891 0.066406 0.082031
0 0.214844 0.501953 0.078125 0.097656
0 0.185547 0.593750 0.066406 0.078125
0 0.027344 0.492188 0.046875 0.078125
0 0.072266 0.572266 0.105469 0.097656
0 0.039062 0.681641 0.070312 0.121094
0 0.111328 0.755859 0.058594 0.082031
