0 0.730469 0.031250 0.117188 0.054688
0 0.841797 0.089844 0.082031 0.085938
0 0.958984 0.162109 0.082031 0.105469
0 0.748047 0.113281 0.066406 0.085938
0 0.929688 0.269531 0.085938 0.085938
0 0.796875 0.382812 0.093750 0.101562
0 0.789062 0.490234 0.109375 0.089844
0 0.832031 0.574219 0.085938 0.078125
0 0.779297 0.652344 0.066406 0.070312
0 0.662109 0.734375 0.097656 0.125000
0 0.554688 0.669922 0.140625 0.121094
0 0.638672 0.593750 0.097656 0.078125
0 0.582031 0.533203 0.101562 0.105469
0 0.486328 0.529297 0.121094 0.105469
0 0.595703 0.400391 0.113281 0.089844
0 0.695312 0.292969 0.125000 0.109375
0 0.523438 0.292969 0.093750 0.117188
0 0.460938 0.396484 0.117188 0.097656
0 0.326172 0.480469 0.105469 0.125000
0 0.167969 0.447266 0.109375 0.089844
0 0.265625 0.330078 0.148438 0.097656
0 0.412109 0.197266 0.121094 0.113281
0 0.324219 0.064453 0.109375 0.089844
0 0.246094 0.158203 0.109375 0.136719
0 0.115234 0.091797 0.105469 0.105469
0 0.103516 0.208984 0.105469 0.121094
0 0.068359 0.349609 0.113281 0.136719
0 0.054688 0.650391 0.085938 0.097656
0 0.041016 0.775391 0.074219 0.089844
0 0.072266 0.902344 0.089844 0.093750
0 0.140625 0.767578 0.078125 0.082031
0 0.216797 0.794922 0.082031 0.097656
0 0.183594 0.611328 0.093750 0.097656
0 0.257812 0.669922 0.070312 0.089844
0 0.318359 0.771484 0.089844 0.082031
0 0.328125 0.904297 0.093750 0.097656
0 0.437500 0.851562 0.093750 0.109375
0 0.609375 0.884766 0.109375 0.097656
0 0.513672 0.953125 0.097656 0.085938
0 0.222656 0.943359 0.109375 0.113281
0 0.853516 0.750000 0.097656 0.101562
0 0.775391 0.830078 0.082031 0.097656
0 0.796875 0.931641 0.093750 0.105469
0 0.882812 0.955078 0.093750 0.089844
0 0.964844 0.708984 0.070312 0.089844
0 0.951172 0.869141 0.097656 0.121094
