0 0.921875 0.107422 0.078125 0.105469
0 0.958984 0.044922 0.082031 0.082031
0 0.833984 0.101562 0.089844 0.125000
0 0.626953 0.033203 0.105469 0.058594
0 0.958984 0.351562 0.082031 0.101562
0 0.953125 0.482422 0.093750 0.105469
0 0.953125 0.615234 0.093750 0.105469
0 0.890625 0.787109 0.132812 0.113281
0 0.837891 0.667969 0.074219 0.085938
0 0.757812 0.671875 0.085938 0.101562
0 0.617188 0.650391 0.093750 0.097656
0 0.851562 0.529297 0.109375 0.121094
0 0.832031 0.404297 0.101562 0.105469
0 0.736328 0.365234 0.097656 0.082031
0 0.837891 0.279297 0.082031 0.066406
0 0.662109 0.519531 0.121094 0.085938
0 0.570312 0.435547 0.101562 0.082031
0 0.664062 0.191406 0.101562 0.078125
0 0.582031 0.265625 0.093750 0.085938
0 0.548828 0.111328 0.105469 0.121094
0 0.394531 0.062500 0.125000 0.078125
0 0.410156 0.189453 0.117188 0.089844
0 0.421875 0.291016 0.117188 0.089844
0 0.394531 0.390625 0.085938 0.101562
0 0.292969 0.402344 0.109375 0.117188
0 0.318359 0.318359 0.105469 0.097656
0 0.185547 0.322266 0.105469 0.097656
0 0.275391 0.148438 0.097656 0.085938
0 0.212891 0.193359 0.074219 0.074219
0 0.177734 0.048828 0.089844 0.089844
0 0.046875 0.062500 0.085938 0.085938
0 0.031250 0.156250 0.054688 0.085938
0 0.093750 0.195312 0.085938 0.109375
0 0.074219 0.269531 0.078125 0.101562
0 0.716797 0.902344 0.105469 0.109375
0 0.679688 0.962891 0.109375 0.074219
0 0.595703 0.855469 0.089844 0.109375
0 0.511719 0.781250 0.062500 0.078125
0 0.429688 0.687500 0.093750 0.093750
0 0.285156 0.666016 0.109375 0.097656
0 0.339844 0.775391 0.070312 0.074219
0 0.513672 0.941406 0.121094 0.109375
0 0.378906 0.970703 0.117188 0.058594
0 0.398438 0.855469 0.101562 0.140625
0 0.265625 0.880859 0.085938 0.082031
0 0.169922 0.964844 0.128906 0.070312
0 0.179688 0.880859 0.093750 0.089844
0 0.152344 0.636719 0.164062 0.093750
0 0.068359 0.742188 0.097656 0.125000
0 0.027344 0.853516 0.046875 0.105469
