0 0.900391 0.320312 0.082031 0.078125
0 0.962891 0.400391 0.074219 0.105469
0 0.947266 0.617188 0.074219 0.078125
0 0.876953 0.648438 0.082031 0.070312
0 0.949219 0.787109 0.078125 0.074219
0 0.949219 0.867188 0.070312 0.085938
0 0.644531 0.537109 0.101562 0.097656
0 0.781250 0.419922 0.085938 0.074219
0 0.859375 0.556641 0.085938 0.082031
0 0.775391 0.593750 0.089844 0.085938
0 0.519531 0.531250 0.078125 0.164062
0 0.609375 0.404297 0.093750 0.089844
0 0.699219 0.439453 0.078125 0.089844
0 0.744141 0.744141 0.121094 0.097656
0 0.974609 0.107422 0.050781 0.089844
0 0.902344 0.087891 0.070312 0.097656
0 0.710938 0.101562 0.085938 0.085938
0 0.623047 0.130859 0.074219 0.074219
0 0.546875 0.152344 0.093750 0.101562
0 0.402344 0.144531 0.125000 0.109375
0 0.435547 0.248047 0.082031 0.089844
0 0.250000 0.232422 0.148438 0.097656
0 0.285156 0.033203 0.101562 0.058594
0 0.431641 0.033203 0.097656 0.058594
0 0.525391 0.025391 0.097656 0.042969
0 0.132812 0.046875 0.078125 0.062500
0 0.050781 0.033203 0.085938 0.058594
0 0.058594 0.162109 0.101562 0.121094
0 0.033203 0.468750 0.058594 0.109375
0 0.066406 0.578125 0.070312 0.078125
0 0.166016 0.515625 0.089844 0.078125
0 0.253906 0.550781 0.078125 0.085938
0 0.177734 0.640625 0.113281 0.093750
0 0.035156 0.738281 0.062500 0.093750
0 0.144531 0.728516 0.078125 0.074219
0 0.087891 0.667969 0.089844 0.085938
0 0.324219 0.847656 0.109375 0.109375
0 0.447266 0.779297 0.113281 0.097656
0 0.474609 0.917969 0.136719 0.125000
0 0.585938 0.876953 0.062500 0.074219
0 0.652344 0.876953 0.062500 0.066406
0 0.701172 0.951172 0.082031 0.074219
0 0.626953 0.958984 0.082031 0.082031
0 0.255859 0.914062 0.089844 0.070312
0 0.259766 0.976562 0.105469 0.046875
0 0.373047 0.980469 0.089844 0.039062
0 0.138672 0.919922 0.089844 0.105469
