0 0.947266 0.287109 0.105469 0.105469
0 0.837891 0.169922 0.089844 0.082031
0 0.789062 0.218750 0.070312 0.085938
0 0.789062 0.357422 0.117188 0.105469
0 0.955078 0.458984 0.089844 0.089844
0 0.843750 0.458984 0.125000 0.128906
0 0.851562 0.615234 0.093750 0.089844
0 0.964844 0.615234 0.070312 0.097656
0 0.707031 0.470703 0.078125 0.082031
0 0.650391 0.488281 0.066406 0.070312
0 0.523438 0.425781 0.085938 0.078125
0 0.689453 0.255859 0.074219 0.089844
0 0.591797 0.285156 0.105469 0.109375
0 0.505859 0.242188 0.089844 0.070312
0 0.423828 0.294922 0.113281 0.089844
0 0.146484 0.031250 0.097656 0.054688
0 0.119141 0.103516 0.113281 0.066406
0 0.255859 0.097656 0.089844 0.070312
0 0.359375 0.103516 0.078125 0.058594
0 0.359375 0.031250 0.156250 0.054688
0 0.111328 0.302734 0.089844 0.082031
0 0.060547 0.355469 0.074219 0.085938
0 0.152344 0.396484 0.093750 0.089844
0 0.087891 0.531250 0.128906 0.093750
0 0.306641 0.513672 0.121094 0.082031
0 0.347656 0.646484 0.085938 0.105469
0 0.267578 0.644531 0.082031 0.093750
0 0.089844 0.689453 0.093750 0.121094
0 0.072266 0.830078 0.128906 0.136719
0 0.212891 0.818359 0.136719 0.113281
0 0.314453 0.783203 0.089844 0.128906
0 0.441406 0.818359 0.125000 0.113281
0 0.478516 0.720703 0.105469 0.089844
0 0.564453 0.812500 0.113281 0.101562
0 0.429688 0.574219 0.078125 0.078125
0 0.500000 0.632812 0.078125 0.062500
0 0.457031 0.908203 0.101562 0.074219
0 0.406250 0.970703 0.109375 0.058594
0 0.312500 0.937500 0.117188 0.117188
0 0.203125 0.939453 0.109375 0.121094
0 0.072266 0.962891 0.082031 0.074219
0 0.693359 0.957031 0.097656 0.085938
0 0.837891 0.886719 0.105469 0.085938
0 0.974609 0.722656 0.050781 0.070312
