0 0.935547 0.171875 0.121094 0.125000
0 0.939453 0.312500 0.121094 0.140625
0 0.949219 0.455078 0.101562 0.128906
0 0.978516 0.037109 0.042969 0.058594
0 0.800781 0.214844 0.132812 0.117188
0 0.779297 0.341797 0.136719 0.121094
0 0.814453 0.453125 0.121094 0.101562
0 0.669922 0.271484 0.105469 0.097656
0 0.611328 0.035156 0.136719 0.062500
0 0.449219 0.046875 0.117188 0.085938
0 0.144531 0.128906 0.117188 0.093750
0 0.208984 0.228516 0.121094 0.097656
0 0.271484 0.189453 0.097656 0.097656
0 0.105469 0.257812 0.070312 0.078125
0 0.158203 0.337891 0.074219 0.105469
0 0.330078 0.271484 0.097656 0.082031
0 0.380859 0.310547 0.105469 0.097656
0 0.273438 0.400391 0.101562 0.074219
0 0.466797 0.435547 0.105469 0.113281
0 0.369141 0.484375 0.089844 0.101562
0 0.214844 0.435547 0.085938 0.074219
0 0.279297 0.490234 0.089844 0.074219
0 0.048828 0.392578 0.082031 0.105469
0 0.033203 0.269531 0.058594 0.070312
0 0.156250 0.500000 0.093750 0.109375
0 0.080078 0.503906 0.066406 0.085938
0 0.042969 0.539062 0.070312 0.117188
0 0.123047 0.623047 0.105469 0.089844
0 0.207031 0.580078 0.093750 0.105469
0 0.347656 0.591797 0.164062 0.105469
0 0.484375 0.533203 0.101562 0.097656
0 0.570312 0.455078 0.101562 0.105469
0 0.605469 0.566406 0.093750 0.109375
0 0.496094 0.654297 0.117188 0.121094
0 0.390625 0.710938 0.093750 0.085938
0 0.265625 0.695312 0.085938 0.085938
0 0.970703 0.783203 0.058594 0.097656
0 0.837891 0.705078 0.105469 0.105469
0 0.867188 0.871094 0.093750 0.171875
0 0.701172 0.771484 0.074219 0.082031
0 0.703125 0.845703 0.109375 0.089844
0 0.691406 0.939453 0.101562 0.121094
0 0.597656 0.843750 0.070312 0.078125
0 0.599609 0.941406 0.066406 0.085938
0 0.527344 0.933594 0.078125 0.101562
0 0.232422 0.960938 0.105469 0.078125
0 0.154297 0.878906 0.089844 0.070312
0 0.042969 0.917969 0.078125 0.109375
0 0.031250 0.810547 0.046875 0.082031
