0 0.888672 0.111328 0.074219 0.136719
0 0.810547 0.130859 0.074219 0.074219
0 0.832031 0.214844 0.093750 0.085938
0 0.958984 0.253906 0.082031 0.109375
0 0.957031 0.123047 0.062500 0.082031
0 0.859375 0.314453 0.125000 0.074219
0 0.945312 0.390625 0.101562 0.070312
0 0.701172 0.333984 0.121094 0.089844
0 0.701172 0.236328 0.074219 0.074219
0 0.689453 0.146484 0.082031 0.089844
0 0.611328 0.169922 0.066406 0.066406
0 0.687500 0.048828 0.125000 0.089844
0 0.535156 0.082031 0.140625 0.125000
0 0.429688 0.033203 0.117188 0.058594
0 0.326172 0.033203 0.089844 0.058594
0 0.029297 0.037109 0.050781 0.050781
0 0.085938 0.109375 0.109375 0.101562
0 0.142578 0.228516 0.089844 0.082031
0 0.273438 0.248047 0.132812 0.128906
0 0.037109 0.292969 0.066406 0.125000
0 0.166016 0.320312 0.105469 0.101562
0 0.123047 0.361328 0.089844 0.082031
0 0.287109 0.388672 0.105469 0.089844
0 0.398438 0.441406 0.125000 0.093750
0 0.396484 0.365234 0.105469 0.074219
0 0.417969 0.304688 0.078125 0.046875
0 0.535156 0.376953 0.117188 0.097656
0 0.576172 0.478516 0.082031 0.089844
0 0.478516 0.500000 0.128906 0.093750
0 0.486328 0.574219 0.082031 0.070312
0 0.488281 0.640625 0.093750 0.078125
0 0.619141 0.566406 0.089844 0.093750
0 0.566406 0.589844 0.078125 0.062500
0 0.591797 0.666016 0.089844 0.089844
0 0.265625 0.482422 0.085938 0.074219
0 0.330078 0.515625 0.097656 0.093750
0 0.341797 0.642578 0.144531 0.089844
0 0.189453 0.615234 0.097656 0.121094
0 0.068359 0.568359 0.121094 0.128906
0 0.166016 0.472656 0.121094 0.101562
0 0.822266 0.568359 0.160156 0.121094
0 0.742188 0.630859 0.062500 0.066406
0 0.890625 0.656250 0.093750 0.093750
0 0.921875 0.746094 0.101562 0.109375
0 0.947266 0.863281 0.097656 0.125000
0 0.833984 0.759766 0.082031 0.105469
0 0.746094 0.750000 0.093750 0.101562
0 0.896484 0.929688 0.082031 0.085938
0 0.617188 0.882812 0.093750 0.101562
0 0.492188 0.939453 0.132812 0.113281
0 0.085938 0.923828 0.125000 0.097656
0 0.031250 0.792969 0.054688 0.093750
0 0.189453 0.972656 0.097656 0.054688
