0 0.310547 0.023438 0.089844 0.039062
0 0.212891 0.060547 0.058594 0.074219
0 0.294922 0.115234 0.082031 0.105469
0 0.382812 0.105469 0.070312 0.093750
0 0.435547 0.054688 0.113281 0.085938
0 0.556641 0.033203 0.089844 0.058594
0 0.595703 0.125000 0.105469 0.109375
0 0.462891 0.160156 0.113281 0.093750
0 0.455078 0.253906 0.074219 0.078125
0 0.378906 0.226562 0.070312 0.093750
0 0.470703 0.316406 0.089844 0.070312
0 0.558594 0.248047 0.109375 0.121094
0 0.662109 0.185547 0.113281 0.074219
0 0.666016 0.070312 0.082031 0.085938
0 0.720703 0.105469 0.066406 0.085938
0 0.785156 0.185547 0.085938 0.066406
0 0.871094 0.197266 0.078125 0.066406
0 0.800781 0.093750 0.070312 0.101562
0 0.677734 0.255859 0.089844 0.074219
0 0.613281 0.347656 0.085938 0.085938
0 0.716797 0.380859 0.105469 0.089844
0 0.736328 0.312500 0.074219 0.085938
0 0.812500 0.269531 0.062500 0.078125
0 0.871094 0.302734 0.070312 0.097656
0 0.962891 0.304688 0.074219 0.070312
0 0.927734 0.353516 0.066406 0.058594
0 0.955078 0.398438 0.082031 0.078125
0 0.841797 0.384766 0.082031 0.082031
0 0.851562 0.460938 0.085938 0.078125
0 0.767578 0.472656 0.074219 0.078125
0 0.623047 0.421875 0.082031 0.062500
0 0.921875 0.515625 0.078125 0.093750
0 0.849609 0.570312 0.082031 0.085938
0 0.964844 0.583984 0.070312 0.097656
0 0.929688 0.603516 0.070312 0.082031
0 0.912109 0.658203 0.066406 0.066406
0 0.958984 0.136719 0.082031 0.101562
0 0.900391 0.044922 0.074219 0.082031
0 0.029297 0.044922 0.050781 0.050781
0 0.064453 0.128906 0.089844 0.078125
0 0.160156 0.136719 0.093750 0.078125
0 0.230469 0.224609 0.093750 0.089844
0 0.187500 0.292969 0.085938 0.062500
0 0.097656 0.273438 0.093750 0.070312
0 0.037109 0.369141 0.050781 0.074219
0 0.255859 0.460938 0.074219 0.070312
0 0.160156 0.578125 0.078125 0.109375
0 0.265625 0.572266 0.101562 0.074219
0 0.382812 0.427734 0.093750 0.089844
0 0.402344 0.554688 0.093750 0.078125
0 0.462891 0.505859 0.082031 0.089844
0 0.572266 0.556641 0.105469 0.121094
0 0.521484 0.466797 0.074219 0.074219
0 0.486328 0.664062 0.089844 0.101562
0 0.296875 0.691406 0.117188 0.085938
0 0.412109 0.771484 0.121094 0.074219
0 0.664062 0.673828 0.070312 0.074219
0 0.675781 0.587891 0.109375 0.097656
0 0.753906 0.695312 0.078125 0.085938
0 0.781250 0.765625 0.101562 0.085938
0 0.876953 0.833984 0.105469 0.097656
0 0.966797 0.935547 0.066406 0.105469
0 0.845703 0.896484 0.089844 0.097656
0 0.722656 0.832031 0.117188 0.117188
0 0.578125 0.728516 0.093750 0.082031
0 0.585938 0.802734 0.093750 0.082031
0 0.634766 0.917969 0.128906 0.132812
0 0.486328 0.865234 0.121094 0.097656
0 0.167969 0.667969 0.101562 0.085938
0 0.306641 0.802734 0.089844 0.082031
0 0.386719 0.875000 0.078125 0.070312
0 0.246094 0.750000 0.078125 0.070312
0 0.103516 0.757812 0.089844 0.085938
0 0.220703 0.851562 0.097656 0.093750
0 0.056641 0.826172 0.105469 0.105469
0 0.162109 0.916016 0.097656 0.089844
0 0.107422 0.949219 0.082031 0.062500
0 0.244141 0.966797 0.082031 0.050781
