0 0.767578 0.062500 0.121094 0.101562
0 0.876953 0.123047 0.097656 0.105469
0 0.919922 0.263672 0.105469 0.105469
0 0.751953 0.177734 0.121094 0.113281
0 0.822266 0.244141 0.082031 0.089844
0 0.660156 0.117188 0.070312 0.078125
0 0.591797 0.050781 0.097656 0.093750
0 0.820312 0.562500 0.109375 0.101562
0 0.726562 0.523438 0.093750 0.125000
0 0.609375 0.312500 0.078125 0.085938
0 0.439453 0.234375 0.089844 0.085938
0 0.494141 0.298828 0.097656 0.097656
0 0.355469 0.261719 0.070312 0.062500
0 0.322266 0.183594 0.082031 0.070312
0 0.212891 0.330078 0.113281 0.074219
0 0.156250 0.402344 0.070312 0.070312
0 0.226562 0.482422 0.109375 0.113281
0 0.302734 0.472656 0.082031 0.085938
0 0.294922 0.388672 0.097656 0.089844
0 0.347656 0.339844 0.101562 0.085938
0 0.392578 0.410156 0.089844 0.085938
0 0.466797 0.404297 0.089844 0.097656
0 0.562500 0.406250 0.093750 0.093750
0 0.712891 0.376953 0.097656 0.089844
0 0.615234 0.472656 0.089844 0.078125
0 0.517578 0.517578 0.089844 0.089844
0 0.400391 0.548828 0.097656 0.105469
0 0.300781 0.550781 0.101562 0.093750
0 0.353516 0.644531 0.097656 0.093750
0 0.464844 0.669922 0.109375 0.089844
0 0.433594 0.748047 0.117188 0.105469
0 0.550781 0.583984 0.101562 0.113281
0 0.677734 0.613281 0.082031 0.093750
0 0.595703 0.718750 0.121094 0.125000
0 0.507812 0.796875 0.093750 0.093750
0 0.582031 0.849609 0.101562 0.082031
0 0.605469 0.910156 0.070312 0.054688
0 0.693359 0.845703 0.082031 0.082031
0 0.718750 0.744141 0.062500 0.074219
0 0.777344 0.705078 0.085938 0.082031
0 0.205078 0.078125 0.082031 0.078125
0 0.130859 0.201172 0.097656 0.105469
0 0.046875 0.156250 0.085938 0.132812
0 0.082031 0.025391 0.117188 0.042969
0 0.054688 0.062500 0.085938 0.070312
0 0.068359 0.636719 0.082031 0.101562
0 0.041016 0.703125 0.066406 0.093750
0 0.169922 0.779297 0.089844 0.082031
0 0.123047 0.726562 0.074219 0.085938
0 0.068359 0.822266 0.089844 0.089844
0 0.101562 0.908203 0.078125 0.074219
0 0.185547 0.937500 0.066406 0.070312
0 0.216797 0.878906 0.089844 0.078125
0 0.076172 0.970703 0.082031 0.058594
0 0.398438 0.958984 0.062500 0.074219
0 0.914062 0.857422 0.093750 0.089844
0 0.845703 0.941406 0.082031 0.070312
0 0.962891 0.935547 0.074219 0.089844
