0 0.765625 0.023438 0.109375 0.039062
0 0.746094 0.060547 0.125000 0.082031
0 0.673828 0.083984 0.097656 0.097656
0 0.773438 0.142578 0.093750 0.074219
0 0.884766 0.185547 0.089844 0.089844
0 0.841797 0.236328 0.074219 0.082031
0 0.962891 0.251953 0.074219 0.082031
0 0.916016 0.326172 0.082031 0.089844
0 0.974609 0.402344 0.050781 0.125000
0 0.939453 0.154297 0.113281 0.089844
0 0.884766 0.035156 0.097656 0.062500
0 0.964844 0.093750 0.070312 0.085938
0 0.101562 0.093750 0.085938 0.078125
0 0.207031 0.128906 0.117188 0.093750
0 0.205078 0.058594 0.089844 0.062500
0 0.337891 0.070312 0.113281 0.085938
0 0.378906 0.171875 0.125000 0.140625
0 0.482422 0.126953 0.097656 0.074219
0 0.576172 0.191406 0.105469 0.078125
0 0.517578 0.214844 0.089844 0.085938
0 0.435547 0.246094 0.089844 0.093750
0 0.517578 0.269531 0.082031 0.070312
0 0.572266 0.337891 0.113281 0.105469
0 0.623047 0.250000 0.082031 0.078125
0 0.677734 0.322266 0.082031 0.074219
0 0.697266 0.410156 0.089844 0.101562
0 0.630859 0.468750 0.097656 0.101562
0 0.531250 0.435547 0.117188 0.113281
0 0.822266 0.544922 0.121094 0.113281
0 0.701172 0.562500 0.082031 0.093750
0 0.042969 0.224609 0.070312 0.089844
0 0.111328 0.326172 0.105469 0.089844
0 0.083984 0.402344 0.089844 0.078125
0 0.027344 0.318359 0.046875 0.082031
0 0.238281 0.455078 0.093750 0.089844
0 0.318359 0.474609 0.074219 0.074219
0 0.376953 0.515625 0.074219 0.070312
0 0.201172 0.562500 0.128906 0.085938
0 0.066406 0.552734 0.101562 0.105469
0 0.376953 0.623047 0.097656 0.074219
0 0.275391 0.613281 0.074219 0.062500
0 0.195312 0.650391 0.093750 0.097656
0 0.279297 0.705078 0.082031 0.097656
0 0.517578 0.732422 0.097656 0.089844
0 0.400391 0.740234 0.074219 0.082031
0 0.457031 0.845703 0.093750 0.097656
0 0.582031 0.804688 0.101562 0.093750
0 0.777344 0.845703 0.093750 0.113281
0 0.861328 0.875000 0.082031 0.078125
0 0.861328 0.781250 0.082031 0.085938
0 0.953125 0.847656 0.078125 0.070312
0 0.966797 0.787109 0.066406 0.066406
0 0.925781 0.955078 0.101562 0.089844
0 0.767578 0.947266 0.089844 0.105469
0 0.681641 0.949219 0.082031 0.101562
0 0.156250 0.804688 0.132812 0.101562
0 0.037109 0.865234 0.066406 0.128906
0 0.058594 0.955078 0.085938 0.082031
0 0.152344 0.929688 0.125000 0.140625
0 0.287109 0.941406 0.128906 0.117188
