0 0.878906 0.039062 0.140625 0.070312
0 0.974609 0.093750 0.050781 0.117188
0 0.917969 0.107422 0.085938 0.082031
0 0.867188 0.154297 0.085938 0.089844
0 0.630859 0.095703 0.113281 0.113281
0 0.517578 0.058594 0.113281 0.109375
0 0.541016 0.183594 0.089844 0.125000
0 0.636719 0.244141 0.109375 0.105469
0 0.697266 0.308594 0.113281 0.093750
0 0.552734 0.306641 0.113281 0.128906
0 0.578125 0.406250 0.093750 0.093750
0 0.357422 0.089844 0.082031 0.101562
0 0.279297 0.158203 0.097656 0.128906
0 0.365234 0.259766 0.105469 0.097656
0 0.421875 0.376953 0.085938 0.082031
0 0.441406 0.500000 0.085938 0.101562
0 0.312500 0.470703 0.148438 0.089844
0 0.234375 0.300781 0.101562 0.140625
0 0.375000 0.570312 0.109375 0.109375
0 0.314453 0.638672 0.121094 0.082031
0 0.312500 0.742188 0.117188 0.109375
0 0.189453 0.687500 0.121094 0.085938
0 0.175781 0.597656 0.117188 0.085938
0 0.148438 0.105469 0.132812 0.109375
0 0.220703 0.033203 0.199219 0.058594
0 0.101562 0.218750 0.101562 0.093750
0 0.066406 0.361328 0.109375 0.089844
0 0.205078 0.376953 0.113281 0.105469
0 0.021484 0.447266 0.035156 0.097656
0 0.093750 0.466797 0.125000 0.105469
0 0.083984 0.568359 0.097656 0.097656
0 0.021484 0.589844 0.035156 0.093750
0 0.048828 0.669922 0.089844 0.066406
0 0.066406 0.734375 0.093750 0.078125
0 0.121094 0.792969 0.125000 0.093750
0 0.244141 0.951172 0.105469 0.089844
0 0.400391 0.859375 0.097656 0.117188
0 0.402344 0.966797 0.117188 0.066406
0 0.562500 0.507812 0.078125 0.085938
0 0.798828 0.343750 0.066406 0.070312
0 0.859375 0.400391 0.093750 0.082031
0 0.933594 0.462891 0.093750 0.082031
0 0.923828 0.335938 0.105469 0.109375
0 0.810547 0.509766 0.097656 0.160156
0 0.679688 0.535156 0.117188 0.140625
0 0.595703 0.712891 0.105469 0.144531
0 0.609375 0.861328 0.093750 0.097656
0 0.587891 0.949219 0.082031 0.085938
0 0.677734 0.947266 0.097656 0.105469
0 0.724609 0.654297 0.113281 0.113281
0 0.882812 0.654297 0.132812 0.136719
0 0.916016 0.548828 0.097656 0.089844
0 0.974609 0.640625 0.050781 0.164062
0 0.978516 0.824219 0.042969 0.156250
0 0.910156 0.765625 0.109375 0.109375
0 0.748047 0.757812 0.167969 0.093750
0 0.765625 0.861328 0.148438 0.113281
0 0.919922 0.919922 0.144531 0.113281
