0 0.964844 0.050781 0.070312 0.093750
0 0.855469 0.160156 0.101562 0.093750
0 0.949219 0.214844 0.085938 0.070312
0 0.949219 0.361328 0.101562 0.097656
0 0.804688 0.279297 0.117188 0.105469
0 0.833984 0.398438 0.097656 0.117188
0 0.941406 0.531250 0.117188 0.101562
0 0.970703 0.683594 0.058594 0.117188
0 0.949219 0.812500 0.101562 0.101562
0 0.890625 0.892578 0.093750 0.082031
0 0.847656 0.970703 0.132812 0.058594
0 0.804688 0.808594 0.101562 0.101562
0 0.871094 0.716797 0.101562 0.136719
0 0.804688 0.523438 0.093750 0.085938
0 0.828125 0.603516 0.101562 0.082031
0 0.757812 0.691406 0.109375 0.132812
0 0.662109 0.753906 0.089844 0.132812
0 0.710938 0.882812 0.117188 0.101562
0 0.685547 0.529297 0.097656 0.097656
0 0.736328 0.417969 0.097656 0.101562
0 0.689453 0.162109 0.121094 0.121094
0 0.710938 0.033203 0.117188 0.058594
0 0.613281 0.109375 0.132812 0.093750
0 0.564453 0.220703 0.121094 0.097656
0 0.490234 0.136719 0.097656 0.117188
0 0.521484 0.037109 0.144531 0.066406
0 0.388672 0.035156 0.089844 0.062500
0 0.205078 0.037109 0.128906 0.066406
0 0.093750 0.058594 0.125000 0.093750
0 0.091797 0.148438 0.113281 0.070312
0 0.054688 0.232422 0.093750 0.105469
0 0.054688 0.359375 0.101562 0.132812
0 0.218750 0.171875 0.132812 0.117188
0 0.222656 0.298828 0.132812 0.144531
0 0.136719 0.400391 0.101562 0.128906
0 0.107422 0.529297 0.105469 0.121094
0 0.042969 0.648438 0.078125 0.101562
0 0.394531 0.337891 0.085938 0.105469
0 0.513672 0.404297 0.097656 0.097656
0 0.539062 0.541016 0.093750 0.097656
0 0.505859 0.677734 0.105469 0.121094
0 0.408203 0.529297 0.097656 0.152344
0 0.324219 0.429688 0.101562 0.093750
0 0.287109 0.529297 0.113281 0.097656
0 0.285156 0.638672 0.132812 0.105469
0 0.349609 0.746094 0.074219 0.125000
0 0.439453 0.783203 0.082031 0.097656
0 0.492188 0.830078 0.085938 0.089844
0 0.275391 0.751953 0.074219 0.097656
0 0.189453 0.740234 0.097656 0.097656
0 0.179688 0.832031 0.109375 0.101562
0 0.222656 0.933594 0.101562 0.101562
0 0.310547 0.917969 0.097656 0.164062
0 0.410156 0.937500 0.101562 0.125000
0 0.509766 0.955078 0.089844 0.082031
