0 0.835938 0.041016 0.093750 0.074219
0 0.767578 0.111328 0.097656 0.121094
0 0.859375 0.193359 0.093750 0.121094
0 0.972656 0.320312 0.054688 0.109375
0 0.974609 0.566406 0.050781 0.109375
0 0.820312 0.320312 0.093750 0.093750
0 0.740234 0.255859 0.089844 0.144531
0 0.658203 0.039062 0.105469 0.070312
0 0.603516 0.126953 0.058594 0.128906
0 0.677734 0.144531 0.105469 0.101562
0 0.638672 0.246094 0.105469 0.093750
0 0.656250 0.373047 0.109375 0.128906
0 0.744141 0.427734 0.097656 0.113281
0 0.839844 0.468750 0.093750 0.109375
0 0.822266 0.576172 0.066406 0.074219
0 0.802734 0.646484 0.066406 0.066406
0 0.742188 0.529297 0.070312 0.074219
0 0.718750 0.609375 0.085938 0.093750
0 0.621094 0.498047 0.117188 0.105469
0 0.623047 0.609375 0.105469 0.109375
0 0.708984 0.720703 0.128906 0.105469
0 0.373047 0.037109 0.121094 0.066406
0 0.283203 0.085938 0.089844 0.085938
0 0.320312 0.158203 0.085938 0.089844
0 0.439453 0.132812 0.152344 0.125000
0 0.462891 0.275391 0.105469 0.144531
0 0.466797 0.398438 0.089844 0.109375
0 0.458984 0.515625 0.089844 0.109375
0 0.408203 0.673828 0.128906 0.121094
0 0.318359 0.578125 0.113281 0.125000
0 0.392578 0.410156 0.097656 0.148438
0 0.279297 0.341797 0.097656 0.097656
0 0.236328 0.216797 0.105469 0.128906
0 0.046875 0.115234 0.085938 0.089844
0 0.062500 0.246094 0.101562 0.101562
0 0.115234 0.398438 0.128906 0.093750
0 0.142578 0.582031 0.089844 0.085938
0 0.132812 0.673828 0.101562 0.097656
0 0.037109 0.675781 0.066406 0.117188
0 0.175781 0.732422 0.101562 0.082031
0 0.234375 0.855469 0.109375 0.125000
0 0.060547 0.765625 0.089844 0.085938
0 0.068359 0.876953 0.128906 0.105469
0 0.132812 0.941406 0.101562 0.093750
