0 0.935547 0.203125 0.089844 0.101562
0 0.722656 0.041016 0.125000 0.066406
0 0.833984 0.173828 0.089844 0.089844
0 0.757812 0.175781 0.101562 0.109375
0 0.621094 0.210938 0.101562 0.101562
0 0.623047 0.314453 0.144531 0.097656
0 0.761719 0.263672 0.085938 0.105469
0 0.769531 0.363281 0.109375 0.117188
0 0.894531 0.349609 0.093750 0.105469
0 0.949219 0.466797 0.062500 0.089844
0 0.847656 0.544922 0.101562 0.113281
0 0.734375 0.503906 0.101562 0.140625
0 0.656250 0.412109 0.093750 0.105469
0 0.605469 0.470703 0.093750 0.136719
0 0.640625 0.562500 0.070312 0.078125
0 0.669922 0.623047 0.089844 0.074219
0 0.798828 0.658203 0.105469 0.113281
0 0.921875 0.615234 0.101562 0.128906
0 0.945312 0.824219 0.062500 0.093750
0 0.957031 0.917969 0.085938 0.117188
0 0.384766 0.146484 0.113281 0.121094
0 0.419922 0.271484 0.121094 0.089844
0 0.335938 0.400391 0.109375 0.121094
0 0.449219 0.494141 0.085938 0.121094
0 0.359375 0.574219 0.109375 0.125000
0 0.431641 0.695312 0.105469 0.109375
0 0.283203 0.675781 0.152344 0.109375
0 0.339844 0.783203 0.109375 0.082031
0 0.371094 0.910156 0.070312 0.117188
0 0.296875 0.878906 0.070312 0.117188
0 0.179688 0.849609 0.117188 0.097656
0 0.087891 0.730469 0.121094 0.109375
0 0.142578 0.628906 0.113281 0.171875
0 0.234375 0.546875 0.117188 0.109375
0 0.195312 0.447266 0.109375 0.136719
0 0.218750 0.255859 0.101562 0.105469
0 0.289062 0.251953 0.078125 0.074219
0 0.255859 0.050781 0.113281 0.078125
0 0.253906 0.128906 0.093750 0.085938
0 0.117188 0.121094 0.101562 0.085938
0 0.074219 0.244141 0.125000 0.136719
0 0.062500 0.042969 0.093750 0.078125
0 0.050781 0.458984 0.078125 0.097656
0 0.042969 0.576172 0.078125 0.144531
0 0.021484 0.919922 0.035156 0.089844
0 0.546875 0.806641 0.085938 0.105469
0 0.646484 0.822266 0.105469 0.082031
0 0.716797 0.894531 0.121094 0.101562
0 0.763672 0.974609 0.121094 0.050781
0 0.589844 0.914062 0.093750 0.101562
0 0.511719 0.919922 0.078125 0.113281
