0 0.933594 0.134766 0.132812 0.128906
0 0.748047 0.148438 0.128906 0.109375
0 0.605469 0.175781 0.093750 0.078125
0 0.642578 0.255859 0.113281 0.113281
0 0.724609 0.296875 0.105469 0.101562
0 0.845703 0.367188 0.105469 0.117188
0 0.960938 0.306641 0.078125 0.105469
0 0.968750 0.402344 0.062500 0.093750
0 0.974609 0.564453 0.050781 0.113281
0 0.876953 0.562500 0.113281 0.125000
0 0.718750 0.494141 0.117188 0.113281
0 0.609375 0.367188 0.117188 0.117188
0 0.578125 0.476562 0.101562 0.101562
0 0.611328 0.578125 0.121094 0.125000
0 0.478516 0.582031 0.097656 0.093750
0 0.519531 0.656250 0.101562 0.085938
0 0.470703 0.746094 0.105469 0.125000
0 0.765625 0.660156 0.109375 0.109375
0 0.660156 0.777344 0.140625 0.093750
0 0.894531 0.710938 0.117188 0.117188
0 0.878906 0.828125 0.125000 0.117188
0 0.744141 0.927734 0.144531 0.089844
0 0.623047 0.898438 0.097656 0.109375
0 0.523438 0.867188 0.101562 0.125000
0 0.558594 0.966797 0.093750 0.066406
0 0.392578 0.861328 0.082031 0.097656
0 0.464844 0.093750 0.093750 0.125000
0 0.384766 0.164062 0.089844 0.085938
0 0.429688 0.240234 0.093750 0.082031
0 0.406250 0.308594 0.085938 0.085938
0 0.332031 0.060547 0.093750 0.097656
0 0.207031 0.085938 0.093750 0.132812
0 0.248047 0.166016 0.089844 0.074219
0 0.210938 0.251953 0.093750 0.097656
0 0.304688 0.265625 0.125000 0.117188
0 0.298828 0.380859 0.105469 0.097656
0 0.298828 0.470703 0.066406 0.066406
0 0.328125 0.539062 0.070312 0.093750
0 0.193359 0.421875 0.105469 0.117188
0 0.140625 0.498047 0.078125 0.097656
0 0.207031 0.544922 0.085938 0.105469
0 0.261719 0.654297 0.101562 0.105469
0 0.130859 0.619141 0.105469 0.097656
0 0.048828 0.068359 0.089844 0.097656
0 0.052734 0.216797 0.097656 0.113281
0 0.041016 0.437500 0.074219 0.125000
0 0.027344 0.552734 0.046875 0.105469
0 0.076172 0.767578 0.105469 0.074219
0 0.195312 0.765625 0.085938 0.078125
0 0.171875 0.863281 0.117188 0.101562
0 0.050781 0.875000 0.093750 0.101562
0 0.279297 0.939453 0.097656 0.113281
0 0.150391 0.964844 0.105469 0.070312
0 0.685547 0.033203 0.097656 0.058594
