0 0.880859 0.062500 0.082031 0.109375
0 0.970703 0.107422 0.058594 0.121094
0 0.878906 0.187500 0.109375 0.085938
0 0.906250 0.294922 0.109375 0.105469
0 0.912109 0.404297 0.121094 0.128906
0 0.964844 0.484375 0.070312 0.132812
0 0.937500 0.554688 0.093750 0.101562
0 0.972656 0.791016 0.054688 0.113281
0 0.732422 0.039062 0.089844 0.070312
0 0.712891 0.132812 0.113281 0.125000
0 0.630859 0.046875 0.105469 0.085938
0 0.625000 0.158203 0.125000 0.128906
0 0.519531 0.060547 0.078125 0.097656
0 0.527344 0.183594 0.101562 0.085938
0 0.292969 0.052734 0.101562 0.066406
0 0.345703 0.113281 0.105469 0.070312
0 0.265625 0.150391 0.085938 0.089844
0 0.353516 0.207031 0.105469 0.117188
0 0.291016 0.273438 0.097656 0.101562
0 0.222656 0.257812 0.093750 0.132812
0 0.148438 0.265625 0.085938 0.093750
0 0.138672 0.132812 0.097656 0.140625
0 0.185547 0.042969 0.074219 0.078125
0 0.736328 0.482422 0.082031 0.105469
0 0.789062 0.603516 0.117188 0.136719
0 0.638672 0.443359 0.105469 0.113281
0 0.695312 0.373047 0.078125 0.082031
0 0.605469 0.335938 0.101562 0.093750
0 0.541016 0.353516 0.074219 0.082031
0 0.535156 0.462891 0.101562 0.113281
0 0.550781 0.552734 0.085938 0.097656
0 0.613281 0.638672 0.101562 0.121094
0 0.675781 0.560547 0.101562 0.097656
0 0.695312 0.636719 0.070312 0.085938
0 0.804688 0.759766 0.085938 0.121094
0 0.701172 0.730469 0.105469 0.109375
0 0.583984 0.751953 0.121094 0.121094
0 0.568359 0.884766 0.097656 0.152344
0 0.689453 0.886719 0.105469 0.132812
0 0.837891 0.937500 0.113281 0.125000
0 0.714844 0.964844 0.093750 0.070312
0 0.375000 0.408203 0.078125 0.082031
0 0.291016 0.431641 0.082031 0.082031
0 0.339844 0.505859 0.109375 0.089844
0 0.310547 0.607422 0.121094 0.128906
0 0.425781 0.638672 0.101562 0.152344
0 0.355469 0.724609 0.132812 0.136719
0 0.451172 0.773438 0.082031 0.117188
0 0.462891 0.892578 0.074219 0.097656
0 0.417969 0.945312 0.093750 0.109375
0 0.345703 0.853516 0.128906 0.160156
0 0.269531 0.787109 0.101562 0.113281
0 0.226562 0.677734 0.117188 0.144531
0 0.177734 0.521484 0.082031 0.105469
0 0.181641 0.773438 0.066406 0.093750
0 0.205078 0.880859 0.097656 0.113281
0 0.248047 0.964844 0.105469 0.070312
0 0.058594 0.623047 0.078125 0.144531
0 0.052734 0.744141 0.074219 0.113281
0 0.050781 0.863281 0.085938 0.109375
0 0.058594 0.957031 0.109375 0.085938
