0 0.884766 0.080078 0.105469 0.121094
0 0.978516 0.056641 0.042969 0.074219
0 0.955078 0.212891 0.089844 0.105469
0 0.914062 0.328125 0.085938 0.093750
0 0.966797 0.376953 0.066406 0.089844
0 0.808594 0.308594 0.070312 0.093750
0 0.773438 0.398438 0.101562 0.093750
0 0.919922 0.480469 0.105469 0.109375
0 0.804688 0.494141 0.117188 0.121094
0 0.814453 0.599609 0.105469 0.097656
0 0.732422 0.615234 0.066406 0.105469
0 0.914062 0.605469 0.101562 0.125000
0 0.972656 0.656250 0.054688 0.109375
0 0.845703 0.695312 0.089844 0.085938
0 0.755859 0.742188 0.097656 0.093750
0 0.945312 0.898438 0.093750 0.109375
0 0.853516 0.869141 0.082031 0.105469
0 0.777344 0.910156 0.078125 0.070312
0 0.697266 0.886719 0.082031 0.093750
0 0.843750 0.974609 0.093750 0.050781
0 0.941406 0.970703 0.117188 0.058594
0 0.652344 0.121094 0.101562 0.140625
0 0.542969 0.025391 0.101562 0.042969
0 0.521484 0.111328 0.136719 0.097656
0 0.474609 0.226562 0.089844 0.093750
0 0.552734 0.267578 0.082031 0.105469
0 0.662109 0.242188 0.105469 0.078125
0 0.222656 0.056641 0.132812 0.089844
0 0.339844 0.111328 0.085938 0.097656
0 0.246094 0.160156 0.101562 0.078125
0 0.166016 0.167969 0.113281 0.109375
0 0.361328 0.031250 0.066406 0.054688
0 0.035156 0.078125 0.062500 0.078125
0 0.031250 0.166016 0.054688 0.089844
0 0.601562 0.482422 0.085938 0.082031
0 0.566406 0.570312 0.078125 0.093750
0 0.599609 0.689453 0.074219 0.105469
0 0.507812 0.710938 0.078125 0.085938
0 0.515625 0.818359 0.070312 0.089844
0 0.455078 0.951172 0.089844 0.097656
0 0.240234 0.968750 0.113281 0.062500
0 0.234375 0.781250 0.070312 0.085938
0 0.210938 0.865234 0.085938 0.074219
0 0.294922 0.878906 0.074219 0.085938
0 0.361328 0.910156 0.089844 0.085938
0 0.335938 0.787109 0.093750 0.144531
0 0.423828 0.724609 0.105469 0.160156
0 0.433594 0.580078 0.109375 0.113281
0 0.406250 0.470703 0.132812 0.089844
0 0.347656 0.392578 0.117188 0.121094
0 0.246094 0.453125 0.117188 0.117188
0 0.228516 0.597656 0.128906 0.117188
0 0.339844 0.615234 0.125000 0.121094
0 0.146484 0.410156 0.089844 0.078125
0 0.179688 0.507812 0.125000 0.109375
0 0.166016 0.656250 0.089844 0.070312
0 0.037109 0.365234 0.066406 0.089844
0 0.039062 0.679688 0.062500 0.117188
0 0.027344 0.828125 0.046875 0.132812
0 0.628906 0.330078 0.070312 0.097656
