0 0.828125 0.085938 0.117188 0.101562
0 0.708984 0.041016 0.097656 0.074219
0 0.607422 0.056641 0.058594 0.066406
0 0.652344 0.115234 0.093750 0.089844
0 0.642578 0.238281 0.113281 0.093750
0 0.734375 0.164062 0.078125 0.085938
0 0.783203 0.220703 0.074219 0.089844
0 0.853516 0.236328 0.074219 0.105469
0 0.853516 0.378906 0.066406 0.109375
0 0.761719 0.353516 0.085938 0.105469
0 0.656250 0.339844 0.093750 0.093750
0 0.599609 0.398438 0.050781 0.109375
0 0.703125 0.462891 0.117188 0.152344
0 0.802734 0.490234 0.082031 0.113281
0 0.619141 0.544922 0.097656 0.097656
0 0.628906 0.666016 0.109375 0.121094
0 0.746094 0.605469 0.125000 0.117188
0 0.851562 0.589844 0.070312 0.101562
0 0.755859 0.703125 0.128906 0.117188
0 0.775391 0.806641 0.089844 0.089844
0 0.972656 0.291016 0.054688 0.121094
0 0.972656 0.560547 0.054688 0.121094
0 0.941406 0.906250 0.093750 0.085938
0 0.871094 0.955078 0.093750 0.089844
0 0.923828 0.810547 0.097656 0.082031
0 0.611328 0.943359 0.097656 0.105469
0 0.509766 0.966797 0.089844 0.066406
0 0.408203 0.945312 0.082031 0.093750
0 0.462891 0.880859 0.097656 0.097656
0 0.226562 0.072266 0.101562 0.097656
0 0.285156 0.037109 0.125000 0.066406
0 0.367188 0.085938 0.117188 0.117188
0 0.408203 0.240234 0.089844 0.152344
0 0.250000 0.193359 0.078125 0.113281
0 0.324219 0.263672 0.109375 0.121094
0 0.291016 0.349609 0.105469 0.121094
0 0.337891 0.421875 0.074219 0.085938
0 0.425781 0.371094 0.109375 0.093750
0 0.414062 0.480469 0.085938 0.093750
0 0.476562 0.541016 0.070312 0.066406
0 0.318359 0.539062 0.097656 0.125000
0 0.347656 0.654297 0.093750 0.113281
0 0.453125 0.667969 0.093750 0.164062
0 0.457031 0.167969 0.085938 0.140625
0 0.039062 0.187500 0.070312 0.109375
0 0.093750 0.261719 0.085938 0.093750
0 0.029297 0.287109 0.050781 0.097656
0 0.074219 0.378906 0.093750 0.140625
0 0.134766 0.509766 0.066406 0.113281
0 0.037109 0.500000 0.066406 0.117188
0 0.066406 0.634766 0.109375 0.128906
0 0.169922 0.732422 0.097656 0.121094
0 0.066406 0.771484 0.093750 0.097656
0 0.083984 0.908203 0.097656 0.097656
0 0.193359 0.896484 0.089844 0.105469
