0 0.082031 0.033203 0.093750 0.058594
0 0.031250 0.140625 0.054688 0.117188
0 0.156250 0.101562 0.109375 0.085938
0 0.140625 0.222656 0.109375 0.117188
0 0.273438 0.220703 0.117188 0.121094
0 0.398438 0.117188 0.140625 0.117188
0 0.445312 0.230469 0.109375 0.132812
0 0.398438 0.326172 0.101562 0.152344
0 0.412109 0.035156 0.105469 0.062500
0 0.271484 0.031250 0.113281 0.054688
0 0.214844 0.341797 0.109375 0.121094
0 0.119141 0.353516 0.113281 0.121094
0 0.068359 0.460938 0.105469 0.140625
0 0.191406 0.529297 0.109375 0.152344
0 0.310547 0.523438 0.097656 0.117188
0 0.392578 0.449219 0.089844 0.125000
0 0.371094 0.628906 0.117188 0.117188
0 0.230469 0.687500 0.109375 0.125000
0 0.074219 0.646484 0.093750 0.105469
0 0.142578 0.738281 0.082031 0.101562
0 0.162109 0.830078 0.089844 0.089844
0 0.306641 0.847656 0.128906 0.125000
0 0.261719 0.923828 0.109375 0.074219
0 0.792969 0.152344 0.085938 0.078125
0 0.699219 0.179688 0.070312 0.093750
0 0.607422 0.207031 0.082031 0.109375
0 0.613281 0.322266 0.070312 0.113281
0 0.673828 0.273438 0.082031 0.085938
0 0.691406 0.337891 0.085938 0.082031
0 0.751953 0.224609 0.121094 0.113281
0 0.798828 0.322266 0.097656 0.089844
0 0.763672 0.394531 0.089844 0.093750
0 0.892578 0.250000 0.089844 0.117188
0 0.898438 0.414062 0.093750 0.140625
0 0.962891 0.511719 0.074219 0.140625
0 0.626953 0.441406 0.105469 0.101562
0 0.628906 0.539062 0.132812 0.109375
0 0.746094 0.500000 0.132812 0.132812
0 0.869141 0.550781 0.128906 0.140625
0 0.841797 0.683594 0.121094 0.117188
0 0.738281 0.685547 0.085938 0.089844
0 0.703125 0.583984 0.140625 0.121094
0 0.615234 0.648438 0.082031 0.101562
0 0.693359 0.027344 0.144531 0.046875
0 0.927734 0.917969 0.121094 0.093750
0 0.589844 0.882812 0.117188 0.101562
0 0.542969 0.949219 0.093750 0.093750
0 0.718750 0.884766 0.078125 0.089844
0 0.683594 0.945312 0.085938 0.093750
0 0.757812 0.974609 0.062500 0.050781
