0 0.966797 0.080078 0.066406 0.089844
0 0.925781 0.134766 0.085938 0.089844
0 0.976562 0.181641 0.046875 0.105469
0 0.898438 0.240234 0.093750 0.128906
0 0.949219 0.380859 0.085938 0.160156
0 0.859375 0.388672 0.078125 0.121094
0 0.914062 0.527344 0.117188 0.125000
0 0.828125 0.550781 0.093750 0.125000
0 0.873047 0.662109 0.074219 0.097656
0 0.939453 0.630859 0.089844 0.097656
0 0.974609 0.708984 0.050781 0.105469
0 0.912109 0.783203 0.136719 0.121094
0 0.958984 0.871094 0.082031 0.093750
0 0.785156 0.658203 0.078125 0.089844
0 0.806641 0.740234 0.089844 0.089844
0 0.769531 0.923828 0.101562 0.074219
0 0.695312 0.878906 0.062500 0.070312
0 0.669922 0.966797 0.089844 0.066406
0 0.753906 0.060547 0.093750 0.113281
0 0.765625 0.160156 0.093750 0.093750
0 0.683594 0.128906 0.078125 0.093750
0 0.580078 0.035156 0.121094 0.062500
0 0.566406 0.123047 0.093750 0.097656
0 0.542969 0.195312 0.093750 0.093750
0 0.671875 0.234375 0.117188 0.117188
0 0.558594 0.335938 0.101562 0.109375
0 0.650391 0.474609 0.105469 0.113281
0 0.667969 0.363281 0.117188 0.125000
0 0.527344 0.517578 0.132812 0.136719
0 0.625000 0.658203 0.093750 0.128906
0 0.523438 0.705078 0.101562 0.144531
0 0.605469 0.781250 0.085938 0.085938
0 0.419922 0.789062 0.136719 0.125000
0 0.505859 0.912109 0.121094 0.152344
0 0.419922 0.960938 0.097656 0.078125
0 0.322266 0.906250 0.121094 0.125000
0 0.203125 0.908203 0.109375 0.105469
0 0.185547 0.742188 0.105469 0.132812
0 0.306641 0.722656 0.128906 0.117188
0 0.394531 0.630859 0.117188 0.128906
0 0.234375 0.613281 0.132812 0.109375
0 0.113281 0.597656 0.070312 0.101562
0 0.181641 0.482422 0.136719 0.144531
0 0.261719 0.353516 0.117188 0.121094
0 0.359375 0.464844 0.117188 0.125000
0 0.472656 0.361328 0.117188 0.136719
0 0.353516 0.275391 0.113281 0.167969
0 0.451172 0.177734 0.113281 0.113281
0 0.074219 0.251953 0.085938 0.144531
0 0.037109 0.486328 0.066406 0.160156
0 0.031250 0.875000 0.054688 0.148438
0 0.240234 0.083984 0.128906 0.082031
0 0.126953 0.154297 0.097656 0.097656
