0 0.966797 0.042969 0.066406 0.078125
0 0.826172 0.189453 0.136719 0.121094
0 0.869141 0.326172 0.113281 0.136719
0 0.935547 0.429688 0.097656 0.125000
0 0.951172 0.562500 0.082031 0.093750
0 0.814453 0.443359 0.113281 0.105469
0 0.841797 0.535156 0.097656 0.109375
0 0.878906 0.648438 0.101562 0.148438
0 0.953125 0.753906 0.093750 0.125000
0 0.951172 0.892578 0.097656 0.136719
0 0.855469 0.796875 0.101562 0.109375
0 0.796875 0.662109 0.093750 0.128906
0 0.705078 0.751953 0.089844 0.136719
0 0.757812 0.861328 0.078125 0.082031
0 0.751953 0.947266 0.105469 0.105469
0 0.742188 0.556641 0.078125 0.128906
0 0.613281 0.160156 0.078125 0.109375
0 0.511719 0.134766 0.109375 0.097656
0 0.416016 0.078125 0.113281 0.109375
0 0.517578 0.267578 0.097656 0.097656
0 0.423828 0.210938 0.089844 0.093750
0 0.365234 0.322266 0.097656 0.128906
0 0.484375 0.380859 0.117188 0.136719
0 0.634766 0.308594 0.089844 0.132812
0 0.363281 0.503906 0.078125 0.125000
0 0.445312 0.531250 0.093750 0.117188
0 0.568359 0.582031 0.097656 0.132812
0 0.419922 0.630859 0.121094 0.105469
0 0.529297 0.710938 0.121094 0.132812
0 0.423828 0.757812 0.089844 0.117188
0 0.341797 0.769531 0.058594 0.132812
0 0.541016 0.841797 0.082031 0.105469
0 0.552734 0.921875 0.066406 0.085938
0 0.445312 0.957031 0.117188 0.085938
0 0.376953 0.892578 0.128906 0.121094
0 0.189453 0.087891 0.128906 0.128906
0 0.103516 0.037109 0.113281 0.066406
0 0.035156 0.154297 0.062500 0.105469
0 0.121094 0.197266 0.101562 0.152344
0 0.068359 0.308594 0.089844 0.109375
0 0.189453 0.326172 0.136719 0.105469
0 0.199219 0.462891 0.101562 0.167969
0 0.111328 0.453125 0.089844 0.179688
0 0.031250 0.511719 0.054688 0.195312
0 0.212891 0.644531 0.082031 0.140625
0 0.128906 0.611328 0.085938 0.121094
0 0.056641 0.654297 0.097656 0.113281
0 0.205078 0.763672 0.082031 0.113281
0 0.027344 0.767578 0.046875 0.121094
0 0.107422 0.761719 0.097656 0.101562
0 0.138672 0.863281 0.097656 0.109375
0 0.062500 0.923828 0.093750 0.144531
0 0.138672 0.964844 0.082031 0.070312
0 0.222656 0.916016 0.078125 0.152344
