0 0.957031 0.041016 0.085938 0.074219
0 0.878906 0.097656 0.109375 0.117188
0 0.712891 0.238281 0.082031 0.109375
0 0.960938 0.195312 0.078125 0.132812
0 0.849609 0.273438 0.097656 0.078125
0 0.781250 0.134766 0.125000 0.167969
0 0.908203 0.451172 0.105469 0.105469
0 0.935547 0.554688 0.105469 0.125000
0 0.767578 0.533203 0.160156 0.136719
0 0.660156 0.611328 0.078125 0.082031
0 0.828125 0.640625 0.117188 0.101562
0 0.947266 0.732422 0.105469 0.144531
0 0.917969 0.822266 0.109375 0.113281
0 0.791016 0.777344 0.121094 0.132812
0 0.710938 0.693359 0.093750 0.105469
0 0.648438 0.732422 0.078125 0.105469
0 0.654297 0.849609 0.113281 0.097656
0 0.824219 0.933594 0.132812 0.125000
0 0.689453 0.949219 0.097656 0.101562
0 0.402344 0.046875 0.117188 0.085938
0 0.474609 0.099609 0.105469 0.136719
0 0.351562 0.187500 0.101562 0.125000
0 0.476562 0.261719 0.117188 0.140625
0 0.539062 0.341797 0.101562 0.121094
0 0.582031 0.222656 0.078125 0.109375
0 0.279297 0.283203 0.097656 0.121094
0 0.277344 0.402344 0.109375 0.093750
0 0.392578 0.392578 0.121094 0.105469
0 0.496094 0.488281 0.125000 0.117188
0 0.365234 0.552734 0.121094 0.121094
0 0.250000 0.558594 0.078125 0.117188
0 0.244141 0.689453 0.089844 0.128906
0 0.458984 0.650391 0.113281 0.136719
0 0.455078 0.804688 0.097656 0.140625
0 0.349609 0.744141 0.097656 0.097656
0 0.244141 0.841797 0.089844 0.113281
0 0.257812 0.953125 0.093750 0.093750
0 0.365234 0.890625 0.113281 0.109375
0 0.464844 0.941406 0.085938 0.101562
0 0.148438 0.207031 0.101562 0.125000
0 0.052734 0.251953 0.097656 0.097656
0 0.080078 0.333984 0.105469 0.121094
0 0.093750 0.449219 0.125000 0.125000
0 0.107422 0.574219 0.082031 0.140625
0 0.037109 0.537109 0.058594 0.105469
0 0.027344 0.654297 0.046875 0.113281
0 0.050781 0.884766 0.093750 0.121094
0 0.044922 0.972656 0.066406 0.054688
