0 0.964844 0.281250 0.070312 0.140625
0 0.923828 0.375000 0.097656 0.132812
0 0.964844 0.431641 0.070312 0.105469
0 0.927734 0.539062 0.082031 0.148438
0 0.917969 0.695312 0.070312 0.093750
0 0.896484 0.951172 0.074219 0.097656
0 0.966797 0.791016 0.066406 0.175781
0 0.970703 0.951172 0.058594 0.097656
0 0.748047 0.279297 0.128906 0.121094
0 0.650391 0.236328 0.097656 0.105469
0 0.673828 0.400391 0.089844 0.136719
0 0.773438 0.388672 0.093750 0.136719
0 0.789062 0.480469 0.054688 0.078125
0 0.640625 0.515625 0.101562 0.101562
0 0.759766 0.548828 0.121094 0.113281
0 0.572266 0.353516 0.082031 0.097656
0 0.556641 0.580078 0.082031 0.136719
0 0.664062 0.660156 0.085938 0.179688
0 0.580078 0.722656 0.097656 0.164062
0 0.755859 0.638672 0.074219 0.097656
0 0.759766 0.732422 0.089844 0.089844
0 0.755859 0.851562 0.097656 0.132812
0 0.669922 0.833984 0.089844 0.097656
0 0.617188 0.878906 0.078125 0.093750
0 0.578125 0.957031 0.093750 0.085938
0 0.673828 0.958984 0.105469 0.082031
0 0.767578 0.957031 0.089844 0.085938
0 0.435547 0.306641 0.089844 0.121094
0 0.388672 0.238281 0.089844 0.085938
0 0.308594 0.304688 0.140625 0.109375
0 0.210938 0.382812 0.125000 0.117188
0 0.281250 0.460938 0.117188 0.101562
0 0.386719 0.419922 0.085938 0.105469
0 0.423828 0.525391 0.113281 0.113281
0 0.283203 0.546875 0.113281 0.085938
0 0.328125 0.632812 0.093750 0.085938
0 0.394531 0.685547 0.085938 0.113281
0 0.302734 0.744141 0.105469 0.144531
0 0.386719 0.806641 0.085938 0.113281
0 0.355469 0.917969 0.093750 0.117188
0 0.224609 0.861328 0.113281 0.082031
0 0.220703 0.957031 0.082031 0.085938
0 0.193359 0.591797 0.050781 0.082031
0 0.066406 0.113281 0.101562 0.156250
0 0.046875 0.638672 0.062500 0.097656
0 0.060547 0.765625 0.074219 0.101562
0 0.554688 0.064453 0.125000 0.058594
