0 0.859375 0.048828 0.101562 0.089844
0 0.958984 0.109375 0.082031 0.125000
0 0.703125 0.087891 0.101562 0.113281
0 0.601562 0.103516 0.085938 0.097656
0 0.539062 0.228516 0.093750 0.105469
0 0.544922 0.347656 0.097656 0.085938
0 0.654297 0.333984 0.105469 0.121094
0 0.689453 0.216797 0.113281 0.113281
0 0.808594 0.169922 0.109375 0.121094
0 0.863281 0.261719 0.085938 0.093750
0 0.771484 0.333984 0.105469 0.128906
0 0.925781 0.386719 0.148438 0.125000
0 0.929688 0.525391 0.125000 0.113281
0 0.947266 0.632812 0.105469 0.093750
0 0.966797 0.707031 0.066406 0.101562
0 0.941406 0.812500 0.117188 0.125000
0 0.837891 0.660156 0.105469 0.132812
0 0.673828 0.552734 0.121094 0.113281
0 0.591797 0.460938 0.089844 0.101562
0 0.720703 0.455078 0.082031 0.097656
0 0.777344 0.525391 0.101562 0.105469
0 0.666016 0.693359 0.097656 0.144531
0 0.642578 0.857422 0.074219 0.128906
0 0.671875 0.966797 0.093750 0.066406
0 0.775391 0.775391 0.097656 0.097656
0 0.734375 0.857422 0.078125 0.089844
0 0.808594 0.908203 0.125000 0.128906
0 0.421875 0.201172 0.078125 0.089844
0 0.318359 0.144531 0.082031 0.101562
0 0.394531 0.076172 0.093750 0.089844
0 0.066406 0.205078 0.109375 0.082031
0 0.173828 0.251953 0.089844 0.121094
0 0.083984 0.330078 0.113281 0.121094
0 0.185547 0.380859 0.097656 0.113281
0 0.078125 0.484375 0.117188 0.132812
0 0.042969 0.589844 0.078125 0.109375
0 0.125000 0.789062 0.093750 0.109375
0 0.027344 0.748047 0.046875 0.105469
0 0.402344 0.388672 0.101562 0.113281
0 0.421875 0.531250 0.085938 0.140625
0 0.482422 0.640625 0.082031 0.117188
0 0.376953 0.656250 0.089844 0.093750
0 0.380859 0.748047 0.089844 0.097656
0 0.302734 0.759766 0.082031 0.105469
0 0.515625 0.779297 0.070312 0.097656
0 0.441406 0.869141 0.101562 0.152344
0 0.349609 0.882812 0.113281 0.117188
0 0.517578 0.957031 0.066406 0.085938
0 0.416016 0.976562 0.128906 0.046875
