0 0.714844 0.083984 0.101562 0.128906
0 0.691406 0.279297 0.085938 0.152344
0 0.603516 0.035156 0.082031 0.062500
0 0.539062 0.167969 0.109375 0.132812
0 0.527344 0.300781 0.140625 0.093750
0 0.636719 0.402344 0.101562 0.093750
0 0.460938 0.033203 0.101562 0.058594
0 0.333984 0.148438 0.089844 0.109375
0 0.341797 0.275391 0.097656 0.089844
0 0.357422 0.365234 0.113281 0.097656
0 0.451172 0.460938 0.089844 0.078125
0 0.621094 0.533203 0.078125 0.082031
0 0.712891 0.466797 0.105469 0.082031
0 0.851562 0.507812 0.117188 0.117188
0 0.914062 0.613281 0.109375 0.093750
0 0.892578 0.742188 0.128906 0.140625
0 0.738281 0.621094 0.078125 0.101562
0 0.705078 0.789062 0.105469 0.117188
0 0.750000 0.949219 0.109375 0.093750
0 0.119141 0.146484 0.105469 0.113281
0 0.146484 0.228516 0.082031 0.082031
0 0.029297 0.099609 0.050781 0.136719
0 0.093750 0.376953 0.156250 0.121094
0 0.087891 0.556641 0.082031 0.128906
0 0.273438 0.531250 0.140625 0.117188
0 0.443359 0.591797 0.113281 0.089844
0 0.236328 0.705078 0.113281 0.128906
0 0.230469 0.921875 0.101562 0.156250
0 0.361328 0.832031 0.105469 0.125000
0 0.554688 0.796875 0.117188 0.132812
0 0.417969 0.718750 0.125000 0.164062
0 0.443359 0.964844 0.128906 0.070312
0 0.568359 0.943359 0.105469 0.113281
0 0.080078 0.728516 0.105469 0.121094
0 0.048828 0.919922 0.089844 0.160156
