0 0.927734 0.101562 0.136719 0.093750
0 0.781250 0.054688 0.093750 0.093750
0 0.792969 0.138672 0.078125 0.082031
0 0.705078 0.107422 0.097656 0.113281
0 0.619141 0.093750 0.089844 0.109375
0 0.929688 0.347656 0.140625 0.125000
0 0.826172 0.423828 0.128906 0.128906
0 0.722656 0.464844 0.117188 0.109375
0 0.623047 0.533203 0.121094 0.097656
0 0.625000 0.396484 0.101562 0.113281
0 0.800781 0.300781 0.101562 0.085938
0 0.683594 0.310547 0.101562 0.082031
0 0.968750 0.474609 0.062500 0.089844
0 0.910156 0.570312 0.117188 0.101562
0 0.802734 0.697266 0.128906 0.113281
0 0.648438 0.650391 0.117188 0.097656
0 0.951172 0.767578 0.097656 0.160156
0 0.839844 0.876953 0.093750 0.113281
0 0.666016 0.740234 0.105469 0.097656
0 0.718750 0.822266 0.109375 0.121094
0 0.927734 0.970703 0.121094 0.058594
0 0.484375 0.082031 0.078125 0.093750
0 0.388672 0.089844 0.136719 0.101562
0 0.242188 0.162109 0.132812 0.113281
0 0.406250 0.205078 0.117188 0.097656
0 0.470703 0.287109 0.089844 0.105469
0 0.347656 0.378906 0.117188 0.125000
0 0.332031 0.265625 0.117188 0.101562
0 0.224609 0.283203 0.105469 0.128906
0 0.238281 0.404297 0.109375 0.121094
0 0.476562 0.404297 0.101562 0.089844
0 0.421875 0.462891 0.078125 0.097656
0 0.328125 0.486328 0.093750 0.089844
0 0.236328 0.046875 0.105469 0.085938
0 0.054688 0.134766 0.101562 0.105469
0 0.070312 0.242188 0.101562 0.109375
0 0.093750 0.335938 0.085938 0.101562
0 0.048828 0.412109 0.089844 0.144531
0 0.099609 0.546875 0.066406 0.101562
0 0.046875 0.626953 0.070312 0.050781
0 0.279297 0.648438 0.121094 0.078125
0 0.470703 0.816406 0.105469 0.125000
0 0.363281 0.816406 0.093750 0.109375
0 0.283203 0.724609 0.089844 0.105469
0 0.349609 0.703125 0.074219 0.078125
0 0.515625 0.947266 0.093750 0.105469
0 0.423828 0.949219 0.074219 0.101562
0 0.341797 0.964844 0.074219 0.070312
0 0.123047 0.957031 0.074219 0.085938
0 0.044922 0.951172 0.074219 0.097656
0 0.253906 0.798828 0.078125 0.089844
0 0.093750 0.771484 0.078125 0.082031
