0 0.970703 0.087891 0.058594 0.097656
0 0.875000 0.113281 0.078125 0.085938
0 0.816406 0.062500 0.054688 0.078125
0 0.753906 0.119141 0.109375 0.113281
0 0.673828 0.039062 0.113281 0.070312
0 0.904297 0.384766 0.121094 0.089844
0 0.951172 0.478516 0.097656 0.105469
0 0.904297 0.613281 0.089844 0.101562
0 0.841797 0.494141 0.113281 0.121094
0 0.755859 0.398438 0.097656 0.132812
0 0.693359 0.287109 0.097656 0.105469
0 0.621094 0.449219 0.093750 0.164062
0 0.791016 0.648438 0.105469 0.117188
0 0.701172 0.556641 0.105469 0.121094
0 0.888672 0.750000 0.105469 0.125000
0 0.796875 0.845703 0.109375 0.097656
0 0.808594 0.927734 0.117188 0.089844
0 0.679688 0.722656 0.125000 0.101562
0 0.666016 0.830078 0.089844 0.097656
0 0.658203 0.947266 0.089844 0.089844
0 0.544922 0.660156 0.097656 0.101562
0 0.486328 0.761719 0.074219 0.085938
0 0.537109 0.839844 0.105469 0.125000
0 0.552734 0.951172 0.097656 0.082031
0 0.457031 0.957031 0.078125 0.085938
0 0.324219 0.064453 0.109375 0.089844
0 0.289062 0.146484 0.117188 0.113281
0 0.513672 0.095703 0.105469 0.128906
0 0.464844 0.228516 0.085938 0.089844
0 0.486328 0.300781 0.089844 0.085938
0 0.365234 0.277344 0.089844 0.078125
0 0.400391 0.343750 0.082031 0.085938
0 0.281250 0.359375 0.093750 0.101562
0 0.263672 0.468750 0.105469 0.109375
0 0.398438 0.490234 0.117188 0.136719
0 0.392578 0.613281 0.089844 0.078125
0 0.105469 0.046875 0.093750 0.085938
0 0.035156 0.171875 0.062500 0.117188
0 0.062500 0.281250 0.062500 0.093750
0 0.105469 0.363281 0.093750 0.085938
0 0.074219 0.496094 0.078125 0.109375
0 0.072266 0.708984 0.097656 0.105469
0 0.132812 0.830078 0.109375 0.121094
0 0.207031 0.916016 0.101562 0.136719
0 0.294922 0.916016 0.058594 0.089844
0 0.070312 0.955078 0.132812 0.089844
