0 0.837891 0.613281 0.152344 0.140625
0 0.968750 0.681641 0.062500 0.121094
0 0.880859 0.806641 0.097656 0.152344
0 0.710938 0.759766 0.101562 0.144531
0 0.683594 0.568359 0.101562 0.121094
0 0.708984 0.419922 0.097656 0.105469
0 0.615234 0.441406 0.066406 0.085938
0 0.574219 0.554688 0.093750 0.101562
0 0.585938 0.664062 0.093750 0.117188
0 0.617188 0.914062 0.093750 0.140625
0 0.511719 0.953125 0.101562 0.093750
0 0.414062 0.937500 0.093750 0.109375
0 0.505859 0.806641 0.113281 0.152344
0 0.931641 0.958984 0.082031 0.082031
0 0.806641 0.908203 0.097656 0.089844
0 0.744141 0.960938 0.097656 0.078125
0 0.562500 0.068359 0.109375 0.121094
0 0.449219 0.031250 0.132812 0.054688
0 0.468750 0.140625 0.093750 0.101562
0 0.437500 0.251953 0.109375 0.113281
0 0.316406 0.044922 0.093750 0.074219
0 0.304688 0.123047 0.109375 0.082031
0 0.531250 0.304688 0.101562 0.109375
0 0.464844 0.398438 0.109375 0.125000
0 0.353516 0.361328 0.097656 0.105469
0 0.310547 0.236328 0.105469 0.105469
0 0.169922 0.111328 0.097656 0.113281
0 0.183594 0.285156 0.125000 0.085938
0 0.130859 0.386719 0.097656 0.148438
0 0.269531 0.443359 0.109375 0.160156
0 0.363281 0.503906 0.093750 0.101562
0 0.201172 0.513672 0.105469 0.160156
0 0.287109 0.607422 0.097656 0.105469
0 0.253906 0.761719 0.109375 0.140625
0 0.154297 0.792969 0.089844 0.132812
0 0.093750 0.888672 0.101562 0.152344
0 0.164062 0.947266 0.085938 0.082031
0 0.261719 0.933594 0.101562 0.117188
0 0.886719 0.246094 0.085938 0.093750
0 0.904297 0.031250 0.128906 0.054688
