0 0.228516 0.209961 0.117188 0.138672
0 0.302734 0.282227 0.105469 0.072266
0 0.214844 0.342773 0.105469 0.091797
0 0.412109 0.247070 0.105469 0.091797
0 0.449219 0.335938 0.132812 0.121094
0 0.276367 0.096680 0.130859 0.091797
0 0.446289 0.110352 0.142578 0.158203
0 0.643555 0.061523 0.068359 0.064453
0 0.688477 0.122070 0.107422 0.072266
0 0.801758 0.114258 0.123047 0.103516
0 0.666992 0.281250 0.126953 0.105469
0 0.778320 0.269531 0.072266 0.078125
0 0.876953 0.235352 0.113281 0.115234
0 0.979492 0.178711 0.041016 0.087891
0 0.097656 0.096680 0.105469 0.119141
0 0.021484 0.141602 0.039062 0.080078
0 0.065430 0.728516 0.095703 0.097656
0 0.207031 0.739258 0.097656 0.099609
0 0.341797 0.769531 0.109375 0.101562
0 0.478516 0.793945 0.128906 0.115234
0 0.131836 0.802734 0.099609 0.105469
0 0.101562 0.904297 0.085938 0.109375
0 0.034180 0.934570 0.060547 0.111328
0 0.453125 0.968750 0.113281 0.062500
0 0.600586 0.955078 0.095703 0.089844
0 0.737305 0.965820 0.119141 0.068359
0 0.894531 0.912109 0.058594 0.074219
0 0.951172 0.931641 0.054688 0.078125
0 0.839844 0.690430 0.089844 0.068359
0 0.867188 0.759766 0.054688 0.109375
0 0.921875 0.769531 0.050781 0.101562
0 0.750000 0.713867 0.105469 0.083984
