0 0.054688 0.677734 0.105469 0.132812
0 0.111328 0.591797 0.101562 0.105469
0 0.227539 0.553711 0.111328 0.095703
0 0.335938 0.573242 0.121094 0.091797
0 0.389648 0.635742 0.111328 0.126953
0 0.258789 0.664062 0.158203 0.117188
0 0.349609 0.505859 0.070312 0.066406
0 0.189453 0.771484 0.152344 0.148438
0 0.251953 0.841797 0.085938 0.082031
0 0.154297 0.894531 0.093750 0.082031
0 0.061523 0.877930 0.076172 0.072266
0 0.750000 0.835938 0.097656 0.109375
0 0.827148 0.779297 0.064453 0.062500
0 0.825195 0.872070 0.056641 0.060547
0 0.591797 0.649414 0.093750 0.095703
0 0.683594 0.722656 0.074219 0.078125
0 0.795898 0.561523 0.087891 0.087891
0 0.793945 0.693359 0.103516 0.097656
0 0.730469 0.617188 0.125000 0.105469
0 0.627930 0.525391 0.138672 0.113281
