0 0.047852 0.915039 0.083984 0.107422
0 0.127930 0.958984 0.095703 0.082031
0 0.209961 0.919922 0.107422 0.093750
0 0.304688 0.944336 0.109375 0.111328
0 0.452148 0.845703 0.099609 0.105469
0 0.383789 0.712891 0.115234 0.117188
0 0.248047 0.728516 0.152344 0.109375
0 0.416992 0.543945 0.123047 0.103516
0 0.571289 0.448242 0.099609 0.107422
0 0.485352 0.391602 0.103516 0.115234
0 0.399414 0.345703 0.107422 0.113281
0 0.420898 0.194336 0.107422 0.126953
0 0.520508 0.249023 0.142578 0.162109
0 0.525391 0.121094 0.109375 0.101562
0 0.652344 0.234375 0.062500 0.046875
0 0.772461 0.253906 0.107422 0.117188
0 0.926758 0.376953 0.103516 0.101562
0 0.982422 0.461914 0.035156 0.138672
0 0.902344 0.571289 0.105469 0.115234
0 0.784180 0.503906 0.146484 0.128906
0 0.788086 0.597656 0.115234 0.101562
0 0.959961 0.966797 0.080078 0.066406
0 0.915039 0.867188 0.076172 0.128906
0 0.971680 0.865234 0.056641 0.082031
