0 0.119141 0.159180 0.101562 0.080078
0 0.058594 0.253906 0.109375 0.105469
0 0.306641 0.188477 0.144531 0.103516
0 0.486328 0.044922 0.101562 0.078125
0 0.436523 0.166016 0.083984 0.085938
0 0.486328 0.253906 0.093750 0.101562
0 0.826172 0.055664 0.128906 0.072266
0 0.951172 0.045898 0.093750 0.072266
0 0.970703 0.149414 0.058594 0.083984
0 0.873047 0.233398 0.093750 0.091797
0 0.791992 0.230469 0.099609 0.097656
0 0.815430 0.326172 0.095703 0.113281
0 0.732422 0.363281 0.097656 0.113281
0 0.820312 0.434570 0.105469 0.115234
0 0.917969 0.361328 0.089844 0.097656
0 0.957031 0.445312 0.085938 0.117188
0 0.971680 0.541992 0.056641 0.076172
0 0.868164 0.748047 0.099609 0.097656
0 0.775391 0.807617 0.140625 0.103516
0 0.748047 0.697266 0.105469 0.093750
0 0.927734 0.923828 0.097656 0.085938
0 0.799805 0.912109 0.115234 0.097656
0 0.704102 0.879883 0.083984 0.095703
0 0.461914 0.948242 0.099609 0.095703
0 0.547852 0.901367 0.080078 0.146484
0 0.389648 0.866211 0.099609 0.103516
0 0.063477 0.745117 0.103516 0.099609
0 0.121094 0.636719 0.089844 0.082031
0 0.183594 0.699219 0.093750 0.085938
0 0.275391 0.758789 0.097656 0.083984
0 0.377930 0.753906 0.091797 0.097656
0 0.481445 0.702148 0.095703 0.083984
0 0.479492 0.765625 0.107422 0.058594
0 0.559570 0.707031 0.072266 0.078125
0 0.605469 0.637695 0.089844 0.091797
0 0.653320 0.496094 0.083984 0.097656
0 0.613281 0.384766 0.105469 0.132812
0 0.416992 0.644531 0.107422 0.093750
0 0.564453 0.422852 0.093750 0.099609
