0 0.692383 0.088867 0.193359 0.173828
0 0.922852 0.132812 0.154297 0.195312
0 0.856445 0.297852 0.185547 0.232422
0 0.968750 0.322266 0.062500 0.195312
0 0.938477 0.727539 0.123047 0.216797
0 0.875000 0.918945 0.222656 0.162109
0 0.702148 0.876953 0.154297 0.222656
0 0.794922 0.742188 0.207031 0.199219
0 0.845703 0.597656 0.183594 0.156250
0 0.479492 0.083984 0.201172 0.144531
0 0.335938 0.146484 0.132812 0.203125
0 0.441406 0.224609 0.179688 0.132812
0 0.607422 0.222656 0.140625 0.140625
0 0.504883 0.383789 0.181641 0.166016
0 0.618164 0.507812 0.123047 0.136719
0 0.315430 0.414062 0.189453 0.218750
0 0.529297 0.614258 0.218750 0.220703
0 0.083008 0.437500 0.158203 0.222656
0 0.064453 0.833008 0.125000 0.212891
0 0.240234 0.721680 0.242188 0.142578
0 0.220703 0.880859 0.250000 0.234375
0 0.431641 0.879883 0.167969 0.232422
