0 0.925781 0.208008 0.148438 0.259766
0 0.720703 0.197266 0.222656 0.152344
0 0.622070 0.361328 0.150391 0.253906
0 0.672852 0.588867 0.154297 0.201172
0 0.832031 0.365234 0.191406 0.195312
0 0.836914 0.590820 0.181641 0.220703
0 0.472656 0.096680 0.175781 0.146484
0 0.332031 0.064453 0.109375 0.121094
0 0.234375 0.083008 0.117188 0.146484
0 0.375977 0.195312 0.126953 0.125000
0 0.267578 0.220703 0.093750 0.148438
0 0.328125 0.299805 0.105469 0.107422
0 0.457031 0.316406 0.128906 0.121094
0 0.460938 0.422852 0.101562 0.107422
0 0.359375 0.408203 0.113281 0.160156
0 0.297852 0.771484 0.224609 0.156250
0 0.375977 0.908203 0.205078 0.183594
0 0.453125 0.656250 0.191406 0.203125
0 0.561523 0.817383 0.185547 0.169922
0 0.875000 0.795898 0.183594 0.166016
0 0.928711 0.920898 0.142578 0.158203
0 0.759766 0.939453 0.167969 0.121094
0 0.285156 0.615234 0.156250 0.183594
0 0.120117 0.633789 0.162109 0.154297
