0 0.177734 0.238281 0.152344 0.164062
0 0.149414 0.421875 0.169922 0.167969
0 0.160156 0.588867 0.203125 0.189453
0 0.033203 0.557617 0.062500 0.251953
0 0.060547 0.769531 0.117188 0.164062
0 0.146484 0.937500 0.132812 0.117188
0 0.339844 0.732422 0.191406 0.207031
0 0.479492 0.908203 0.228516 0.175781
0 0.652344 0.949219 0.164062 0.101562
0 0.528320 0.728516 0.177734 0.191406
0 0.701172 0.767578 0.152344 0.171875
0 0.804688 0.917969 0.136719 0.164062
0 0.312500 0.375000 0.164062 0.292969
0 0.469727 0.565430 0.212891 0.169922
0 0.305664 0.136719 0.115234 0.140625
0 0.466797 0.269531 0.191406 0.207031
0 0.669922 0.087891 0.156250 0.167969
0 0.674805 0.259766 0.173828 0.207031
0 0.481445 0.084961 0.189453 0.162109
0 0.956055 0.507812 0.087891 0.203125
0 0.869141 0.316406 0.246094 0.253906
0 0.858398 0.564453 0.166016 0.136719
