0 0.066406 0.072266 0.121094 0.136719
0 0.249023 0.114258 0.216797 0.220703
0 0.088867 0.301758 0.173828 0.169922
0 0.047852 0.496094 0.091797 0.203125
0 0.199219 0.505859 0.156250 0.148438
0 0.160156 0.654297 0.179688 0.183594
0 0.226562 0.347656 0.121094 0.152344
0 0.378906 0.486328 0.214844 0.171875
0 0.369141 0.637695 0.226562 0.173828
0 0.437500 0.123047 0.128906 0.210938
0 0.563477 0.083008 0.126953 0.154297
0 0.827148 0.045898 0.318359 0.083984
0 0.959961 0.156250 0.080078 0.113281
0 0.837891 0.250977 0.222656 0.173828
0 0.628906 0.286133 0.183594 0.181641
0 0.548828 0.453125 0.140625 0.132812
0 0.720703 0.443359 0.183594 0.164062
0 0.898438 0.413086 0.160156 0.150391
0 0.783203 0.748047 0.160156 0.160156
0 0.632812 0.829102 0.164062 0.205078
0 0.411133 0.891602 0.255859 0.201172
0 0.188477 0.876953 0.173828 0.230469
