0 0.062500 0.102539 0.113281 0.142578
0 0.158203 0.148438 0.097656 0.195312
0 0.077148 0.285156 0.068359 0.085938
0 0.209961 0.275391 0.119141 0.167969
0 0.149414 0.425781 0.083984 0.175781
0 0.279297 0.456055 0.152344 0.193359
0 0.296875 0.166016 0.121094 0.105469
0 0.458008 0.357422 0.181641 0.167969
0 0.537109 0.245117 0.144531 0.158203
0 0.648438 0.452148 0.109375 0.251953
0 0.578125 0.526367 0.101562 0.228516
0 0.458008 0.057617 0.146484 0.107422
0 0.795898 0.039062 0.361328 0.074219
0 0.857422 0.161133 0.152344 0.154297
0 0.962891 0.112305 0.074219 0.119141
0 0.703125 0.255859 0.183594 0.199219
0 0.923828 0.326172 0.078125 0.101562
0 0.229492 0.595703 0.158203 0.152344
0 0.220703 0.762695 0.105469 0.134766
0 0.182617 0.918945 0.142578 0.138672
0 0.032227 0.770508 0.060547 0.146484
0 0.062500 0.956055 0.109375 0.087891
0 0.071289 0.609375 0.134766 0.132812
0 0.340820 0.677734 0.123047 0.097656
0 0.422852 0.896484 0.103516 0.113281
0 0.583008 0.927734 0.123047 0.121094
0 0.511719 0.799805 0.257812 0.072266
0 0.670898 0.843750 0.107422 0.082031
0 0.707031 0.919922 0.105469 0.078125
0 0.927734 0.947266 0.144531 0.105469
0 0.821289 0.690430 0.177734 0.150391
0 0.944336 0.597656 0.111328 0.101562
0 0.793945 0.578125 0.123047 0.113281
0 0.817383 0.805664 0.150391 0.095703
