0 0.926758 0.042969 0.146484 0.082031
0 0.961914 0.142578 0.076172 0.125000
0 0.931641 0.441406 0.136719 0.140625
0 0.771484 0.402344 0.175781 0.191406
0 0.500000 0.122070 0.140625 0.224609
0 0.609375 0.302734 0.156250 0.144531
0 0.181641 0.286133 0.171875 0.181641
0 0.090820 0.475586 0.173828 0.130859
0 0.247070 0.567383 0.158203 0.134766
0 0.413086 0.562500 0.173828 0.144531
0 0.582031 0.609375 0.140625 0.152344
0 0.701172 0.709961 0.085938 0.181641
0 0.665039 0.878906 0.130859 0.128906
0 0.519531 0.960938 0.179688 0.078125
0 0.217773 0.716797 0.138672 0.140625
0 0.375000 0.692383 0.136719 0.142578
0 0.234375 0.929688 0.167969 0.132812
0 0.112305 0.964844 0.115234 0.070312
0 0.037109 0.894531 0.070312 0.148438
0 0.082031 0.666992 0.121094 0.208984
0 0.078125 0.822266 0.101562 0.089844
0 0.769531 0.948242 0.167969 0.095703
0 0.932617 0.961914 0.134766 0.076172
0 0.854492 0.878906 0.146484 0.117188
0 0.964844 0.563477 0.070312 0.091797
0 0.843750 0.553711 0.156250 0.126953
0 0.760742 0.641602 0.080078 0.146484
0 0.688477 0.153320 0.169922 0.142578
0 0.158203 0.114258 0.132812 0.138672
