0 0.143555 0.075195 0.181641 0.146484
0 0.021484 0.142578 0.039062 0.109375
0 0.049805 0.283203 0.083984 0.167969
0 0.192383 0.237305 0.185547 0.123047
0 0.173828 0.333984 0.101562 0.132812
0 0.116211 0.419922 0.087891 0.062500
0 0.307617 0.367188 0.158203 0.136719
0 0.431641 0.245117 0.148438 0.126953
0 0.494141 0.369141 0.183594 0.132812
0 0.608398 0.227539 0.130859 0.181641
0 0.508789 0.086914 0.193359 0.134766
0 0.319336 0.038086 0.142578 0.072266
0 0.708984 0.045898 0.164062 0.068359
0 0.846680 0.146484 0.107422 0.203125
0 0.950195 0.028320 0.099609 0.052734
0 0.956055 0.153320 0.068359 0.142578
0 0.656250 0.401367 0.152344 0.119141
0 0.798828 0.430664 0.105469 0.150391
0 0.871094 0.373047 0.082031 0.101562
0 0.946289 0.516602 0.107422 0.150391
0 0.975586 0.670898 0.048828 0.142578
0 0.877930 0.731445 0.173828 0.103516
0 0.950195 0.827148 0.099609 0.130859
0 0.860352 0.909180 0.115234 0.181641
0 0.695312 0.558594 0.171875 0.164062
0 0.534180 0.525391 0.123047 0.164062
0 0.287109 0.525391 0.234375 0.167969
0 0.107422 0.531250 0.125000 0.152344
0 0.032227 0.571289 0.060547 0.115234
0 0.053711 0.772461 0.087891 0.220703
0 0.168945 0.836914 0.138672 0.189453
0 0.162109 0.670898 0.140625 0.150391
0 0.320312 0.715820 0.121094 0.150391
0 0.403320 0.846680 0.173828 0.123047
0 0.451172 0.666016 0.121094 0.226562
0 0.632812 0.702148 0.164062 0.150391
0 0.615234 0.945312 0.101562 0.082031
0 0.483398 0.955078 0.150391 0.089844
0 0.339844 0.963867 0.125000 0.072266
