0 0.872070 0.037109 0.091797 0.070312
0 0.969727 0.054688 0.060547 0.097656
0 0.895508 0.107422 0.091797 0.089844
0 0.974609 0.166016 0.050781 0.085938
0 0.597656 0.163086 0.105469 0.123047
0 0.309570 0.092773 0.080078 0.107422
0 0.180664 0.225586 0.107422 0.107422
0 0.065430 0.240234 0.115234 0.117188
0 0.330078 0.281250 0.070312 0.113281
0 0.412109 0.300781 0.093750 0.089844
0 0.538086 0.301758 0.126953 0.111328
0 0.593750 0.379883 0.078125 0.091797
0 0.389648 0.387695 0.099609 0.095703
0 0.567383 0.487305 0.083984 0.123047
0 0.467773 0.458984 0.064453 0.082031
0 0.660156 0.485352 0.093750 0.111328
0 0.713867 0.332031 0.091797 0.113281
0 0.827148 0.320312 0.087891 0.105469
0 0.796875 0.427734 0.117188 0.105469
0 0.735352 0.555664 0.095703 0.107422
0 0.625977 0.595703 0.099609 0.105469
0 0.048828 0.712891 0.089844 0.117188
0 0.172852 0.809570 0.099609 0.138672
0 0.242188 0.910156 0.089844 0.109375
0 0.325195 0.785156 0.099609 0.101562
0 0.349609 0.889648 0.109375 0.099609
0 0.309570 0.964844 0.107422 0.070312
0 0.415039 0.960938 0.087891 0.078125
0 0.458984 0.861328 0.085938 0.117188
0 0.863281 0.971680 0.082031 0.056641
0 0.836914 0.651367 0.107422 0.087891
0 0.896484 0.568359 0.074219 0.105469
0 0.813477 0.748047 0.083984 0.089844
