0 0.821289 0.032227 0.095703 0.060547
0 0.895508 0.088867 0.076172 0.087891
0 0.795898 0.119141 0.126953 0.121094
0 0.814453 0.213867 0.136719 0.103516
0 0.892578 0.285156 0.109375 0.121094
0 0.687500 0.268555 0.136719 0.115234
0 0.738281 0.369141 0.148438 0.128906
0 0.575195 0.052734 0.083984 0.085938
0 0.466797 0.078125 0.101562 0.125000
0 0.367188 0.036133 0.085938 0.068359
0 0.051758 0.517578 0.095703 0.105469
0 0.165039 0.515625 0.087891 0.113281
0 0.277344 0.460938 0.066406 0.074219
0 0.194336 0.625000 0.083984 0.085938
0 0.273438 0.591797 0.109375 0.140625
0 0.379883 0.618164 0.083984 0.115234
0 0.442383 0.679688 0.083984 0.097656
0 0.329102 0.698242 0.087891 0.087891
0 0.247070 0.709961 0.091797 0.091797
0 0.267578 0.798828 0.085938 0.085938
0 0.363281 0.780273 0.078125 0.099609
0 0.431641 0.822266 0.074219 0.089844
0 0.264648 0.924805 0.076172 0.123047
0 0.353516 0.945312 0.082031 0.089844
0 0.179688 0.797852 0.078125 0.107422
0 0.163086 0.917969 0.087891 0.089844
0 0.618164 0.705078 0.103516 0.109375
0 0.675781 0.799805 0.082031 0.095703
0 0.627930 0.974609 0.083984 0.050781
0 0.558594 0.529297 0.078125 0.082031
0 0.885742 0.515625 0.087891 0.125000
0 0.823242 0.539062 0.083984 0.113281
0 0.950195 0.616211 0.099609 0.119141
0 0.920898 0.708008 0.095703 0.099609
0 0.965820 0.752930 0.068359 0.076172
0 0.783203 0.826172 0.125000 0.128906
0 0.829102 0.729492 0.103516 0.091797
0 0.856445 0.631836 0.080078 0.123047
0 0.779297 0.621094 0.070312 0.078125
0 0.711914 0.689453 0.072266 0.074219
0 0.689453 0.602539 0.089844 0.083984
