0 0.865234 0.041016 0.109375 0.074219
0 0.965820 0.074219 0.068359 0.078125
0 0.936523 0.372070 0.087891 0.080078
0 0.970703 0.453125 0.058594 0.082031
0 0.962891 0.543945 0.074219 0.087891
0 0.893555 0.612305 0.099609 0.091797
0 0.840820 0.708008 0.107422 0.115234
0 0.792969 0.623047 0.109375 0.093750
0 0.959961 0.931641 0.080078 0.093750
0 0.877930 0.969727 0.111328 0.060547
0 0.772461 0.974609 0.083984 0.050781
0 0.714844 0.856445 0.125000 0.087891
0 0.663086 0.731445 0.111328 0.076172
0 0.548828 0.805664 0.136719 0.134766
0 0.415039 0.804688 0.130859 0.113281
0 0.382812 0.665039 0.121094 0.119141
0 0.260742 0.758789 0.087891 0.083984
0 0.502930 0.415039 0.111328 0.095703
0 0.611328 0.397461 0.101562 0.091797
0 0.573242 0.484375 0.107422 0.062500
0 0.598633 0.625000 0.123047 0.121094
0 0.852539 0.152344 0.064453 0.078125
0 0.567383 0.041992 0.099609 0.080078
0 0.482422 0.100586 0.074219 0.091797
0 0.396484 0.137695 0.082031 0.099609
0 0.306641 0.139648 0.105469 0.111328
0 0.306641 0.025391 0.062500 0.046875
0 0.407227 0.024414 0.072266 0.041016
0 0.374023 0.237305 0.091797 0.103516
0 0.398438 0.333984 0.125000 0.101562
0 0.473633 0.215820 0.087891 0.115234
0 0.581055 0.186523 0.099609 0.099609
0 0.560547 0.291016 0.109375 0.105469
0 0.212891 0.627930 0.132812 0.091797
0 0.728516 0.925781 0.078125 0.062500
