0 0.956055 0.954102 0.087891 0.091797
0 0.871094 0.882812 0.109375 0.132812
0 0.763672 0.848633 0.085938 0.072266
0 0.666992 0.898438 0.091797 0.058594
0 0.550781 0.848633 0.074219 0.072266
0 0.455078 0.799805 0.078125 0.087891
0 0.404297 0.673828 0.074219 0.117188
0 0.541016 0.429688 0.097656 0.105469
0 0.636719 0.350586 0.117188 0.130859
0 0.860352 0.377930 0.087891 0.103516
0 0.960938 0.463867 0.078125 0.099609
0 0.721680 0.225586 0.103516 0.111328
0 0.830078 0.058594 0.089844 0.097656
0 0.738281 0.111328 0.089844 0.101562
0 0.668945 0.071289 0.099609 0.076172
0 0.634766 0.028320 0.101562 0.052734
0 0.530273 0.045898 0.099609 0.087891
0 0.592773 0.116211 0.083984 0.072266
0 0.603516 0.213867 0.089844 0.087891
0 0.518555 0.243164 0.107422 0.130859
0 0.417969 0.327148 0.093750 0.099609
0 0.479492 0.133789 0.076172 0.087891
0 0.404297 0.189453 0.097656 0.125000
0 0.310547 0.149414 0.085938 0.099609
0 0.281250 0.036133 0.085938 0.068359
0 0.223633 0.197266 0.072266 0.144531
0 0.309570 0.290039 0.083984 0.111328
0 0.427734 0.896484 0.109375 0.109375
0 0.344727 0.903320 0.076172 0.068359
0 0.292969 0.955078 0.097656 0.089844
0 0.196289 0.965820 0.087891 0.068359
0 0.222656 0.876953 0.144531 0.121094
0 0.277344 0.688477 0.074219 0.119141
0 0.367188 0.541992 0.105469 0.103516
0 0.266602 0.584961 0.095703 0.087891
0 0.295898 0.485352 0.080078 0.083984
0 0.226562 0.421875 0.078125 0.085938
0 0.203125 0.508789 0.078125 0.107422
0 0.198242 0.622070 0.076172 0.091797
0 0.212891 0.696289 0.062500 0.072266
0 0.143555 0.419922 0.087891 0.097656
0 0.150391 0.552734 0.082031 0.093750
0 0.070312 0.571289 0.074219 0.080078
0 0.085938 0.486328 0.066406 0.074219
0 0.063477 0.406250 0.068359 0.078125
0 0.018555 0.384766 0.033203 0.074219
0 0.025391 0.459961 0.046875 0.072266
0 0.016602 0.541992 0.029297 0.087891
0 0.201172 0.034180 0.089844 0.064453
