0 0.890625 0.061523 0.105469 0.107422
0 0.878906 0.235352 0.121094 0.115234
0 0.968750 0.348633 0.062500 0.099609
0 0.880859 0.367188 0.113281 0.113281
0 0.773438 0.296875 0.113281 0.109375
0 0.662109 0.121094 0.089844 0.109375
0 0.516602 0.059570 0.134766 0.115234
0 0.534180 0.163086 0.130859 0.111328
0 0.344727 0.071289 0.115234 0.111328
0 0.409180 0.224609 0.111328 0.125000
0 0.235352 0.157227 0.111328 0.115234
0 0.155273 0.085938 0.111328 0.105469
0 0.027344 0.060547 0.050781 0.093750
0 0.057617 0.169922 0.095703 0.121094
0 0.060547 0.299805 0.093750 0.111328
0 0.146484 0.288086 0.089844 0.095703
0 0.212891 0.386719 0.082031 0.101562
0 0.132812 0.390625 0.097656 0.105469
0 0.040039 0.422852 0.068359 0.091797
0 0.139648 0.651367 0.080078 0.107422
0 0.230469 0.689453 0.085938 0.093750
0 0.262695 0.570312 0.126953 0.113281
0 0.381836 0.583984 0.083984 0.082031
0 0.372070 0.685547 0.119141 0.097656
0 0.473633 0.583984 0.087891 0.101562
0 0.477539 0.432617 0.072266 0.064453
0 0.560547 0.501953 0.097656 0.117188
0 0.683594 0.343750 0.078125 0.113281
0 0.193359 0.806641 0.093750 0.093750
0 0.150391 0.881836 0.093750 0.072266
0 0.291016 0.763672 0.089844 0.078125
0 0.397461 0.783203 0.083984 0.097656
0 0.481445 0.691406 0.080078 0.074219
0 0.579102 0.629883 0.099609 0.103516
0 0.649414 0.478516 0.087891 0.082031
0 0.816406 0.632812 0.066406 0.089844
0 0.857422 0.729492 0.105469 0.087891
0 0.907227 0.934570 0.103516 0.091797
0 0.733398 0.973633 0.099609 0.052734
0 0.633789 0.966797 0.095703 0.066406
0 0.526367 0.926758 0.111328 0.068359
