0 0.965820 0.033203 0.068359 0.062500
0 0.952148 0.107422 0.083984 0.093750
0 0.640625 0.137695 0.089844 0.087891
0 0.765625 0.173828 0.117188 0.105469
0 0.666992 0.247070 0.091797 0.091797
0 0.561523 0.268555 0.095703 0.107422
0 0.694336 0.324219 0.095703 0.093750
0 0.614258 0.383789 0.087891 0.091797
0 0.677734 0.487305 0.121094 0.123047
0 0.507812 0.387695 0.113281 0.115234
0 0.400391 0.333984 0.101562 0.093750
0 0.385742 0.427734 0.095703 0.105469
0 0.466797 0.526367 0.148438 0.091797
0 0.482422 0.075195 0.074219 0.087891
0 0.217773 0.355469 0.107422 0.078125
0 0.360352 0.618164 0.111328 0.080078
0 0.295898 0.708984 0.095703 0.109375
0 0.105469 0.167969 0.125000 0.113281
