0 0.087891 0.040039 0.113281 0.068359
0 0.259766 0.100586 0.097656 0.103516
0 0.397461 0.029297 0.064453 0.050781
0 0.368164 0.110352 0.115234 0.103516
0 0.465820 0.114258 0.091797 0.099609
0 0.566406 0.148438 0.093750 0.097656
0 0.504883 0.202148 0.091797 0.095703
0 0.414062 0.209961 0.101562 0.103516
0 0.298828 0.207031 0.117188 0.113281
0 0.188477 0.184570 0.111328 0.099609
0 0.223633 0.276367 0.103516 0.083984
0 0.126953 0.327148 0.125000 0.107422
0 0.292969 0.342773 0.085938 0.099609
0 0.348633 0.288086 0.091797 0.083984
0 0.374023 0.351562 0.091797 0.078125
0 0.454102 0.292969 0.095703 0.097656
0 0.539062 0.333008 0.093750 0.080078
0 0.628906 0.266602 0.097656 0.119141
0 0.705078 0.179688 0.136719 0.113281
0 0.812500 0.256836 0.121094 0.095703
0 0.965820 0.130859 0.068359 0.089844
0 0.963867 0.392578 0.072266 0.105469
0 0.849609 0.501953 0.097656 0.089844
0 0.791992 0.413086 0.091797 0.103516
0 0.233398 0.468750 0.111328 0.109375
0 0.352539 0.462891 0.107422 0.109375
0 0.462891 0.479492 0.082031 0.080078
0 0.531250 0.536133 0.078125 0.068359
0 0.569336 0.616211 0.115234 0.107422
0 0.498047 0.692383 0.105469 0.099609
0 0.438477 0.588867 0.115234 0.119141
0 0.312500 0.581055 0.113281 0.107422
0 0.347656 0.688477 0.085938 0.095703
0 0.251953 0.679688 0.093750 0.105469
0 0.754883 0.791016 0.123047 0.109375
0 0.971680 0.859375 0.056641 0.082031
0 0.788086 0.907227 0.103516 0.099609
0 0.880859 0.969727 0.093750 0.060547
0 0.756836 0.975586 0.083984 0.048828
0 0.698242 0.868164 0.087891 0.115234
0 0.612305 0.817383 0.099609 0.080078
0 0.173828 0.884766 0.085938 0.066406
0 0.108398 0.907227 0.107422 0.072266
0 0.273438 0.950195 0.125000 0.072266
0 0.170898 0.957031 0.103516 0.058594
