0 0.964844 0.089844 0.070312 0.101562
0 0.975586 0.181641 0.048828 0.078125
0 0.733398 0.036133 0.095703 0.068359
0 0.747070 0.115234 0.080078 0.085938
0 0.821289 0.194336 0.083984 0.091797
0 0.872070 0.243164 0.103516 0.087891
0 0.742188 0.197266 0.074219 0.089844
0 0.573242 0.030273 0.099609 0.056641
0 0.399414 0.182617 0.091797 0.087891
0 0.488281 0.221680 0.074219 0.099609
0 0.388672 0.275391 0.062500 0.058594
0 0.685547 0.622070 0.085938 0.091797
0 0.020508 0.123047 0.037109 0.089844
0 0.084961 0.146484 0.099609 0.148438
0 0.038086 0.229492 0.064453 0.107422
0 0.020508 0.389648 0.033203 0.087891
0 0.071289 0.379883 0.080078 0.123047
0 0.196289 0.228516 0.091797 0.085938
0 0.225586 0.320312 0.087891 0.089844
0 0.171875 0.600586 0.101562 0.099609
0 0.290039 0.585938 0.072266 0.117188
0 0.365234 0.616211 0.082031 0.087891
0 0.491211 0.609375 0.103516 0.089844
0 0.584961 0.672852 0.087891 0.087891
0 0.685547 0.745117 0.113281 0.115234
0 0.766602 0.861328 0.099609 0.097656
0 0.657227 0.876953 0.099609 0.089844
0 0.581055 0.784180 0.087891 0.095703
0 0.476562 0.719727 0.121094 0.087891
0 0.469727 0.824219 0.115234 0.089844
0 0.561523 0.904297 0.103516 0.082031
0 0.632812 0.963867 0.109375 0.060547
0 0.319336 0.931641 0.123047 0.105469
0 0.225586 0.879883 0.107422 0.080078
0 0.218750 0.962891 0.097656 0.066406
0 0.136719 0.929688 0.078125 0.082031
0 0.063477 0.972656 0.087891 0.054688
0 0.019531 0.856445 0.035156 0.087891
0 0.068359 0.834961 0.074219 0.064453
0 0.171875 0.805664 0.109375 0.076172
