0 0.059570 0.094727 0.115234 0.115234
0 0.248047 0.109375 0.085938 0.101562
0 0.197266 0.265625 0.082031 0.074219
0 0.157227 0.182617 0.068359 0.080078
0 0.083984 0.275391 0.093750 0.097656
0 0.072266 0.466797 0.085938 0.082031
0 0.036133 0.535156 0.068359 0.085938
0 0.833984 0.076172 0.062500 0.074219
0 0.907227 0.410156 0.099609 0.109375
0 0.981445 0.440430 0.037109 0.080078
0 0.958984 0.517578 0.082031 0.101562
0 0.922852 0.605469 0.099609 0.097656
0 0.971680 0.945312 0.056641 0.093750
0 0.894531 0.964844 0.082031 0.062500
0 0.786133 0.772461 0.107422 0.119141
0 0.769531 0.522461 0.105469 0.111328
0 0.770508 0.638672 0.091797 0.093750
0 0.678711 0.604492 0.107422 0.087891
0 0.601562 0.645508 0.097656 0.111328
0 0.778320 0.375000 0.103516 0.097656
0 0.702148 0.327148 0.087891 0.080078
0 0.610352 0.423828 0.111328 0.117188
0 0.473633 0.603516 0.107422 0.105469
0 0.399414 0.704102 0.107422 0.111328
0 0.310547 0.757812 0.082031 0.101562
0 0.220703 0.718750 0.097656 0.085938
0 0.145508 0.668945 0.103516 0.080078
0 0.186523 0.582031 0.095703 0.085938
0 0.287109 0.574219 0.097656 0.082031
0 0.265625 0.648438 0.105469 0.085938
0 0.119141 0.763672 0.101562 0.097656
