0 0.092773 0.115234 0.087891 0.085938
0 0.036133 0.248047 0.068359 0.082031
0 0.050781 0.346680 0.093750 0.087891
0 0.147461 0.289062 0.087891 0.078125
0 0.166992 0.367188 0.107422 0.078125
0 0.276367 0.348633 0.115234 0.103516
0 0.249023 0.233398 0.107422 0.099609
0 0.078125 0.504883 0.089844 0.091797
0 0.022461 0.527344 0.041016 0.078125
0 0.143555 0.547852 0.087891 0.107422
0 0.055664 0.604492 0.107422 0.095703
0 0.162109 0.654297 0.089844 0.097656
0 0.039062 0.710938 0.070312 0.113281
0 0.032227 0.857422 0.052734 0.074219
0 0.419922 0.677734 0.101562 0.136719
0 0.538086 0.720703 0.103516 0.093750
0 0.578125 0.614258 0.101562 0.107422
0 0.648438 0.693359 0.097656 0.109375
0 0.756836 0.737305 0.087891 0.095703
0 0.604492 0.515625 0.091797 0.113281
0 0.704102 0.581055 0.091797 0.107422
0 0.767578 0.640625 0.082031 0.082031
0 0.636719 0.862305 0.093750 0.095703
0 0.304688 0.964844 0.082031 0.066406
0 0.608398 0.367188 0.072266 0.070312
0 0.869141 0.497070 0.070312 0.064453
0 0.916992 0.440430 0.044922 0.037109
0 0.922852 0.403320 0.048828 0.037109
0 0.425781 0.231445 0.109375 0.103516
0 0.547852 0.136719 0.126953 0.109375
0 0.568359 0.041992 0.074219 0.072266
0 0.411133 0.083008 0.091797 0.080078
0 0.353516 0.149414 0.101562 0.080078
0 0.281250 0.056641 0.089844 0.070312
0 0.667969 0.038086 0.074219 0.068359
