0 0.050781 0.025391 0.070312 0.046875
0 0.036133 0.090820 0.068359 0.068359
0 0.231445 0.170898 0.103516 0.119141
0 0.487305 0.059570 0.091797 0.099609
0 0.456055 0.137695 0.103516 0.087891
0 0.566406 0.120117 0.105469 0.091797
0 0.612305 0.033203 0.099609 0.058594
0 0.966797 0.339844 0.066406 0.113281
0 0.886719 0.353516 0.089844 0.097656
0 0.936523 0.487305 0.080078 0.083984
0 0.829102 0.510742 0.091797 0.103516
0 0.896484 0.573242 0.089844 0.087891
0 0.879883 0.679688 0.099609 0.125000
0 0.793945 0.625977 0.083984 0.107422
0 0.840820 0.936523 0.064453 0.091797
0 0.391602 0.554688 0.095703 0.121094
0 0.279297 0.565430 0.117188 0.111328
0 0.073242 0.489258 0.103516 0.142578
0 0.155273 0.658203 0.130859 0.105469
0 0.259766 0.754883 0.113281 0.119141
0 0.340820 0.816406 0.111328 0.117188
0 0.128906 0.776367 0.148438 0.134766
0 0.037109 0.830078 0.066406 0.101562
0 0.105469 0.932617 0.085938 0.087891
0 0.036133 0.970703 0.068359 0.058594
0 0.186523 0.964844 0.076172 0.070312
0 0.272461 0.962891 0.076172 0.066406
