0 0.970703 0.025391 0.058594 0.046875
0 0.620117 0.029297 0.095703 0.050781
0 0.213867 0.111328 0.130859 0.101562
0 0.471680 0.066406 0.072266 0.101562
0 0.031250 0.227539 0.058594 0.103516
0 0.113281 0.238281 0.093750 0.082031
0 0.236328 0.235352 0.136719 0.119141
0 0.385742 0.197266 0.115234 0.113281
0 0.504883 0.220703 0.103516 0.125000
0 0.433594 0.303711 0.082031 0.087891
0 0.337891 0.422852 0.085938 0.099609
0 0.317383 0.512695 0.072266 0.087891
0 0.040039 0.581055 0.076172 0.103516
0 0.056641 0.744141 0.089844 0.078125
0 0.449219 0.556641 0.105469 0.136719
0 0.495117 0.686523 0.091797 0.115234
0 0.465820 0.771484 0.083984 0.089844
0 0.571289 0.798828 0.091797 0.066406
0 0.793945 0.923828 0.060547 0.078125
0 0.890625 0.949219 0.093750 0.082031
0 0.977539 0.940430 0.044922 0.091797
0 0.765625 0.654297 0.082031 0.062500
0 0.727539 0.718750 0.056641 0.046875
0 0.806641 0.692383 0.058594 0.041016
0 0.880859 0.612305 0.101562 0.091797
0 0.911133 0.463867 0.060547 0.119141
0 0.964844 0.416016 0.050781 0.089844
0 0.830078 0.336914 0.121094 0.091797
0 0.713867 0.260742 0.087891 0.072266
0 0.604492 0.374023 0.091797 0.076172
0 0.706055 0.363281 0.095703 0.082031
