0 0.038086 0.259766 0.068359 0.109375
0 0.134766 0.289062 0.105469 0.109375
0 0.053711 0.411133 0.080078 0.083984
0 0.188477 0.164062 0.095703 0.070312
0 0.230469 0.213867 0.070312 0.076172
0 0.666992 0.036133 0.091797 0.064453
0 0.959961 0.354492 0.080078 0.056641
0 0.849609 0.434570 0.097656 0.087891
0 0.796875 0.359375 0.089844 0.085938
0 0.694336 0.358398 0.103516 0.091797
0 0.624023 0.421875 0.103516 0.105469
0 0.505859 0.491211 0.101562 0.111328
0 0.615234 0.517578 0.105469 0.093750
0 0.728516 0.498047 0.117188 0.125000
0 0.710938 0.593750 0.085938 0.105469
0 0.780273 0.608398 0.076172 0.087891
0 0.866211 0.564453 0.111328 0.144531
0 0.965820 0.578125 0.068359 0.113281
0 0.923828 0.681641 0.085938 0.101562
0 0.498047 0.612305 0.125000 0.107422
0 0.476562 0.382812 0.105469 0.097656
0 0.245117 0.642578 0.087891 0.105469
