0 0.875000 0.063477 0.093750 0.103516
0 0.861328 0.166016 0.078125 0.097656
0 0.940430 0.200195 0.083984 0.099609
0 0.959961 0.109375 0.076172 0.093750
0 0.492188 0.021484 0.085938 0.035156
0 0.375000 0.031250 0.136719 0.058594
0 0.605469 0.068359 0.050781 0.058594
0 0.547852 0.112305 0.080078 0.087891
0 0.461914 0.110352 0.099609 0.091797
0 0.367188 0.112305 0.105469 0.095703
0 0.248047 0.129883 0.113281 0.115234
0 0.494141 0.205078 0.105469 0.089844
0 0.346680 0.206055 0.115234 0.107422
0 0.346680 0.317383 0.099609 0.115234
0 0.481445 0.308594 0.111328 0.121094
0 0.076172 0.079102 0.070312 0.076172
0 0.203125 0.383789 0.121094 0.119141
0 0.059570 0.360352 0.099609 0.126953
0 0.032227 0.580078 0.060547 0.148438
0 0.101562 0.572266 0.101562 0.144531
0 0.223633 0.515625 0.107422 0.136719
0 0.299805 0.848633 0.126953 0.162109
0 0.485352 0.590820 0.107422 0.099609
0 0.575195 0.550781 0.091797 0.105469
0 0.665039 0.572266 0.072266 0.105469
0 0.728516 0.615234 0.097656 0.125000
0 0.642578 0.691406 0.101562 0.121094
0 0.781250 0.746094 0.085938 0.093750
0 0.770508 0.833984 0.087891 0.097656
0 0.831055 0.655273 0.060547 0.119141
0 0.857422 0.443359 0.101562 0.082031
0 0.844727 0.523438 0.083984 0.093750
0 0.945312 0.541016 0.085938 0.097656
0 0.925781 0.659180 0.140625 0.134766
0 0.880859 0.764648 0.101562 0.087891
0 0.957031 0.828125 0.085938 0.074219
0 0.878906 0.970703 0.113281 0.058594
0 0.985352 0.875977 0.029297 0.064453
0 0.912109 0.378906 0.105469 0.093750
