0 0.256836 0.026367 0.103516 0.048828
0 0.374023 0.030273 0.111328 0.056641
0 0.404297 0.100586 0.113281 0.095703
0 0.527344 0.085938 0.085938 0.066406
0 0.548828 0.158203 0.113281 0.121094
0 0.562500 0.274414 0.117188 0.091797
0 0.510742 0.361328 0.119141 0.113281
0 0.479492 0.220703 0.103516 0.109375
0 0.373047 0.194336 0.125000 0.099609
0 0.391602 0.297852 0.119141 0.087891
0 0.250977 0.397461 0.068359 0.083984
0 0.175781 0.444336 0.117188 0.138672
0 0.087891 0.508789 0.101562 0.138672
0 0.057617 0.608398 0.111328 0.111328
0 0.161133 0.594727 0.123047 0.123047
0 0.253906 0.723633 0.128906 0.154297
0 0.374023 0.720703 0.099609 0.113281
