0 0.952148 0.125000 0.095703 0.109375
0 0.906250 0.177734 0.132812 0.109375
0 0.970703 0.287109 0.058594 0.054688
0 0.928711 0.358398 0.080078 0.107422
0 0.988281 0.363281 0.023438 0.078125
0 0.959961 0.433594 0.080078 0.078125
0 0.798828 0.173828 0.074219 0.093750
0 0.553711 0.108398 0.095703 0.099609
0 0.574219 0.190430 0.078125 0.091797
0 0.642578 0.136719 0.078125 0.078125
0 0.049805 0.328125 0.087891 0.113281
0 0.156250 0.394531 0.078125 0.089844
0 0.239258 0.417969 0.091797 0.082031
0 0.249023 0.359375 0.095703 0.066406
0 0.319336 0.405273 0.072266 0.083984
0 0.352539 0.477539 0.080078 0.064453
0 0.328125 0.542969 0.078125 0.078125
0 0.250977 0.527344 0.091797 0.105469
0 0.187500 0.499023 0.101562 0.103516
0 0.133789 0.536133 0.072266 0.119141
0 0.102539 0.622070 0.080078 0.072266
0 0.033203 0.532227 0.062500 0.087891
0 0.029297 0.679688 0.050781 0.070312
0 0.034180 0.739258 0.052734 0.060547
0 0.025391 0.809570 0.042969 0.083984
0 0.059570 0.958008 0.115234 0.083984
0 0.112305 0.730469 0.083984 0.105469
0 0.194336 0.718750 0.087891 0.085938
0 0.257812 0.826172 0.074219 0.097656
0 0.116211 0.854492 0.076172 0.095703
0 0.169922 0.936523 0.078125 0.068359
0 0.247070 0.919922 0.072266 0.085938
0 0.182617 0.826172 0.083984 0.105469
0 0.246094 0.661133 0.062500 0.111328
0 0.333984 0.625977 0.070312 0.080078
0 0.396484 0.657227 0.054688 0.068359
0 0.293945 0.780273 0.072266 0.087891
0 0.373047 0.801758 0.101562 0.083984
0 0.426758 0.734375 0.060547 0.097656
0 0.312500 0.696289 0.054688 0.072266
0 0.265625 0.976562 0.105469 0.046875
0 0.366211 0.953125 0.072266 0.093750
0 0.421875 0.890625 0.085938 0.082031
0 0.437500 0.831055 0.058594 0.052734
0 0.502930 0.839844 0.056641 0.058594
0 0.510742 0.908203 0.048828 0.058594
0 0.472656 0.958984 0.050781 0.070312
0 0.559570 0.926758 0.056641 0.083984
0 0.571289 0.982422 0.076172 0.027344
0 0.646484 0.956055 0.082031 0.083984
0 0.651367 0.874023 0.154297 0.048828
0 0.735352 0.940430 0.064453 0.119141
0 0.817383 0.966797 0.115234 0.058594
0 0.914062 0.968750 0.074219 0.062500
0 0.974609 0.950195 0.050781 0.095703
0 0.934570 0.867188 0.095703 0.062500
0 0.831055 0.891602 0.111328 0.041016
0 0.772461 0.855469 0.064453 0.054688
0 0.841797 0.809570 0.078125 0.072266
0 0.760742 0.789062 0.115234 0.070312
0 0.826172 0.704102 0.062500 0.083984
0 0.752930 0.710938 0.099609 0.085938
0 0.660156 0.789062 0.105469 0.105469
0 0.583008 0.802734 0.076172 0.097656
0 0.469727 0.714844 0.068359 0.093750
0 0.423828 0.605469 0.058594 0.089844
0 0.437500 0.527344 0.062500 0.082031
0 0.500977 0.536133 0.083984 0.064453
0 0.554688 0.616211 0.070312 0.083984
0 0.538086 0.715820 0.083984 0.076172
0 0.581055 0.544922 0.076172 0.070312
0 0.615234 0.626953 0.046875 0.093750
0 0.643555 0.681641 0.072266 0.082031
0 0.726562 0.616211 0.085938 0.095703
0 0.812500 0.624023 0.082031 0.087891
0 0.651367 0.568359 0.080078 0.109375
0 0.491211 0.467773 0.087891 0.083984
0 0.446289 0.427734 0.060547 0.062500
0 0.460938 0.359375 0.070312 0.062500
0 0.557617 0.363281 0.099609 0.089844
0 0.586914 0.447266 0.103516 0.097656
0 0.650391 0.349609 0.078125 0.105469
0 0.703125 0.443359 0.105469 0.082031
0 0.696289 0.523438 0.068359 0.078125
0 0.778320 0.548828 0.072266 0.082031
0 0.835938 0.492188 0.101562 0.097656
0 0.826172 0.375977 0.101562 0.107422
0 0.731445 0.348633 0.083984 0.087891
0 0.731445 0.283203 0.087891 0.070312
0 0.811523 0.291992 0.076172 0.064453
0 0.909180 0.541992 0.072266 0.056641
0 0.863281 0.612305 0.066406 0.091797
0 0.937500 0.629883 0.078125 0.068359
0 0.914062 0.697266 0.085938 0.062500
