0 0.960938 0.026367 0.078125 0.044922
0 0.938477 0.125977 0.123047 0.162109
0 0.956055 0.291992 0.087891 0.150391
0 0.958984 0.433594 0.082031 0.113281
0 0.917969 0.504883 0.066406 0.056641
0 0.865234 0.547852 0.062500 0.060547
0 0.845703 0.622070 0.078125 0.087891
0 0.845703 0.702148 0.062500 0.080078
0 0.885742 0.752930 0.080078 0.056641
0 0.965820 0.750977 0.068359 0.068359
0 0.966797 0.815430 0.066406 0.076172
0 0.876953 0.828125 0.074219 0.082031
0 0.737305 0.865234 0.056641 0.085938
0 0.837891 0.154297 0.093750 0.062500
0 0.781250 0.099609 0.070312 0.093750
0 0.731445 0.185547 0.076172 0.078125
0 0.643555 0.045898 0.076172 0.056641
0 0.581055 0.092773 0.060547 0.123047
0 0.614258 0.190430 0.080078 0.076172
0 0.683594 0.217773 0.066406 0.052734
0 0.675781 0.258789 0.089844 0.056641
0 0.746094 0.236328 0.054688 0.101562
0 0.758789 0.328125 0.052734 0.066406
0 0.824219 0.360352 0.085938 0.072266
0 0.889648 0.350586 0.064453 0.083984
0 0.822266 0.449219 0.054688 0.105469
0 0.763672 0.404297 0.066406 0.070312
0 0.679688 0.433594 0.066406 0.070312
0 0.619141 0.462891 0.058594 0.085938
0 0.651367 0.537109 0.068359 0.078125
0 0.790039 0.539062 0.076172 0.101562
0 0.722656 0.546875 0.062500 0.082031
0 0.801758 0.713867 0.048828 0.103516
0 0.682617 0.602539 0.091797 0.068359
0 0.612305 0.639648 0.080078 0.111328
0 0.640625 0.750000 0.113281 0.070312
0 0.718750 0.777344 0.089844 0.066406
0 0.686523 0.842773 0.076172 0.072266
0 0.682617 0.901367 0.056641 0.076172
0 0.556641 0.791016 0.097656 0.066406
0 0.461914 0.842773 0.087891 0.056641
0 0.537109 0.906250 0.082031 0.085938
0 0.423828 0.795898 0.097656 0.060547
0 0.353516 0.830078 0.070312 0.070312
0 0.367188 0.904297 0.085938 0.070312
0 0.323242 0.960938 0.056641 0.078125
0 0.229492 0.902344 0.056641 0.082031
0 0.172852 0.958984 0.076172 0.062500
0 0.100586 0.982422 0.060547 0.035156
0 0.146484 0.018555 0.066406 0.029297
0 0.239258 0.018555 0.068359 0.033203
0 0.266602 0.062500 0.068359 0.082031
0 0.330078 0.051758 0.058594 0.087891
0 0.401367 0.033203 0.064453 0.062500
0 0.466797 0.030273 0.058594 0.056641
0 0.492188 0.093750 0.082031 0.093750
0 0.449219 0.167969 0.085938 0.058594
0 0.377930 0.170898 0.091797 0.083984
0 0.386719 0.106445 0.078125 0.076172
0 0.241211 0.172852 0.099609 0.072266
0 0.333984 0.223633 0.082031 0.083984
0 0.332031 0.294922 0.082031 0.062500
0 0.262695 0.275391 0.095703 0.070312
0 0.159180 0.246094 0.076172 0.097656
0 0.175781 0.323242 0.074219 0.083984
0 0.118164 0.348633 0.080078 0.083984
0 0.059570 0.289062 0.083984 0.082031
0 0.038086 0.376953 0.072266 0.078125
0 0.071289 0.425781 0.083984 0.066406
0 0.247070 0.352539 0.068359 0.068359
0 0.361328 0.369141 0.050781 0.082031
0 0.390625 0.444336 0.054688 0.068359
0 0.448242 0.473633 0.087891 0.068359
0 0.505859 0.430664 0.078125 0.099609
0 0.452148 0.385742 0.091797 0.099609
0 0.422852 0.260742 0.083984 0.130859
0 0.519531 0.220703 0.093750 0.089844
0 0.554688 0.279297 0.062500 0.105469
0 0.567383 0.387695 0.056641 0.111328
0 0.625977 0.393555 0.068359 0.072266
0 0.693359 0.326172 0.082031 0.105469
0 0.615234 0.292969 0.070312 0.105469
0 0.548828 0.517578 0.066406 0.070312
0 0.569336 0.590820 0.064453 0.072266
0 0.544922 0.657227 0.058594 0.064453
0 0.502930 0.714844 0.064453 0.062500
0 0.493164 0.591797 0.083984 0.074219
0 0.476562 0.524414 0.078125 0.068359
0 0.393555 0.582031 0.087891 0.082031
0 0.376953 0.658203 0.074219 0.085938
0 0.428711 0.712891 0.076172 0.058594
0 0.310547 0.649414 0.058594 0.056641
0 0.353516 0.704102 0.054688 0.068359
0 0.303711 0.787109 0.080078 0.078125
0 0.274414 0.701172 0.119141 0.074219
0 0.236328 0.659180 0.109375 0.072266
0 0.133789 0.704102 0.076172 0.072266
0 0.128906 0.773438 0.074219 0.082031
0 0.162109 0.882812 0.101562 0.093750
0 0.063477 0.945312 0.083984 0.074219
0 0.049805 0.873047 0.091797 0.070312
0 0.146484 0.434570 0.074219 0.072266
0 0.148438 0.519531 0.085938 0.093750
0 0.257812 0.485352 0.085938 0.091797
0 0.302734 0.424805 0.082031 0.087891
0 0.334961 0.513672 0.072266 0.113281
0 0.131836 0.453125 0.115234 0.097656
0 0.062500 0.608398 0.097656 0.076172
0 0.055664 0.694336 0.064453 0.068359
0 0.103516 0.562500 0.101562 0.109375
