0 0.040039 0.106445 0.072266 0.107422
0 0.282227 0.087891 0.056641 0.070312
0 0.316406 0.134766 0.070312 0.089844
0 0.405273 0.116211 0.099609 0.076172
0 0.351562 0.062500 0.070312 0.085938
0 0.096680 0.240234 0.099609 0.085938
0 0.100586 0.366211 0.052734 0.064453
0 0.166992 0.309570 0.076172 0.076172
0 0.158203 0.390625 0.070312 0.078125
0 0.227539 0.431641 0.087891 0.074219
0 0.306641 0.374023 0.058594 0.052734
0 0.291016 0.314453 0.058594 0.058594
0 0.225586 0.277344 0.072266 0.066406
0 0.371094 0.386719 0.050781 0.109375
0 0.430664 0.359375 0.052734 0.085938
0 0.594727 0.239258 0.115234 0.087891
0 0.541992 0.311523 0.072266 0.087891
0 0.624023 0.318359 0.068359 0.074219
0 0.687500 0.305664 0.062500 0.076172
0 0.662109 0.379883 0.070312 0.060547
0 0.583984 0.404297 0.074219 0.066406
0 0.519531 0.374023 0.050781 0.060547
0 0.738281 0.091797 0.097656 0.085938
0 0.850586 0.057617 0.091797 0.083984
0 0.815430 0.161133 0.107422 0.087891
0 0.944336 0.273438 0.095703 0.078125
0 0.863281 0.243164 0.074219 0.072266
0 0.864258 0.331055 0.099609 0.087891
0 0.803711 0.386719 0.072266 0.078125
0 0.738281 0.392578 0.085938 0.082031
0 0.781250 0.480469 0.089844 0.101562
0 0.846680 0.505859 0.091797 0.082031
0 0.937500 0.462891 0.070312 0.078125
0 0.971680 0.497070 0.056641 0.068359
0 0.941406 0.557617 0.085938 0.076172
0 0.984375 0.604492 0.031250 0.048828
0 0.979492 0.699219 0.041016 0.105469
0 0.951172 0.945312 0.089844 0.097656
0 0.848633 0.619141 0.099609 0.097656
0 0.938477 0.646484 0.083984 0.105469
0 0.916992 0.754883 0.115234 0.083984
0 0.825195 0.712891 0.072266 0.093750
0 0.808594 0.797852 0.082031 0.068359
0 0.824219 0.867188 0.097656 0.089844
0 0.839844 0.957031 0.089844 0.074219
0 0.777344 0.929688 0.066406 0.042969
0 0.739258 0.868164 0.091797 0.091797
0 0.749023 0.942383 0.064453 0.068359
0 0.689453 0.918945 0.074219 0.052734
0 0.674805 0.970703 0.091797 0.058594
0 0.631836 0.909180 0.064453 0.080078
0 0.573242 0.966797 0.080078 0.066406
0 0.750000 0.663086 0.070312 0.111328
0 0.680664 0.620117 0.091797 0.080078
0 0.605469 0.654297 0.070312 0.070312
0 0.732422 0.739258 0.078125 0.068359
0 0.666016 0.768555 0.085938 0.087891
0 0.598633 0.742188 0.083984 0.074219
0 0.496094 0.455078 0.082031 0.078125
0 0.551758 0.509766 0.095703 0.089844
0 0.554688 0.611328 0.082031 0.082031
0 0.493164 0.550781 0.099609 0.101562
0 0.446289 0.511719 0.076172 0.082031
0 0.459961 0.615234 0.091797 0.101562
0 0.532227 0.686523 0.095703 0.068359
0 0.243164 0.703125 0.091797 0.078125
0 0.146484 0.699219 0.089844 0.074219
0 0.397461 0.702148 0.103516 0.072266
0 0.357422 0.749023 0.078125 0.091797
0 0.264648 0.774414 0.080078 0.064453
0 0.237305 0.843750 0.080078 0.058594
0 0.303711 0.908203 0.080078 0.066406
0 0.358398 0.830078 0.103516 0.089844
0 0.428711 0.786133 0.080078 0.087891
0 0.506836 0.803711 0.099609 0.080078
0 0.598633 0.832031 0.083984 0.074219
0 0.538086 0.883789 0.068359 0.080078
0 0.461914 0.867188 0.080078 0.082031
0 0.488281 0.930664 0.085938 0.072266
0 0.416016 0.923828 0.082031 0.089844
