0 0.932617 0.017578 0.068359 0.031250
0 0.957031 0.066406 0.066406 0.082031
0 0.987305 0.103516 0.025391 0.054688
0 0.943359 0.141602 0.101562 0.083984
0 0.902344 0.205078 0.074219 0.078125
0 0.977539 0.217773 0.044922 0.076172
0 0.966797 0.369141 0.066406 0.085938
0 0.962891 0.462891 0.074219 0.097656
0 0.976562 0.562500 0.046875 0.097656
0 0.838867 0.143555 0.080078 0.087891
0 0.778320 0.058594 0.083984 0.089844
0 0.759766 0.123047 0.054688 0.066406
0 0.678711 0.046875 0.103516 0.089844
0 0.575195 0.033203 0.091797 0.062500
0 0.614258 0.090820 0.056641 0.060547
0 0.645508 0.160156 0.083984 0.097656
0 0.541016 0.103516 0.097656 0.089844
0 0.469727 0.126953 0.064453 0.078125
0 0.791016 0.398438 0.105469 0.101562
0 0.776367 0.499023 0.123047 0.099609
0 0.840820 0.544922 0.064453 0.093750
0 0.903320 0.625000 0.083984 0.097656
0 0.970703 0.656250 0.054688 0.078125
0 0.985352 0.723633 0.029297 0.072266
0 0.944336 0.781250 0.080078 0.074219
0 0.916992 0.708008 0.072266 0.087891
0 0.826172 0.656250 0.074219 0.078125
0 0.835938 0.736328 0.097656 0.082031
0 0.833984 0.791992 0.097656 0.052734
0 0.748047 0.583008 0.085938 0.080078
0 0.685547 0.378906 0.074219 0.101562
0 0.617188 0.431641 0.074219 0.066406
0 0.597656 0.507812 0.066406 0.082031
0 0.664062 0.551758 0.066406 0.056641
0 0.604492 0.587891 0.087891 0.078125
0 0.642578 0.666992 0.085938 0.083984
0 0.750977 0.703125 0.060547 0.097656
0 0.733398 0.777344 0.072266 0.062500
0 0.788086 0.842773 0.064453 0.095703
0 0.966797 0.893555 0.066406 0.080078
0 0.982422 0.954102 0.035156 0.076172
0 0.932617 0.964844 0.080078 0.070312
0 0.842773 0.973633 0.072266 0.048828
0 0.760742 0.938477 0.072266 0.083984
0 0.692383 0.976562 0.099609 0.046875
0 0.686523 0.916016 0.068359 0.082031
0 0.725586 0.839844 0.072266 0.093750
0 0.659180 0.784180 0.076172 0.060547
0 0.635742 0.857422 0.083984 0.082031
0 0.579102 0.823242 0.064453 0.052734
0 0.583984 0.972656 0.074219 0.031250
0 0.550781 0.900391 0.054688 0.082031
0 0.473633 0.912109 0.103516 0.082031
0 0.398438 0.945312 0.093750 0.089844
0 0.491211 0.981445 0.099609 0.033203
0 0.318359 0.986328 0.062500 0.027344
0 0.601562 0.740234 0.085938 0.082031
0 0.501953 0.773438 0.089844 0.089844
0 0.507812 0.588867 0.113281 0.080078
0 0.533203 0.673828 0.132812 0.089844
0 0.425781 0.624023 0.085938 0.111328
0 0.421875 0.729492 0.070312 0.083984
0 0.331055 0.719727 0.095703 0.095703
0 0.366211 0.822266 0.107422 0.121094
0 0.284180 0.893555 0.107422 0.060547
0 0.226562 0.723633 0.093750 0.080078
0 0.201172 0.802734 0.101562 0.093750
0 0.196289 0.923828 0.087891 0.089844
0 0.177734 0.985352 0.085938 0.029297
0 0.122070 0.858398 0.099609 0.087891
0 0.048828 0.877930 0.074219 0.072266
0 0.029297 0.946289 0.050781 0.091797
0 0.099609 0.964844 0.093750 0.070312
0 0.015625 0.809570 0.027344 0.072266
0 0.076172 0.785156 0.105469 0.078125
0 0.088867 0.706055 0.087891 0.080078
0 0.019531 0.685547 0.031250 0.101562
0 0.117188 0.630859 0.078125 0.078125
0 0.040039 0.621094 0.076172 0.062500
0 0.090820 0.572266 0.033203 0.046875
0 0.192383 0.602539 0.091797 0.072266
0 0.315430 0.596680 0.103516 0.076172
0 0.389648 0.553711 0.044922 0.072266
0 0.361328 0.511719 0.070312 0.097656
0 0.288086 0.476562 0.083984 0.128906
0 0.213867 0.535156 0.060547 0.070312
0 0.211914 0.436523 0.072266 0.080078
0 0.140625 0.463867 0.066406 0.072266
0 0.127930 0.550781 0.052734 0.093750
0 0.052734 0.368164 0.093750 0.091797
0 0.083984 0.457031 0.050781 0.085938
0 0.063477 0.540039 0.060547 0.076172
0 0.026367 0.562500 0.044922 0.066406
0 0.088867 0.067383 0.107422 0.091797
0 0.027344 0.094727 0.042969 0.048828
0 0.021484 0.159180 0.039062 0.076172
0 0.089844 0.161133 0.089844 0.095703
0 0.030273 0.233398 0.048828 0.103516
0 0.084961 0.265625 0.095703 0.128906
0 0.166016 0.209961 0.097656 0.080078
0 0.167969 0.316406 0.093750 0.117188
0 0.271484 0.370117 0.097656 0.087891
0 0.394531 0.438477 0.144531 0.083984
0 0.474609 0.401367 0.054688 0.076172
0 0.459961 0.315430 0.080078 0.083984
0 0.380859 0.355469 0.117188 0.097656
0 0.271484 0.295898 0.105469 0.099609
0 0.369141 0.260742 0.101562 0.083984
0 0.591797 0.291016 0.078125 0.097656
0 0.622070 0.374023 0.064453 0.060547
0 0.356445 0.179688 0.103516 0.070312
0 0.381836 0.110352 0.091797 0.083984
0 0.303711 0.127930 0.087891 0.107422
0 0.238281 0.174805 0.101562 0.099609
0 0.166016 0.116211 0.074219 0.123047
0 0.203125 0.057617 0.089844 0.103516
0 0.259766 0.023438 0.078125 0.042969
0 0.333984 0.046875 0.082031 0.085938
0 0.425781 0.023438 0.093750 0.039062
