0 0.034180 0.031250 0.060547 0.058594
0 0.086914 0.017578 0.060547 0.031250
0 0.109375 0.057617 0.085938 0.087891
0 0.032227 0.087891 0.060547 0.078125
0 0.054688 0.149414 0.074219 0.064453
0 0.131836 0.132812 0.083984 0.074219
0 0.206055 0.083008 0.083984 0.091797
0 0.169922 0.022461 0.078125 0.041016
0 0.283203 0.051758 0.078125 0.064453
0 0.371094 0.063477 0.050781 0.080078
0 0.432617 0.050781 0.087891 0.093750
0 0.389648 0.136719 0.068359 0.085938
0 0.300781 0.141602 0.117188 0.076172
0 0.193359 0.177734 0.101562 0.074219
0 0.165039 0.261719 0.111328 0.109375
0 0.291992 0.304688 0.111328 0.085938
0 0.087891 0.312500 0.109375 0.066406
0 0.174805 0.340820 0.076172 0.072266
0 0.185547 0.416016 0.089844 0.078125
0 0.060547 0.383789 0.101562 0.080078
0 0.124023 0.457031 0.091797 0.093750
0 0.149414 0.567383 0.072266 0.076172
0 0.060547 0.551758 0.082031 0.072266
0 0.146484 0.659180 0.097656 0.080078
0 0.068359 0.693359 0.082031 0.046875
0 0.053711 0.647461 0.099609 0.083984
0 0.019531 0.727539 0.031250 0.080078
0 0.017578 0.792969 0.031250 0.039062
0 0.023438 0.832031 0.042969 0.035156
0 0.074219 0.843750 0.062500 0.050781
0 0.119141 0.918945 0.082031 0.099609
0 0.037109 0.957031 0.066406 0.085938
0 0.102539 0.984375 0.076172 0.031250
0 0.205078 0.726562 0.085938 0.078125
0 0.150391 0.746094 0.046875 0.113281
0 0.266602 0.825195 0.119141 0.068359
0 0.286133 0.773438 0.064453 0.054688
0 0.401367 0.637695 0.076172 0.083984
0 0.227539 0.944336 0.087891 0.099609
0 0.375977 0.797852 0.080078 0.091797
0 0.473633 0.769531 0.107422 0.093750
0 0.497070 0.666992 0.080078 0.099609
0 0.438477 0.905273 0.080078 0.080078
0 0.413086 0.964844 0.064453 0.070312
0 0.551758 0.850586 0.068359 0.083984
0 0.614258 0.898438 0.095703 0.054688
0 0.708008 0.877930 0.119141 0.083984
0 0.621094 0.972656 0.093750 0.054688
0 0.787109 0.742188 0.074219 0.125000
0 0.626953 0.583008 0.089844 0.056641
0 0.589844 0.528320 0.136719 0.099609
0 0.688477 0.523438 0.060547 0.085938
0 0.720703 0.597656 0.082031 0.066406
0 0.779297 0.655273 0.082031 0.068359
0 0.872070 0.665039 0.095703 0.068359
0 0.954102 0.691406 0.091797 0.089844
0 0.673828 0.398438 0.058594 0.132812
0 0.639648 0.330078 0.060547 0.066406
0 0.389648 0.389648 0.060547 0.076172
0 0.450195 0.333984 0.119141 0.074219
0 0.454102 0.254883 0.087891 0.119141
0 0.705078 0.248047 0.093750 0.101562
0 0.613281 0.281250 0.074219 0.054688
0 0.780273 0.353516 0.083984 0.093750
0 0.874023 0.402344 0.095703 0.054688
0 0.951172 0.376953 0.066406 0.066406
0 0.978516 0.316406 0.042969 0.085938
0 0.805664 0.080078 0.142578 0.089844
0 0.966797 0.067383 0.066406 0.107422
0 0.955078 0.896484 0.089844 0.109375
