0 0.979492 0.202148 0.041016 0.103516
0 0.632812 0.058594 0.089844 0.082031
0 0.757812 0.228516 0.078125 0.062500
0 0.727539 0.272461 0.087891 0.060547
0 0.669922 0.235352 0.062500 0.072266
0 0.623047 0.186523 0.074219 0.072266
0 0.620117 0.125000 0.060547 0.062500
0 0.550781 0.106445 0.089844 0.068359
0 0.416992 0.026367 0.056641 0.044922
0 0.480469 0.045898 0.070312 0.068359
0 0.465820 0.089844 0.076172 0.078125
0 0.398438 0.117188 0.054688 0.105469
0 0.336914 0.125977 0.072266 0.087891
0 0.209961 0.033203 0.076172 0.050781
0 0.083008 0.031250 0.087891 0.058594
0 0.198242 0.114258 0.115234 0.087891
0 0.089844 0.114258 0.074219 0.068359
0 0.072266 0.339844 0.078125 0.074219
0 0.145508 0.365234 0.095703 0.078125
0 0.232422 0.298828 0.042969 0.089844
0 0.166016 0.284180 0.089844 0.087891
0 0.017578 0.410156 0.031250 0.078125
0 0.059570 0.428711 0.056641 0.076172
0 0.055664 0.505859 0.072266 0.089844
0 0.313477 0.291992 0.064453 0.080078
0 0.377930 0.302734 0.072266 0.066406
0 0.339844 0.348633 0.066406 0.048828
0 0.401367 0.492188 0.087891 0.074219
0 0.221680 0.523438 0.064453 0.066406
0 0.226562 0.620117 0.050781 0.060547
0 0.299805 0.638672 0.099609 0.070312
0 0.352539 0.711914 0.080078 0.091797
0 0.079102 0.638672 0.076172 0.089844
0 0.031250 0.699219 0.058594 0.097656
0 0.102539 0.697266 0.080078 0.082031
0 0.040039 0.783203 0.072266 0.085938
0 0.178711 0.788086 0.107422 0.099609
0 0.105469 0.791016 0.062500 0.082031
0 0.173828 0.875977 0.136719 0.111328
0 0.376953 0.905273 0.097656 0.072266
0 0.280273 0.964844 0.064453 0.070312
0 0.091797 0.971680 0.089844 0.056641
0 0.452148 0.314453 0.037109 0.042969
0 0.487305 0.354492 0.060547 0.056641
0 0.515625 0.459961 0.078125 0.080078
0 0.645508 0.488281 0.068359 0.089844
0 0.625977 0.574219 0.083984 0.074219
0 0.738281 0.520508 0.062500 0.083984
0 0.686523 0.586914 0.091797 0.083984
0 0.666016 0.704102 0.089844 0.068359
0 0.546875 0.221680 0.109375 0.083984
0 0.629883 0.257812 0.080078 0.078125
0 0.666016 0.362305 0.144531 0.119141
0 0.888672 0.355469 0.082031 0.082031
0 0.941406 0.416992 0.066406 0.080078
0 0.884766 0.431641 0.093750 0.097656
0 0.793945 0.404297 0.052734 0.054688
0 0.783203 0.458984 0.050781 0.039062
0 0.870117 0.541016 0.103516 0.070312
0 0.943359 0.547852 0.066406 0.076172
0 0.976562 0.601562 0.046875 0.078125
0 0.943359 0.686523 0.074219 0.087891
0 0.768555 0.764648 0.083984 0.099609
0 0.864258 0.764648 0.095703 0.076172
0 0.697266 0.764648 0.089844 0.064453
0 0.692383 0.832031 0.080078 0.062500
0 0.620117 0.858398 0.080078 0.080078
0 0.535156 0.808594 0.074219 0.074219
0 0.544922 0.877930 0.093750 0.064453
0 0.416016 0.959961 0.070312 0.060547
0 0.551758 0.973633 0.068359 0.052734
0 0.614258 0.948242 0.060547 0.060547
0 0.690430 0.930664 0.060547 0.083984
0 0.844727 0.844727 0.099609 0.068359
0 0.931641 0.825195 0.058594 0.068359
0 0.963867 0.758789 0.072266 0.107422
0 0.978516 0.845703 0.042969 0.070312
0 0.963867 0.923828 0.072266 0.097656
