0 0.163086 0.958008 0.095703 0.076172
0 0.036133 0.844727 0.064453 0.095703
0 0.102539 0.849609 0.041016 0.058594
0 0.074219 0.750977 0.054688 0.064453
0 0.166016 0.798828 0.058594 0.070312
0 0.195312 0.641602 0.050781 0.080078
0 0.128906 0.599609 0.062500 0.070312
0 0.042969 0.646484 0.050781 0.062500
0 0.018555 0.589844 0.033203 0.070312
0 0.054688 0.501953 0.093750 0.093750
0 0.098633 0.415039 0.068359 0.087891
0 0.082031 0.346680 0.058594 0.072266
0 0.032227 0.323242 0.060547 0.068359
0 0.030273 0.258789 0.056641 0.080078
0 0.104492 0.248047 0.099609 0.078125
0 0.168945 0.154297 0.064453 0.105469
0 0.159180 0.275391 0.087891 0.082031
0 0.136719 0.368164 0.066406 0.099609
0 0.175781 0.443359 0.070312 0.082031
0 0.267578 0.471680 0.093750 0.072266
0 0.352539 0.466797 0.083984 0.074219
0 0.386719 0.347656 0.066406 0.148438
0 0.265625 0.602539 0.070312 0.083984
0 0.375000 0.642578 0.097656 0.085938
0 0.298828 0.725586 0.078125 0.115234
0 0.375977 0.780273 0.099609 0.072266
0 0.471680 0.717773 0.083984 0.068359
0 0.460938 0.625977 0.085938 0.068359
0 0.434570 0.467773 0.095703 0.095703
0 0.484375 0.527344 0.105469 0.101562
0 0.549805 0.530273 0.083984 0.134766
0 0.591797 0.417969 0.082031 0.070312
0 0.638672 0.465820 0.058594 0.087891
0 0.590820 0.485352 0.072266 0.080078
0 0.587891 0.630859 0.046875 0.078125
0 0.625000 0.689453 0.085938 0.066406
0 0.764648 0.516602 0.111328 0.111328
0 0.817383 0.597656 0.072266 0.089844
0 0.721680 0.689453 0.087891 0.066406
0 0.779297 0.640625 0.074219 0.066406
0 0.827148 0.689453 0.076172 0.085938
0 0.902344 0.667969 0.085938 0.078125
0 0.897461 0.746094 0.080078 0.101562
0 0.874023 0.844727 0.095703 0.068359
0 0.793945 0.806641 0.083984 0.085938
0 0.756836 0.738281 0.064453 0.078125
0 0.627930 0.751953 0.080078 0.078125
0 0.547852 0.762695 0.072266 0.076172
0 0.502930 0.846680 0.072266 0.083984
0 0.652344 0.948242 0.062500 0.037109
0 0.672852 0.981445 0.068359 0.037109
0 0.573242 0.919922 0.076172 0.054688
0 0.604492 0.848633 0.052734 0.044922
0 0.966797 0.842773 0.066406 0.087891
0 0.965820 0.916992 0.060547 0.064453
0 0.977539 0.563477 0.044922 0.099609
0 0.966797 0.647461 0.066406 0.091797
0 0.979492 0.270508 0.041016 0.091797
0 0.849609 0.299805 0.078125 0.103516
0 0.799805 0.368164 0.076172 0.091797
0 0.842773 0.435547 0.072266 0.062500
0 0.861328 0.489258 0.074219 0.068359
0 0.923828 0.481445 0.078125 0.052734
0 0.926758 0.329102 0.056641 0.103516
0 0.935547 0.406250 0.062500 0.066406
0 0.916016 0.141602 0.054688 0.103516
0 0.963867 0.071289 0.060547 0.115234
0 0.891602 0.055664 0.080078 0.095703
0 0.836914 0.167969 0.099609 0.093750
0 0.814453 0.030273 0.105469 0.041016
0 0.781250 0.099609 0.078125 0.074219
0 0.747070 0.160156 0.064453 0.074219
0 0.684570 0.183594 0.056641 0.105469
0 0.713867 0.085938 0.044922 0.082031
0 0.661133 0.091797 0.072266 0.078125
0 0.653320 0.030273 0.115234 0.048828
0 0.567383 0.072266 0.111328 0.070312
0 0.423828 0.054688 0.089844 0.070312
0 0.463867 0.021484 0.076172 0.035156
0 0.439453 0.149414 0.066406 0.076172
0 0.517578 0.147461 0.050781 0.068359
0 0.370117 0.182617 0.060547 0.064453
0 0.368164 0.112305 0.080078 0.064453
0 0.331055 0.046875 0.080078 0.082031
0 0.255859 0.108398 0.082031 0.068359
0 0.194336 0.076172 0.087891 0.054688
0 0.158203 0.034180 0.074219 0.064453
0 0.073242 0.031250 0.095703 0.042969
