0 0.942383 0.035156 0.099609 0.058594
0 0.844727 0.043945 0.083984 0.068359
0 0.749023 0.067383 0.091797 0.060547
0 0.693359 0.029297 0.066406 0.054688
0 0.957031 0.170898 0.085938 0.087891
0 0.618164 0.035156 0.091797 0.066406
0 0.597656 0.095703 0.082031 0.070312
0 0.561523 0.167969 0.076172 0.062500
0 0.489258 0.187500 0.068359 0.042969
0 0.481445 0.137695 0.091797 0.072266
0 0.477539 0.070312 0.056641 0.074219
0 0.396484 0.039062 0.082031 0.050781
0 0.364258 0.114258 0.087891 0.076172
0 0.279297 0.152344 0.078125 0.089844
0 0.238281 0.093750 0.066406 0.070312
0 0.256836 0.042969 0.060547 0.058594
0 0.150391 0.037109 0.078125 0.070312
0 0.082031 0.018555 0.070312 0.033203
0 0.029297 0.041016 0.054688 0.074219
0 0.019531 0.125000 0.031250 0.105469
0 0.096680 0.083984 0.064453 0.066406
0 0.149414 0.111328 0.072266 0.078125
0 0.083008 0.149414 0.099609 0.056641
0 0.172852 0.185547 0.095703 0.066406
0 0.103516 0.238281 0.101562 0.093750
0 0.213867 0.307617 0.064453 0.076172
0 0.190430 0.382812 0.068359 0.085938
0 0.125977 0.373047 0.076172 0.082031
0 0.110352 0.438477 0.091797 0.064453
0 0.154297 0.484375 0.085938 0.093750
0 0.212891 0.554688 0.062500 0.105469
0 0.185547 0.662109 0.074219 0.121094
0 0.069336 0.540039 0.095703 0.119141
0 0.060547 0.680664 0.093750 0.111328
0 0.126953 0.736328 0.125000 0.054688
0 0.029297 0.770508 0.054688 0.115234
0 0.117188 0.791016 0.039062 0.042969
0 0.096680 0.844727 0.048828 0.068359
0 0.062500 0.891602 0.078125 0.052734
0 0.014648 0.891602 0.021484 0.076172
0 0.436523 0.226562 0.068359 0.074219
0 0.366211 0.197266 0.076172 0.074219
0 0.400391 0.267578 0.074219 0.074219
0 0.400391 0.331055 0.074219 0.056641
0 0.402344 0.388672 0.046875 0.054688
0 0.325195 0.483398 0.080078 0.087891
0 0.235352 0.458008 0.052734 0.076172
0 0.268555 0.510742 0.052734 0.064453
0 0.466797 0.323242 0.085938 0.119141
0 0.558594 0.318359 0.093750 0.113281
0 0.603516 0.432617 0.078125 0.119141
0 0.538086 0.505859 0.083984 0.074219
0 0.423828 0.461914 0.105469 0.099609
0 0.385742 0.542969 0.080078 0.093750
0 0.461914 0.559570 0.087891 0.064453
0 0.277344 0.609375 0.070312 0.097656
0 0.348633 0.643555 0.091797 0.091797
0 0.386719 0.700195 0.089844 0.091797
0 0.263672 0.689453 0.082031 0.089844
0 0.308594 0.779297 0.082031 0.074219
0 0.196289 0.857422 0.087891 0.054688
0 0.136719 0.908203 0.089844 0.070312
0 0.130859 0.966797 0.085938 0.066406
0 0.236328 0.975586 0.089844 0.048828
0 0.289062 0.954102 0.078125 0.083984
0 0.439453 0.752930 0.054688 0.076172
0 0.548828 0.854492 0.105469 0.095703
0 0.539062 0.940430 0.085938 0.080078
0 0.588867 0.978516 0.072266 0.042969
0 0.627930 0.913086 0.072266 0.076172
0 0.670898 0.866211 0.072266 0.072266
0 0.737305 0.857422 0.052734 0.093750
0 0.722656 0.943359 0.089844 0.089844
0 0.559570 0.783203 0.099609 0.062500
0 0.500000 0.733398 0.093750 0.056641
0 0.469727 0.624023 0.083984 0.154297
0 0.576172 0.598633 0.093750 0.111328
0 0.642578 0.652344 0.078125 0.093750
0 0.598633 0.715820 0.083984 0.083984
0 0.672852 0.491211 0.095703 0.099609
0 0.674805 0.586914 0.080078 0.076172
0 0.754883 0.554688 0.076172 0.089844
0 0.741211 0.737305 0.080078 0.115234
0 0.669922 0.785156 0.089844 0.082031
0 0.819336 0.665039 0.107422 0.064453
0 0.811523 0.495117 0.083984 0.095703
0 0.817383 0.440430 0.091797 0.068359
0 0.731445 0.396484 0.080078 0.066406
0 0.688477 0.176758 0.064453 0.076172
0 0.737305 0.227539 0.083984 0.080078
0 0.735352 0.303711 0.068359 0.107422
0 0.627930 0.227539 0.083984 0.083984
0 0.678711 0.336914 0.072266 0.080078
0 0.915039 0.422852 0.056641 0.103516
0 0.959961 0.506836 0.080078 0.103516
0 0.897461 0.595703 0.072266 0.109375
0 0.936523 0.701172 0.072266 0.085938
0 0.975586 0.752930 0.048828 0.060547
0 0.891602 0.809570 0.076172 0.134766
0 0.817383 0.872070 0.080078 0.080078
0 0.805664 0.963867 0.048828 0.072266
0 0.879883 0.917969 0.107422 0.101562
0 0.961914 0.916016 0.076172 0.085938
