0 0.079102 0.079102 0.154297 0.138672
0 0.165039 0.202148 0.119141 0.185547
0 0.082031 0.327148 0.156250 0.193359
0 0.046875 0.569336 0.074219 0.130859
0 0.177734 0.559570 0.175781 0.150391
0 0.278320 0.695312 0.119141 0.140625
0 0.141602 0.879883 0.162109 0.123047
0 0.285156 0.819336 0.121094 0.107422
0 0.098633 0.715820 0.134766 0.158203
0 0.024414 0.881836 0.044922 0.111328
0 0.265625 0.288086 0.113281 0.154297
0 0.335938 0.377930 0.195312 0.107422
0 0.463867 0.446289 0.181641 0.115234
0 0.320312 0.489258 0.117188 0.123047
0 0.361328 0.608398 0.125000 0.142578
0 0.641602 0.465820 0.173828 0.185547
0 0.654297 0.631836 0.105469 0.150391
0 0.616211 0.771484 0.146484 0.121094
0 0.480469 0.811523 0.140625 0.099609
0 0.458008 0.897461 0.169922 0.099609
0 0.903320 0.854492 0.177734 0.138672
0 0.918945 0.949219 0.162109 0.101562
0 0.745117 0.868164 0.107422 0.103516
0 0.764648 0.737305 0.123047 0.150391
0 0.771484 0.590820 0.125000 0.138672
0 0.872070 0.483398 0.123047 0.111328
0 0.971680 0.504883 0.056641 0.123047
0 0.896484 0.616211 0.132812 0.173828
0 0.529297 0.294922 0.144531 0.160156
0 0.469727 0.078125 0.162109 0.121094
0 0.613281 0.101562 0.136719 0.144531
0 0.625977 0.248047 0.076172 0.156250
0 0.731445 0.241211 0.091797 0.162109
0 0.816406 0.152344 0.148438 0.164062
0 0.739258 0.087891 0.076172 0.125000
0 0.887695 0.038086 0.126953 0.072266
