0 0.677734 0.064453 0.101562 0.113281
0 0.085938 0.206055 0.121094 0.115234
0 0.098633 0.060547 0.083984 0.082031
0 0.425781 0.419922 0.097656 0.085938
0 0.683594 0.420898 0.097656 0.115234
0 0.841797 0.458984 0.132812 0.105469
0 0.970703 0.418945 0.058594 0.103516
0 0.734375 0.536133 0.109375 0.111328
0 0.643555 0.579102 0.087891 0.091797
0 0.568359 0.520508 0.109375 0.134766
0 0.456055 0.535156 0.099609 0.101562
0 0.350586 0.497070 0.099609 0.099609
0 0.142578 0.428711 0.113281 0.107422
0 0.068359 0.480469 0.109375 0.101562
0 0.033203 0.384766 0.062500 0.097656
0 0.024414 0.723633 0.041016 0.107422
0 0.094727 0.712891 0.099609 0.097656
0 0.183594 0.687500 0.117188 0.093750
0 0.308594 0.667969 0.128906 0.121094
0 0.400391 0.620117 0.078125 0.076172
0 0.479492 0.644531 0.080078 0.074219
0 0.506836 0.718750 0.087891 0.097656
0 0.051758 0.831055 0.076172 0.091797
0 0.116211 0.923828 0.107422 0.109375
0 0.249023 0.868164 0.091797 0.095703
0 0.338867 0.935547 0.103516 0.089844
0 0.614258 0.715820 0.095703 0.076172
0 0.741211 0.720703 0.107422 0.085938
0 0.822266 0.652344 0.105469 0.105469
0 0.882812 0.581055 0.097656 0.091797
0 0.962891 0.611328 0.074219 0.085938
0 0.622070 0.291992 0.130859 0.119141
0 0.487305 0.328125 0.103516 0.097656
0 0.287109 0.088867 0.144531 0.099609
