0 0.076172 0.123047 0.132812 0.140625
0 0.115234 0.231445 0.121094 0.130859
0 0.041016 0.304688 0.070312 0.113281
0 0.260742 0.057617 0.130859 0.107422
0 0.275391 0.189453 0.140625 0.160156
0 0.330078 0.348633 0.156250 0.166016
0 0.430664 0.035156 0.166016 0.066406
0 0.435547 0.183594 0.179688 0.167969
0 0.512695 0.326172 0.173828 0.171875
0 0.482422 0.499023 0.171875 0.162109
0 0.636719 0.444336 0.171875 0.181641
0 0.256836 0.462891 0.166016 0.148438
0 0.130859 0.571289 0.148438 0.228516
0 0.185547 0.756836 0.136719 0.158203
0 0.259766 0.896484 0.156250 0.160156
0 0.384766 0.736328 0.175781 0.175781
0 0.429688 0.920898 0.183594 0.150391
0 0.405273 0.576172 0.158203 0.144531
0 0.636719 0.624023 0.132812 0.150391
0 0.531250 0.696289 0.109375 0.150391
0 0.577148 0.890625 0.126953 0.144531
0 0.713867 0.895508 0.158203 0.158203
0 0.827148 0.950195 0.134766 0.099609
0 0.858398 0.789062 0.173828 0.164062
0 0.918945 0.656250 0.150391 0.160156
0 0.750977 0.604492 0.154297 0.181641
0 0.835938 0.523438 0.179688 0.121094
0 0.956055 0.487305 0.087891 0.150391
0 0.806641 0.398438 0.140625 0.171875
0 0.894531 0.313477 0.210938 0.177734
0 0.692383 0.226562 0.154297 0.121094
0 0.809570 0.192383 0.095703 0.123047
0 0.617188 0.096680 0.132812 0.126953
0 0.836914 0.063477 0.138672 0.115234
0 0.932617 0.147461 0.107422 0.146484
0 0.942383 0.042969 0.107422 0.078125
