0 0.954102 0.349609 0.091797 0.132812
0 0.974609 0.260742 0.050781 0.091797
0 0.853516 0.057617 0.109375 0.099609
0 0.875000 0.232422 0.109375 0.128906
0 0.840820 0.339844 0.111328 0.113281
0 0.720703 0.340820 0.121094 0.111328
0 0.561523 0.327148 0.119141 0.107422
0 0.801758 0.155273 0.115234 0.111328
0 0.719727 0.060547 0.107422 0.113281
0 0.601562 0.048828 0.121094 0.093750
0 0.373047 0.185547 0.132812 0.109375
0 0.241211 0.084961 0.111328 0.111328
0 0.939453 0.821289 0.121094 0.095703
0 0.855469 0.906250 0.105469 0.105469
0 0.100586 0.301758 0.099609 0.111328
0 0.180664 0.369141 0.099609 0.093750
0 0.269531 0.431641 0.164062 0.121094
0 0.132812 0.475586 0.109375 0.111328
0 0.055664 0.452148 0.072266 0.080078
0 0.439453 0.463867 0.136719 0.107422
0 0.543945 0.520508 0.103516 0.111328
0 0.609375 0.617188 0.097656 0.093750
0 0.677734 0.694336 0.097656 0.091797
0 0.311523 0.955078 0.111328 0.085938
0 0.324219 0.833008 0.078125 0.103516
0 0.254883 0.864258 0.095703 0.095703
0 0.716797 0.922852 0.082031 0.115234
