0 0.866211 0.721680 0.142578 0.080078
0 0.930664 0.781250 0.134766 0.078125
0 0.855469 0.828125 0.097656 0.078125
0 0.802734 0.906250 0.101562 0.089844
0 0.747070 0.847656 0.099609 0.089844
0 0.736328 0.759766 0.132812 0.070312
0 0.666016 0.685547 0.117188 0.101562
0 0.499023 0.625977 0.150391 0.083984
0 0.422852 0.547852 0.095703 0.103516
0 0.355469 0.492188 0.078125 0.125000
0 0.342773 0.367188 0.076172 0.109375
0 0.537109 0.775391 0.089844 0.113281
0 0.712891 0.973633 0.085938 0.052734
0 0.543945 0.895508 0.111328 0.123047
0 0.534180 0.978516 0.083984 0.042969
0 0.445312 0.687500 0.078125 0.074219
0 0.326172 0.652344 0.140625 0.054688
0 0.069336 0.798828 0.115234 0.105469
0 0.134766 0.587891 0.125000 0.101562
0 0.262695 0.557617 0.095703 0.103516
0 0.213867 0.418945 0.103516 0.103516
0 0.179688 0.238281 0.125000 0.128906
0 0.336914 0.189453 0.080078 0.117188
0 0.604492 0.113281 0.130859 0.078125
0 0.763672 0.258789 0.097656 0.087891
0 0.830078 0.247070 0.070312 0.099609
0 0.935547 0.308594 0.128906 0.113281
0 0.734375 0.185547 0.113281 0.089844
0 0.964844 0.185547 0.070312 0.074219
0 0.859375 0.144531 0.082031 0.101562
0 0.786133 0.079102 0.095703 0.091797
0 0.671875 0.047852 0.144531 0.091797
0 0.096680 0.176758 0.099609 0.068359
0 0.041016 0.248047 0.074219 0.105469
0 0.023438 0.354492 0.042969 0.095703
0 0.042969 0.620117 0.082031 0.111328
0 0.452148 0.830078 0.099609 0.105469
0 0.238281 0.025391 0.101562 0.046875
0 0.339844 0.023438 0.082031 0.042969
