0 0.944336 0.094727 0.107422 0.107422
0 0.812500 0.101562 0.093750 0.093750
0 0.877930 0.183594 0.068359 0.074219
0 0.927734 0.361328 0.109375 0.109375
0 0.956055 0.481445 0.087891 0.103516
0 0.893555 0.271484 0.080078 0.093750
0 0.703125 0.109375 0.101562 0.097656
0 0.584961 0.187500 0.107422 0.101562
0 0.505859 0.286133 0.109375 0.095703
0 0.554688 0.393555 0.089844 0.099609
0 0.535156 0.503906 0.105469 0.125000
0 0.631836 0.580078 0.111328 0.113281
0 0.631836 0.476562 0.126953 0.109375
0 0.616211 0.373047 0.083984 0.082031
0 0.600586 0.276367 0.095703 0.087891
0 0.923828 0.603516 0.074219 0.101562
0 0.752930 0.805664 0.087891 0.115234
0 0.671875 0.735352 0.074219 0.123047
0 0.945312 0.758789 0.066406 0.103516
0 0.974609 0.643555 0.050781 0.123047
0 0.854492 0.850586 0.076172 0.060547
0 0.964844 0.915039 0.066406 0.111328
0 0.736328 0.969727 0.117188 0.060547
0 0.669922 0.916016 0.117188 0.082031
0 0.579102 0.842773 0.107422 0.103516
0 0.407227 0.699219 0.111328 0.125000
0 0.277344 0.687500 0.121094 0.117188
0 0.244141 0.567383 0.128906 0.119141
0 0.127930 0.598633 0.091797 0.076172
0 0.067383 0.493164 0.095703 0.126953
0 0.043945 0.365234 0.060547 0.117188
0 0.131836 0.302734 0.126953 0.089844
0 0.244141 0.308594 0.085938 0.093750
0 0.334961 0.320312 0.072266 0.066406
0 0.361328 0.439453 0.140625 0.089844
0 0.385742 0.555664 0.126953 0.107422
0 0.251953 0.239258 0.121094 0.076172
0 0.387695 0.193359 0.111328 0.113281
0 0.418945 0.062500 0.083984 0.089844
0 0.466797 0.164062 0.062500 0.105469
0 0.578125 0.058594 0.113281 0.078125
