0 0.527344 0.035156 0.089844 0.066406
0 0.717773 0.038086 0.076172 0.068359
0 0.625000 0.116211 0.097656 0.115234
0 0.804688 0.042969 0.089844 0.078125
0 0.642578 0.044922 0.070312 0.070312
0 0.731445 0.130859 0.072266 0.082031
0 0.124023 0.094727 0.103516 0.083984
0 0.047852 0.136719 0.087891 0.097656
0 0.079102 0.211914 0.087891 0.083984
0 0.179688 0.220703 0.109375 0.093750
0 0.507812 0.391602 0.117188 0.087891
0 0.561523 0.448242 0.095703 0.056641
0 0.647461 0.406250 0.103516 0.097656
0 0.706055 0.344727 0.056641 0.103516
0 0.837891 0.452148 0.109375 0.103516
0 0.940430 0.431641 0.091797 0.089844
0 0.966797 0.499023 0.066406 0.064453
0 0.968750 0.599609 0.062500 0.078125
0 0.863281 0.604492 0.113281 0.087891
0 0.746094 0.589844 0.121094 0.097656
0 0.668945 0.691406 0.103516 0.109375
0 0.810547 0.950195 0.085938 0.095703
0 0.623047 0.792969 0.109375 0.117188
0 0.626953 0.614258 0.085938 0.083984
0 0.465820 0.888672 0.083984 0.085938
0 0.460938 0.799805 0.101562 0.080078
0 0.367188 0.860352 0.117188 0.080078
0 0.344727 0.769531 0.099609 0.085938
0 0.273438 0.825195 0.078125 0.060547
0 0.210938 0.763672 0.121094 0.082031
0 0.099609 0.784180 0.089844 0.080078
0 0.041016 0.845703 0.074219 0.078125
0 0.035156 0.935547 0.062500 0.089844
0 0.406250 0.308594 0.097656 0.113281
