0 0.844727 0.063477 0.115234 0.111328
0 0.945312 0.091797 0.066406 0.093750
0 0.720703 0.061523 0.082031 0.095703
0 0.796875 0.158203 0.101562 0.109375
0 0.873047 0.236328 0.101562 0.125000
0 0.967773 0.259766 0.064453 0.097656
0 0.947266 0.362305 0.105469 0.138672
0 0.834961 0.333984 0.107422 0.097656
0 0.715820 0.346680 0.130859 0.130859
0 0.557617 0.319336 0.126953 0.115234
0 0.580078 0.390625 0.113281 0.070312
0 0.441406 0.366211 0.136719 0.095703
0 0.329102 0.322266 0.095703 0.070312
0 0.234375 0.245117 0.089844 0.107422
0 0.372070 0.174805 0.103516 0.099609
0 0.036133 0.174805 0.068359 0.115234
0 0.106445 0.214844 0.087891 0.097656
0 0.104492 0.304688 0.091797 0.097656
0 0.176758 0.357422 0.080078 0.085938
0 0.269531 0.424805 0.128906 0.095703
0 0.452148 0.471680 0.099609 0.103516
0 0.538086 0.534180 0.095703 0.103516
0 0.609375 0.603516 0.078125 0.101562
0 0.670898 0.676758 0.091797 0.099609
0 0.701172 0.435547 0.093750 0.078125
0 0.720703 0.760742 0.066406 0.080078
0 0.788086 0.717773 0.068359 0.068359
0 0.887695 0.761719 0.111328 0.074219
0 0.815430 0.498047 0.103516 0.109375
0 0.932617 0.571289 0.060547 0.080078
0 0.983398 0.608398 0.033203 0.068359
0 0.971680 0.742188 0.056641 0.066406
0 0.967773 0.674805 0.064453 0.076172
0 0.751953 0.860352 0.058594 0.099609
0 0.320312 0.948242 0.093750 0.072266
0 0.239258 0.084961 0.115234 0.107422
