0 0.271484 0.954102 0.105469 0.080078
0 0.199219 0.965820 0.070312 0.068359
0 0.399414 0.927734 0.103516 0.062500
0 0.479492 0.858398 0.091797 0.091797
0 0.616211 0.693359 0.076172 0.105469
0 0.727539 0.699219 0.083984 0.105469
0 0.890625 0.833984 0.097656 0.113281
0 0.940430 0.933594 0.091797 0.105469
0 0.967773 0.791992 0.064453 0.134766
0 0.916016 0.710938 0.082031 0.082031
0 0.799805 0.633789 0.111328 0.091797
0 0.759766 0.542969 0.105469 0.093750
0 0.684570 0.566406 0.087891 0.078125
0 0.660156 0.467773 0.105469 0.138672
0 0.082031 0.318359 0.117188 0.121094
0 0.035156 0.378906 0.062500 0.113281
0 0.070312 0.090820 0.074219 0.111328
0 0.040039 0.170898 0.068359 0.080078
0 0.110352 0.179688 0.056641 0.125000
0 0.639648 0.069336 0.099609 0.095703
0 0.677734 0.165039 0.078125 0.123047
0 0.720703 0.277344 0.093750 0.121094
0 0.740234 0.030273 0.105469 0.056641
0 0.750000 0.097656 0.101562 0.066406
0 0.757812 0.170898 0.117188 0.080078
0 0.871094 0.157227 0.109375 0.080078
0 0.929688 0.241211 0.089844 0.099609
0 0.975586 0.294922 0.048828 0.093750
0 0.871094 0.043945 0.136719 0.080078
0 0.973633 0.051758 0.052734 0.095703
