0 0.037109 0.300781 0.070312 0.121094
0 0.069336 0.406250 0.107422 0.097656
0 0.091797 0.512695 0.093750 0.087891
0 0.149414 0.600586 0.103516 0.103516
0 0.058594 0.675781 0.093750 0.113281
0 0.184570 0.703125 0.107422 0.101562
0 0.150391 0.816406 0.101562 0.101562
0 0.021484 0.789062 0.039062 0.109375
0 0.048828 0.873047 0.082031 0.101562
0 0.048828 0.960938 0.089844 0.078125
0 0.255859 0.779297 0.101562 0.082031
0 0.361328 0.975586 0.066406 0.048828
0 0.346680 0.862305 0.068359 0.115234
0 0.358398 0.756836 0.068359 0.091797
0 0.401367 0.657227 0.076172 0.099609
0 0.457031 0.715820 0.105469 0.091797
0 0.464844 0.822266 0.101562 0.101562
0 0.499023 0.620117 0.080078 0.080078
0 0.399414 0.073242 0.107422 0.103516
0 0.305664 0.048828 0.076172 0.074219
0 0.314453 0.153320 0.105469 0.146484
0 0.410156 0.171875 0.113281 0.085938
0 0.383789 0.250977 0.095703 0.091797
0 0.476562 0.232422 0.093750 0.101562
0 0.522461 0.438477 0.099609 0.087891
0 0.572266 0.572266 0.109375 0.105469
0 0.649414 0.519531 0.095703 0.078125
0 0.716797 0.581055 0.140625 0.095703
0 0.694336 0.707031 0.123047 0.101562
0 0.804688 0.650391 0.097656 0.085938
0 0.920898 0.704102 0.099609 0.087891
0 0.750000 0.483398 0.101562 0.080078
0 0.807617 0.067383 0.107422 0.099609
0 0.819336 0.182617 0.123047 0.091797
0 0.890625 0.247070 0.074219 0.080078
0 0.857422 0.347656 0.074219 0.109375
0 0.932617 0.333008 0.072266 0.099609
0 0.911133 0.428711 0.083984 0.103516
0 0.968750 0.416992 0.062500 0.095703
0 0.968750 0.511719 0.062500 0.089844
0 0.945312 0.128906 0.109375 0.132812
