0 0.065430 0.198242 0.107422 0.080078
0 0.129883 0.274414 0.103516 0.080078
0 0.248047 0.295898 0.101562 0.064453
0 0.359375 0.411133 0.105469 0.083984
0 0.552734 0.445312 0.093750 0.066406
0 0.640625 0.414062 0.105469 0.074219
0 0.638672 0.050781 0.070312 0.097656
0 0.707031 0.037109 0.082031 0.070312
0 0.815430 0.454102 0.130859 0.083984
0 0.976562 0.500000 0.046875 0.078125
0 0.965820 0.613281 0.068359 0.101562
0 0.747070 0.585938 0.134766 0.089844
0 0.648438 0.515625 0.101562 0.093750
0 0.621094 0.607422 0.097656 0.093750
0 0.559570 0.693359 0.091797 0.093750
0 0.608398 0.790039 0.123047 0.123047
0 0.632812 0.912109 0.101562 0.093750
0 0.727539 0.973633 0.115234 0.052734
0 0.461914 0.803711 0.103516 0.083984
0 0.464844 0.885742 0.089844 0.072266
0 0.347656 0.754883 0.097656 0.083984
0 0.255859 0.721680 0.101562 0.076172
