0 0.916016 0.053711 0.101562 0.103516
0 0.964844 0.186523 0.070312 0.138672
0 0.914062 0.322266 0.078125 0.105469
0 0.916992 0.425781 0.138672 0.097656
0 0.976562 0.505859 0.046875 0.097656
0 0.688477 0.452148 0.095703 0.099609
0 0.636719 0.521484 0.085938 0.078125
0 0.781250 0.923828 0.109375 0.085938
0 0.781250 0.846680 0.085938 0.076172
0 0.691406 0.861328 0.070312 0.105469
0 0.714844 0.769531 0.097656 0.093750
0 0.541016 0.956055 0.101562 0.072266
0 0.619141 0.861328 0.066406 0.097656
0 0.593750 0.781250 0.105469 0.085938
0 0.593750 0.700195 0.109375 0.095703
0 0.493164 0.640625 0.138672 0.089844
0 0.427734 0.542969 0.113281 0.089844
0 0.520508 0.453125 0.099609 0.113281
0 0.415039 0.194336 0.087891 0.115234
0 0.428711 0.087891 0.068359 0.070312
0 0.363281 0.102539 0.054688 0.080078
0 0.387695 0.038086 0.083984 0.068359
0 0.220703 0.038086 0.078125 0.072266
0 0.162109 0.170898 0.097656 0.111328
0 0.245117 0.630859 0.103516 0.109375
0 0.280273 0.726562 0.103516 0.082031
0 0.121094 0.728516 0.105469 0.109375
0 0.035156 0.703125 0.066406 0.121094
0 0.037109 0.604492 0.054688 0.099609
0 0.198242 0.452148 0.080078 0.103516
0 0.100586 0.521484 0.080078 0.074219
0 0.032227 0.488281 0.060547 0.085938
0 0.201172 0.310547 0.093750 0.089844
0 0.105469 0.411133 0.074219 0.087891
