0 0.024414 0.503906 0.044922 0.097656
0 0.019531 0.603516 0.035156 0.082031
0 0.099609 0.609375 0.109375 0.097656
0 0.171875 0.714844 0.121094 0.093750
0 0.264648 0.665039 0.119141 0.095703
0 0.372070 0.712891 0.087891 0.121094
0 0.085938 0.362305 0.093750 0.091797
0 0.191406 0.379883 0.097656 0.064453
0 0.117188 0.457031 0.117188 0.101562
0 0.052734 0.910156 0.089844 0.097656
0 0.547852 0.267578 0.111328 0.093750
0 0.597656 0.358398 0.109375 0.103516
0 0.633789 0.446289 0.087891 0.087891
0 0.549805 0.501953 0.111328 0.078125
0 0.523438 0.398438 0.070312 0.101562
0 0.444336 0.260742 0.095703 0.126953
0 0.742188 0.447266 0.097656 0.105469
0 0.845703 0.435547 0.089844 0.085938
0 0.946289 0.462891 0.083984 0.093750
0 0.906250 0.554688 0.093750 0.074219
0 0.968750 0.300781 0.062500 0.105469
0 0.891602 0.353516 0.103516 0.097656
0 0.827148 0.333984 0.080078 0.093750
0 0.653320 0.253906 0.091797 0.085938
0 0.750000 0.203125 0.085938 0.101562
0 0.697266 0.335938 0.093750 0.101562
0 0.891602 0.208008 0.103516 0.095703
0 0.599609 0.103516 0.093750 0.089844
0 0.654297 0.164062 0.085938 0.082031
0 0.505859 0.037109 0.105469 0.066406
