0 0.764648 0.053711 0.119141 0.091797
0 0.713867 0.132812 0.115234 0.089844
0 0.717773 0.213867 0.115234 0.103516
0 0.616211 0.170898 0.087891 0.115234
0 0.657227 0.050781 0.076172 0.082031
0 0.580078 0.069336 0.097656 0.083984
0 0.524414 0.150391 0.083984 0.097656
0 0.440430 0.085938 0.103516 0.093750
0 0.534180 0.018555 0.087891 0.033203
0 0.396484 0.154297 0.105469 0.082031
0 0.355469 0.039062 0.097656 0.066406
0 0.347656 0.096680 0.113281 0.068359
0 0.127930 0.398438 0.099609 0.093750
0 0.175781 0.688477 0.156250 0.193359
