0 0.257812 0.950195 0.093750 0.080078
0 0.207031 0.967773 0.058594 0.060547
0 0.370117 0.934570 0.130859 0.091797
0 0.798828 0.637695 0.128906 0.095703
0 0.912109 0.733398 0.074219 0.115234
0 0.973633 0.799805 0.052734 0.111328
0 0.898438 0.819336 0.082031 0.103516
0 0.823242 0.732422 0.099609 0.117188
0 0.728516 0.684570 0.105469 0.099609
0 0.679688 0.576172 0.082031 0.097656
0 0.751953 0.543945 0.097656 0.119141
0 0.036133 0.161133 0.064453 0.103516
0 0.105469 0.229492 0.085938 0.115234
0 0.569336 0.389648 0.091797 0.087891
0 0.870117 0.152344 0.103516 0.082031
0 0.969727 0.191406 0.060547 0.085938
0 0.760742 0.174805 0.083984 0.072266
0 0.874023 0.053711 0.123047 0.095703
0 0.963867 0.071289 0.072266 0.056641
0 0.744141 0.043945 0.113281 0.068359
