0 0.033203 0.072266 0.062500 0.050781
0 0.127930 0.055664 0.099609 0.048828
0 0.229492 0.025391 0.115234 0.039062
0 0.304688 0.038086 0.066406 0.060547
0 0.302734 0.160156 0.085938 0.152344
0 0.328125 0.279297 0.097656 0.093750
0 0.383789 0.068359 0.076172 0.089844
0 0.384766 0.253906 0.093750 0.074219
0 0.093750 0.233398 0.089844 0.080078
0 0.130859 0.327148 0.101562 0.087891
0 0.179688 0.411133 0.085938 0.095703
0 0.081055 0.409180 0.103516 0.072266
0 0.098633 0.504883 0.091797 0.072266
0 0.066406 0.666992 0.101562 0.095703
0 0.150391 0.595703 0.093750 0.085938
0 0.199219 0.498047 0.105469 0.082031
0 0.429688 0.358398 0.101562 0.107422
0 0.450195 0.544922 0.087891 0.089844
0 0.352539 0.748047 0.072266 0.085938
0 0.560547 0.528320 0.093750 0.060547
0 0.665039 0.515625 0.107422 0.054688
0 0.787109 0.560547 0.093750 0.078125
0 0.874023 0.614258 0.103516 0.091797
0 0.926758 0.688477 0.072266 0.068359
0 0.909180 0.430664 0.080078 0.087891
