0 0.175293 0.125488 0.090820 0.084961
0 0.153809 0.179199 0.049805 0.036133
0 0.157715 0.227051 0.063477 0.063477
0 0.107422 0.012207 0.044922 0.022461
0 0.092285 0.049805 0.049805 0.037109
0 0.054199 0.103516 0.051758 0.054688
0 0.059082 0.182617 0.079102 0.068359
0 0.046875 0.365234 0.074219 0.097656
0 0.149414 0.370605 0.074219 0.047852
0 0.023438 0.550293 0.039062 0.083008
0 0.264648 0.393066 0.095703 0.063477
0 0.230469 0.458984 0.105469 0.087891
0 0.080566 0.570312 0.081055 0.091797
0 0.078125 0.668945 0.091797 0.103516
0 0.159180 0.606934 0.074219 0.098633
0 0.187988 0.801270 0.073242 0.088867
0 0.277344 0.966797 0.082031 0.066406
0 0.122070 0.895020 0.066406 0.075195
0 0.173828 0.963379 0.056641 0.059570
0 0.345215 0.800781 0.075195 0.082031
0 0.416504 0.884766 0.069336 0.087891
0 0.520508 0.723145 0.099609 0.094727
0 0.539062 0.823242 0.087891 0.095703
0 0.555664 0.981445 0.093750 0.037109
0 0.666504 0.937012 0.090820 0.098633
0 0.848145 0.962402 0.102539 0.075195
0 0.796387 0.885254 0.088867 0.088867
0 0.756836 0.773438 0.058594 0.078125
0 0.723633 0.703125 0.062500 0.076172
0 0.614258 0.509277 0.087891 0.071289
0 0.586426 0.574707 0.108398 0.090820
0 0.921875 0.837891 0.111328 0.072266
0 0.468262 0.424805 0.071289 0.056641
0 0.965820 0.073242 0.068359 0.068359
0 0.946777 0.027344 0.065430 0.037109
0 0.769043 0.113770 0.061523 0.047852
0 0.758301 0.177246 0.059570 0.065430
