0 0.635742 0.143066 0.080078 0.063477
0 0.723145 0.170410 0.094727 0.067383
0 0.666016 0.214355 0.082031 0.067383
0 0.616211 0.303223 0.093750 0.084961
0 0.528809 0.290039 0.088867 0.095703
0 0.862305 0.154297 0.089844 0.078125
0 0.945312 0.043945 0.083984 0.060547
0 0.692383 0.419434 0.089844 0.106445
0 0.357910 0.416992 0.104492 0.097656
0 0.079102 0.302734 0.099609 0.093750
0 0.294922 0.367676 0.072266 0.067383
0 0.276855 0.236328 0.075195 0.068359
0 0.377930 0.246582 0.093750 0.081055
0 0.220215 0.640137 0.077148 0.047852
0 0.886719 0.447754 0.087891 0.077148
0 0.800293 0.478027 0.071289 0.069336
0 0.738770 0.516113 0.071289 0.065430
0 0.464355 0.442871 0.098633 0.092773
0 0.501465 0.541016 0.098633 0.146484
0 0.455566 0.739258 0.090820 0.078125
0 0.517578 0.791504 0.089844 0.096680
0 0.714355 0.742676 0.106445 0.090820
0 0.804199 0.707520 0.096680 0.088867
0 0.861328 0.767578 0.083984 0.078125
0 0.831055 0.839355 0.101562 0.088867
0 0.757324 0.890137 0.110352 0.079102
0 0.315918 0.652832 0.104492 0.094727
0 0.397461 0.842285 0.085938 0.065430
0 0.617676 0.927246 0.090820 0.079102
0 0.095215 0.900391 0.084961 0.082031
0 0.035156 0.951660 0.060547 0.067383
0 0.190430 0.695801 0.076172 0.071289
