0 0.021484 0.189453 0.041016 0.082031
0 0.102051 0.183594 0.077148 0.064453
0 0.075684 0.668945 0.127930 0.138672
0 0.065918 0.907715 0.108398 0.092773
0 0.245605 0.040039 0.092773 0.076172
0 0.764648 0.029297 0.095703 0.054688
0 0.930664 0.092285 0.082031 0.092773
0 0.873535 0.181152 0.098633 0.108398
0 0.730957 0.106445 0.112305 0.117188
0 0.778809 0.377930 0.092773 0.076172
0 0.664551 0.466309 0.098633 0.081055
0 0.475098 0.362305 0.088867 0.099609
0 0.503906 0.243652 0.099609 0.088867
0 0.394043 0.276367 0.100586 0.101562
0 0.401855 0.138184 0.116211 0.104492
0 0.339355 0.206543 0.088867 0.092773
0 0.235352 0.165527 0.107422 0.098633
0 0.248047 0.272949 0.132812 0.100586
0 0.078125 0.435059 0.099609 0.098633
0 0.349609 0.372070 0.107422 0.103516
0 0.875000 0.546387 0.166016 0.118164
0 0.760254 0.727051 0.110352 0.108398
0 0.431641 0.862793 0.121094 0.086914
0 0.465332 0.944336 0.118164 0.099609
0 0.543457 0.830078 0.108398 0.082031
0 0.557617 0.919434 0.093750 0.098633
0 0.624023 0.867676 0.093750 0.073242
0 0.557129 0.746582 0.124023 0.088867
0 0.565430 0.643066 0.091797 0.084961
0 0.728516 0.935059 0.107422 0.090820
0 0.882812 0.645996 0.093750 0.098633
0 0.182617 0.364746 0.109375 0.073242
0 0.203613 0.437500 0.102539 0.070312
