0 0.156738 0.051270 0.129883 0.094727
0 0.179688 0.158203 0.140625 0.128906
0 0.070312 0.374023 0.091797 0.095703
0 0.363281 0.359863 0.097656 0.110352
0 0.339844 0.509766 0.087891 0.111328
0 0.420898 0.500488 0.062500 0.100586
0 0.208008 0.569824 0.091797 0.102539
0 0.057129 0.912109 0.088867 0.091797
0 0.324707 0.783691 0.090820 0.100586
0 0.494141 0.722656 0.103516 0.117188
0 0.446289 0.609863 0.164062 0.155273
0 0.587891 0.489258 0.097656 0.111328
0 0.689453 0.572754 0.085938 0.083008
0 0.739258 0.649902 0.070312 0.090820
0 0.819336 0.640137 0.087891 0.090820
0 0.834961 0.834961 0.109375 0.085938
0 0.103027 0.726562 0.098633 0.101562
0 0.194824 0.961914 0.096680 0.076172
0 0.375488 0.861816 0.098633 0.083008
0 0.613281 0.921875 0.083984 0.074219
0 0.846680 0.961426 0.101562 0.073242
0 0.944824 0.826172 0.083008 0.087891
0 0.964355 0.917969 0.071289 0.089844
0 0.949219 0.102539 0.074219 0.103516
0 0.859863 0.117188 0.079102 0.068359
0 0.791992 0.128906 0.082031 0.066406
0 0.957031 0.216797 0.085938 0.078125
0 0.515137 0.236816 0.065430 0.063477
0 0.669922 0.185059 0.066406 0.055664
0 0.816895 0.446777 0.104492 0.096680
0 0.677246 0.239746 0.077148 0.047852
