0 0.121094 0.427734 0.130859 0.083984
0 0.154297 0.312012 0.130859 0.116211
0 0.209473 0.031738 0.098633 0.061523
0 0.299316 0.050781 0.090820 0.078125
0 0.312500 0.139648 0.107422 0.107422
0 0.289062 0.337402 0.083984 0.098633
0 0.309082 0.397461 0.090820 0.060547
0 0.269531 0.464355 0.099609 0.061523
0 0.197266 0.512207 0.115234 0.079102
0 0.128906 0.590820 0.095703 0.064453
0 0.050781 0.650391 0.093750 0.078125
0 0.034180 0.745117 0.056641 0.056641
0 0.062988 0.812012 0.092773 0.059570
0 0.126465 0.697266 0.073242 0.072266
0 0.191406 0.647461 0.095703 0.062500
0 0.339844 0.533203 0.130859 0.107422
0 0.292969 0.648438 0.125000 0.109375
0 0.238770 0.741211 0.120117 0.091797
0 0.131836 0.869141 0.099609 0.085938
0 0.183594 0.956055 0.087891 0.087891
0 0.268066 0.947266 0.096680 0.105469
0 0.205078 0.840820 0.095703 0.111328
0 0.545898 0.606934 0.070312 0.086914
0 0.607910 0.599609 0.065430 0.074219
0 0.592285 0.701660 0.083008 0.077148
0 0.648438 0.751953 0.052734 0.080078
0 0.699707 0.771484 0.053711 0.078125
0 0.747070 0.719727 0.095703 0.115234
0 0.676758 0.634766 0.074219 0.074219
0 0.673828 0.544922 0.078125 0.062500
0 0.720703 0.590820 0.070312 0.064453
0 0.954102 0.138672 0.066406 0.066406
0 0.971191 0.212402 0.057617 0.081055
0 0.798828 0.420898 0.093750 0.085938
0 0.952148 0.626953 0.078125 0.062500
0 0.963379 0.689453 0.073242 0.070312
0 0.965820 0.753418 0.068359 0.077148
0 0.952148 0.863281 0.078125 0.082031
