0 0.829102 0.028320 0.093750 0.052734
0 0.932129 0.067871 0.086914 0.088867
0 0.959473 0.148438 0.081055 0.097656
0 0.759277 0.214355 0.100586 0.094727
0 0.689941 0.030273 0.051758 0.052734
0 0.657227 0.105957 0.072266 0.061523
0 0.622559 0.160156 0.067383 0.064453
0 0.593750 0.241699 0.095703 0.065430
0 0.646973 0.292969 0.065430 0.076172
0 0.716309 0.291016 0.083008 0.099609
0 0.884766 0.364258 0.091797 0.091797
0 0.551758 0.089355 0.080078 0.069336
0 0.501953 0.145996 0.074219 0.075195
0 0.421875 0.071289 0.111328 0.082031
0 0.252441 0.041016 0.104492 0.064453
0 0.950684 0.484375 0.059570 0.070312
0 0.957031 0.719727 0.085938 0.082031
0 0.027344 0.386230 0.046875 0.096680
0 0.087891 0.330566 0.070312 0.061523
0 0.158203 0.300293 0.091797 0.092773
0 0.220215 0.245117 0.077148 0.070312
0 0.273926 0.272949 0.065430 0.067383
0 0.093262 0.917969 0.071289 0.050781
0 0.135742 0.875488 0.087891 0.063477
0 0.215820 0.916992 0.093750 0.076172
0 0.279785 0.862793 0.090820 0.086914
0 0.291016 0.751953 0.101562 0.085938
0 0.451660 0.656250 0.112305 0.109375
0 0.664062 0.956543 0.058594 0.057617
0 0.652832 0.887207 0.067383 0.057617
0 0.719238 0.780762 0.186523 0.184570
0 0.584473 0.659668 0.106445 0.090820
0 0.560547 0.431641 0.076172 0.093750
0 0.339355 0.503906 0.112305 0.125000
0 0.389160 0.369141 0.083008 0.095703
