0 0.693359 0.030273 0.080078 0.056641
0 0.482422 0.022949 0.085938 0.043945
0 0.489746 0.091309 0.083008 0.100586
0 0.324707 0.069824 0.061523 0.084961
0 0.357422 0.144531 0.089844 0.091797
0 0.365723 0.288574 0.077148 0.067383
0 0.730469 0.226074 0.087891 0.067383
0 0.733887 0.308594 0.086914 0.076172
0 0.786133 0.087402 0.074219 0.067383
0 0.979492 0.044434 0.041016 0.079102
0 0.967285 0.112793 0.065430 0.069336
0 0.847168 0.217285 0.075195 0.106445
0 0.186035 0.069824 0.086914 0.063477
0 0.221191 0.210938 0.090820 0.095703
0 0.067871 0.152832 0.065430 0.069336
0 0.104004 0.188965 0.077148 0.073242
0 0.134277 0.503418 0.102539 0.114258
0 0.336914 0.474609 0.078125 0.056641
0 0.351074 0.556152 0.071289 0.053711
0 0.060059 0.722656 0.079102 0.101562
0 0.272461 0.694824 0.062500 0.069336
0 0.260742 0.791504 0.111328 0.065430
0 0.306152 0.875000 0.098633 0.099609
0 0.369141 0.958496 0.082031 0.073242
0 0.047852 0.950195 0.082031 0.099609
0 0.377441 0.793945 0.073242 0.091797
0 0.561523 0.897461 0.076172 0.083984
0 0.393066 0.715820 0.084961 0.083984
0 0.388672 0.401367 0.103516 0.080078
0 0.710449 0.458984 0.073242 0.068359
0 0.630371 0.500488 0.065430 0.086914
0 0.545410 0.530762 0.088867 0.069336
0 0.847168 0.519043 0.102539 0.083008
0 0.673828 0.793945 0.095703 0.093750
0 0.819336 0.680176 0.103516 0.106445
0 0.815918 0.443848 0.077148 0.079102
