0 0.070312 0.196777 0.097656 0.112305
0 0.024902 0.119629 0.047852 0.092773
0 0.079590 0.042969 0.114258 0.078125
0 0.200684 0.257324 0.094727 0.112305
0 0.154297 0.147949 0.072266 0.092773
0 0.211914 0.102051 0.093750 0.098633
0 0.721680 0.261719 0.091797 0.121094
0 0.643555 0.398438 0.091797 0.103516
0 0.533691 0.445801 0.106445 0.118164
0 0.468750 0.535156 0.097656 0.093750
0 0.550293 0.569336 0.112305 0.087891
0 0.761719 0.504395 0.126953 0.137695
0 0.948730 0.261719 0.102539 0.138672
0 0.942383 0.906738 0.115234 0.124023
0 0.929688 0.647461 0.132812 0.089844
0 0.952148 0.743164 0.095703 0.087891
0 0.248047 0.578613 0.115234 0.100586
0 0.211914 0.645996 0.093750 0.108398
0 0.343750 0.517578 0.113281 0.126953
0 0.458008 0.721680 0.062500 0.078125
0 0.452148 0.823242 0.082031 0.089844
0 0.414551 0.776855 0.098633 0.071289
0 0.485352 0.939941 0.111328 0.120117
0 0.620605 0.922363 0.100586 0.125977
0 0.795410 0.780762 0.106445 0.098633
