0 0.121582 0.031738 0.155273 0.061523
0 0.364746 0.042969 0.124023 0.064453
0 0.279297 0.117188 0.099609 0.146484
0 0.599121 0.038574 0.129883 0.073242
0 0.400391 0.187988 0.130859 0.120117
0 0.406250 0.070801 0.109375 0.106445
0 0.299805 0.303223 0.111328 0.143555
0 0.245605 0.507324 0.120117 0.135742
0 0.444824 0.336914 0.104492 0.117188
0 0.697754 0.249512 0.114258 0.090820
0 0.602539 0.281250 0.093750 0.082031
0 0.641602 0.342773 0.111328 0.080078
0 0.823242 0.226562 0.103516 0.107422
0 0.930176 0.335938 0.139648 0.117188
0 0.875488 0.423340 0.106445 0.106445
0 0.796387 0.400391 0.094727 0.107422
0 0.687500 0.430664 0.126953 0.076172
0 0.417969 0.491211 0.101562 0.074219
0 0.127441 0.602539 0.125977 0.087891
0 0.053223 0.683105 0.102539 0.114258
0 0.156250 0.705566 0.099609 0.122070
0 0.258789 0.667480 0.113281 0.131836
0 0.974609 0.819336 0.050781 0.126953
0 0.964844 0.034180 0.070312 0.066406
