0 0.040039 0.110840 0.068359 0.075195
0 0.043457 0.217285 0.055664 0.086914
0 0.171387 0.142090 0.100586 0.086914
0 0.714844 0.152832 0.097656 0.108398
0 0.645996 0.049316 0.098633 0.077148
0 0.604004 0.137695 0.090820 0.095703
0 0.567871 0.219727 0.118164 0.097656
0 0.139648 0.227539 0.085938 0.091797
0 0.134277 0.377930 0.083008 0.136719
0 0.070312 0.489746 0.078125 0.084961
0 0.037109 0.594727 0.072266 0.107422
0 0.137207 0.614746 0.118164 0.122070
0 0.208984 0.500000 0.111328 0.103516
0 0.494141 0.452148 0.109375 0.121094
0 0.557129 0.526367 0.090820 0.121094
0 0.317871 0.813965 0.125977 0.139648
0 0.430176 0.713867 0.147461 0.158203
0 0.708984 0.515625 0.068359 0.082031
0 0.681641 0.614258 0.076172 0.062500
0 0.614258 0.669434 0.093750 0.084961
0 0.518066 0.796875 0.106445 0.082031
0 0.435547 0.859863 0.105469 0.100586
0 0.930176 0.735352 0.079102 0.103516
0 0.201172 0.940430 0.109375 0.076172
