0 0.199219 0.180664 0.093750 0.072266
0 0.053223 0.296387 0.088867 0.094727
0 0.395996 0.044922 0.106445 0.087891
0 0.918457 0.177246 0.133789 0.096680
0 0.660156 0.279297 0.123047 0.107422
0 0.550781 0.317871 0.115234 0.120117
0 0.708008 0.374023 0.117188 0.105469
0 0.686523 0.550781 0.082031 0.097656
0 0.739746 0.772461 0.104492 0.126953
0 0.187988 0.894531 0.133789 0.121094
0 0.321289 0.961426 0.128906 0.077148
0 0.461426 0.892090 0.116211 0.081055
0 0.609863 0.927246 0.116211 0.081055
0 0.892578 0.970703 0.140625 0.058594
0 0.651855 0.827637 0.094727 0.104492
