0 0.634766 0.130859 0.089844 0.078125
0 0.513184 0.225586 0.088867 0.066406
0 0.417969 0.274414 0.085938 0.091797
0 0.702148 0.484375 0.105469 0.085938
0 0.587402 0.527344 0.092773 0.062500
0 0.329102 0.651367 0.085938 0.095703
0 0.443848 0.676270 0.069336 0.083008
0 0.522949 0.659668 0.065430 0.075195
0 0.656250 0.639648 0.082031 0.068359
0 0.747559 0.584473 0.090820 0.061523
0 0.846680 0.541504 0.132812 0.098633
0 0.936523 0.549316 0.085938 0.110352
0 0.910645 0.666992 0.096680 0.085938
0 0.779297 0.668457 0.111328 0.129883
0 0.254395 0.820312 0.098633 0.076172
0 0.395996 0.832031 0.071289 0.078125
0 0.470215 0.865723 0.075195 0.069336
0 0.669434 0.938965 0.108398 0.071289
0 0.779785 0.948242 0.108398 0.080078
0 0.872070 0.967773 0.078125 0.064453
