0 0.954590 0.046387 0.090820 0.090820
0 0.816895 0.308594 0.104492 0.132812
0 0.694336 0.336914 0.121094 0.119141
0 0.373047 0.484863 0.111328 0.102539
0 0.068359 0.044434 0.087891 0.086914
0 0.249512 0.711914 0.090820 0.134766
0 0.191895 0.961426 0.086914 0.077148
0 0.326660 0.605469 0.102539 0.062500
0 0.449219 0.597168 0.115234 0.067383
0 0.570801 0.558105 0.096680 0.059570
0 0.693359 0.512207 0.095703 0.083008
0 0.800781 0.448730 0.107422 0.102539
0 0.940430 0.301270 0.082031 0.129883
0 0.971191 0.418945 0.057617 0.107422
0 0.823242 0.584961 0.117188 0.082031
0 0.953613 0.631348 0.092773 0.086914
0 0.924316 0.497559 0.090820 0.075195
0 0.579590 0.661621 0.116211 0.090820
0 0.035645 0.361816 0.059570 0.094727
0 0.448242 0.156738 0.128906 0.125977
0 0.851074 0.947754 0.096680 0.094727
