0 0.092285 0.087402 0.127930 0.100586
0 0.337891 0.046875 0.111328 0.078125
0 0.479492 0.040527 0.105469 0.079102
0 0.515625 0.237793 0.158203 0.163086
0 0.579590 0.108398 0.131836 0.117188
0 0.903809 0.201660 0.118164 0.100586
0 0.712891 0.258301 0.134766 0.088867
0 0.715820 0.357422 0.101562 0.076172
0 0.921875 0.322754 0.083984 0.086914
0 0.543945 0.559082 0.107422 0.124023
0 0.480957 0.672363 0.100586 0.079102
0 0.420410 0.768066 0.125977 0.094727
0 0.345703 0.880859 0.111328 0.111328
0 0.694824 0.631348 0.122070 0.118164
0 0.418945 0.946777 0.121094 0.096680
0 0.973145 0.518555 0.053711 0.156250
0 0.972168 0.795898 0.055664 0.130859
0 0.937988 0.952148 0.084961 0.095703
