0 0.349609 0.047363 0.113281 0.081055
0 0.354980 0.141602 0.079102 0.095703
0 0.268066 0.254395 0.137695 0.114258
0 0.226562 0.393555 0.121094 0.109375
0 0.216797 0.503418 0.095703 0.081055
0 0.063965 0.676270 0.100586 0.104492
0 0.075684 0.812988 0.129883 0.084961
0 0.194336 0.741211 0.113281 0.115234
0 0.256348 0.928711 0.083008 0.128906
0 0.369141 0.905762 0.103516 0.133789
0 0.378418 0.811523 0.131836 0.109375
0 0.592773 0.787109 0.140625 0.125000
0 0.902344 0.787109 0.142578 0.125000
0 0.962402 0.750977 0.075195 0.142578
0 0.924805 0.593262 0.105469 0.133789
0 0.479492 0.315430 0.101562 0.113281
0 0.327637 0.371582 0.098633 0.104492
0 0.391602 0.504883 0.099609 0.087891
0 0.491699 0.534180 0.120117 0.117188
0 0.655273 0.533203 0.113281 0.097656
0 0.861328 0.257812 0.099609 0.125000
0 0.841797 0.464355 0.058594 0.108398
0 0.735840 0.512207 0.104492 0.088867
0 0.755371 0.369629 0.102539 0.102539
