0 0.625000 0.054688 0.107422 0.076172
0 0.533203 0.054688 0.076172 0.085938
0 0.458496 0.085938 0.098633 0.089844
0 0.690918 0.174316 0.100586 0.071289
0 0.827637 0.202637 0.124023 0.094727
0 0.346680 0.151367 0.087891 0.076172
0 0.255371 0.155273 0.092773 0.080078
0 0.166504 0.227539 0.100586 0.105469
0 0.085449 0.263672 0.073242 0.082031
0 0.406738 0.276855 0.118164 0.104492
0 0.506836 0.324219 0.128906 0.123047
0 0.606934 0.242676 0.098633 0.096680
0 0.707031 0.282227 0.099609 0.099609
0 0.501953 0.428711 0.107422 0.082031
0 0.535156 0.514160 0.107422 0.086914
0 0.472168 0.604980 0.118164 0.116211
0 0.413086 0.367676 0.099609 0.102539
0 0.303711 0.395508 0.119141 0.125000
0 0.279297 0.498047 0.117188 0.097656
0 0.346680 0.586426 0.117188 0.108398
0 0.755371 0.454102 0.102539 0.103516
0 0.949219 0.289551 0.097656 0.133789
0 0.722656 0.716797 0.146484 0.107422
0 0.527832 0.810059 0.090820 0.102539
0 0.798340 0.771973 0.094727 0.098633
0 0.964844 0.619141 0.070312 0.083984
0 0.779297 0.959473 0.093750 0.081055
0 0.956055 0.799316 0.087891 0.079102
0 0.385254 0.833496 0.112305 0.071289
