0 0.224609 0.075195 0.142578 0.134766
0 0.338379 0.298828 0.106445 0.109375
0 0.292480 0.448242 0.084961 0.111328
0 0.274414 0.653809 0.074219 0.108398
0 0.240234 0.956543 0.111328 0.086914
0 0.378418 0.540527 0.083008 0.124023
0 0.369141 0.729980 0.080078 0.114258
0 0.452637 0.281250 0.133789 0.113281
0 0.408203 0.153809 0.119141 0.114258
0 0.540527 0.110840 0.094727 0.083008
0 0.625977 0.184082 0.156250 0.124023
0 0.776367 0.073730 0.117188 0.090820
0 0.676270 0.037598 0.120117 0.071289
0 0.944824 0.285156 0.110352 0.146484
0 0.985840 0.636719 0.028320 0.126953
0 0.945312 0.725586 0.099609 0.115234
0 0.860352 0.802734 0.115234 0.117188
0 0.780762 0.909180 0.102539 0.126953
