0 0.214844 0.046387 0.095703 0.075195
0 0.224609 0.146484 0.072266 0.117188
0 0.364746 0.083008 0.081055 0.126953
0 0.354004 0.332031 0.094727 0.107422
0 0.294922 0.430664 0.119141 0.136719
0 0.113770 0.363281 0.124023 0.062500
0 0.041504 0.512207 0.081055 0.096680
0 0.202148 0.454590 0.101562 0.096680
0 0.355469 0.733887 0.064453 0.084961
0 0.267090 0.805176 0.116211 0.112305
0 0.272461 0.918945 0.097656 0.107422
0 0.369141 0.935547 0.091797 0.109375
0 0.460938 0.744141 0.113281 0.119141
0 0.533203 0.557617 0.111328 0.091797
0 0.512695 0.645996 0.107422 0.073242
0 0.629883 0.480469 0.095703 0.072266
0 0.747559 0.425293 0.116211 0.127930
0 0.863281 0.359375 0.136719 0.101562
0 0.963867 0.300781 0.072266 0.115234
