0 0.321777 0.048340 0.079102 0.083008
0 0.388184 0.102539 0.084961 0.080078
0 0.465332 0.105957 0.084961 0.098633
0 0.513184 0.234375 0.077148 0.095703
0 0.558105 0.307617 0.077148 0.085938
0 0.593262 0.487793 0.075195 0.067383
0 0.416016 0.516602 0.103516 0.093750
0 0.214844 0.489746 0.111328 0.092773
0 0.097656 0.235840 0.091797 0.112305
0 0.097168 0.328125 0.088867 0.076172
0 0.103027 0.399902 0.075195 0.075195
0 0.066895 0.706055 0.127930 0.146484
0 0.200684 0.598145 0.084961 0.081055
0 0.225098 0.693848 0.071289 0.075195
0 0.225586 0.772461 0.078125 0.078125
0 0.271973 0.662109 0.063477 0.083984
0 0.300781 0.743164 0.082031 0.066406
0 0.390625 0.614746 0.099609 0.083008
0 0.412598 0.728027 0.096680 0.094727
0 0.039551 0.940918 0.069336 0.086914
0 0.339355 0.921387 0.106445 0.090820
0 0.400391 0.859863 0.078125 0.061523
0 0.237305 0.878418 0.109375 0.061523
0 0.525879 0.958008 0.094727 0.083984
0 0.636230 0.590820 0.108398 0.103516
0 0.743164 0.634277 0.099609 0.098633
0 0.819824 0.679199 0.106445 0.077148
0 0.791016 0.784668 0.103516 0.090820
0 0.857910 0.849609 0.112305 0.087891
0 0.904785 0.664062 0.098633 0.078125
0 0.631836 0.220703 0.089844 0.080078
0 0.728516 0.187012 0.099609 0.077148
0 0.762207 0.247070 0.108398 0.056641
0 0.769043 0.315918 0.094727 0.063477
0 0.703125 0.503906 0.107422 0.109375
0 0.836426 0.421875 0.106445 0.097656
0 0.839844 0.499023 0.095703 0.083984
0 0.957520 0.515137 0.084961 0.084961
0 0.928223 0.326660 0.071289 0.077148
0 0.852539 0.333496 0.066406 0.065430
