0 0.291504 0.132324 0.110352 0.100586
0 0.326660 0.228027 0.096680 0.083008
0 0.505371 0.356934 0.112305 0.110352
0 0.687012 0.363770 0.104492 0.092773
0 0.783203 0.344238 0.093750 0.067383
0 0.812988 0.403809 0.083008 0.075195
0 0.888672 0.369629 0.087891 0.100586
0 0.961914 0.375000 0.076172 0.103516
0 0.572266 0.422363 0.076172 0.102539
0 0.588867 0.587891 0.082031 0.050781
0 0.463867 0.638672 0.087891 0.070312
0 0.096191 0.865234 0.088867 0.062500
0 0.569824 0.707031 0.098633 0.087891
0 0.640625 0.651855 0.097656 0.073242
0 0.751953 0.615234 0.078125 0.066406
0 0.843750 0.627441 0.080078 0.049805
0 0.922363 0.672363 0.075195 0.059570
0 0.812012 0.723633 0.112305 0.087891
0 0.756836 0.945801 0.113281 0.096680
0 0.889160 0.926270 0.116211 0.083008
