0 0.956543 0.096680 0.086914 0.121094
0 0.947754 0.284180 0.104492 0.109375
0 0.754883 0.273926 0.125000 0.098633
0 0.666016 0.221680 0.115234 0.113281
0 0.545898 0.208496 0.111328 0.120117
0 0.616699 0.298340 0.106445 0.094727
0 0.714844 0.378418 0.097656 0.073242
0 0.888672 0.442383 0.185547 0.152344
0 0.959961 0.617676 0.080078 0.114258
0 0.945312 0.737305 0.109375 0.123047
0 0.875000 0.893066 0.109375 0.110352
0 0.800781 0.766113 0.109375 0.112305
0 0.638184 0.921387 0.114258 0.114258
0 0.651855 0.761719 0.092773 0.097656
0 0.565430 0.575684 0.136719 0.198242
0 0.441406 0.704590 0.121094 0.106445
0 0.401855 0.846680 0.118164 0.113281
0 0.345215 0.656250 0.102539 0.103516
0 0.299316 0.795410 0.100586 0.114258
0 0.506836 0.344238 0.111328 0.104492
0 0.280273 0.463867 0.107422 0.078125
0 0.164062 0.606934 0.099609 0.108398
0 0.057617 0.559082 0.091797 0.112305
0 0.125977 0.413574 0.101562 0.084961
0 0.306152 0.287109 0.110352 0.078125
0 0.029297 0.252441 0.056641 0.112305
0 0.410156 0.216797 0.083984 0.101562
0 0.194336 0.079102 0.105469 0.091797
