0 0.037598 0.143555 0.067383 0.121094
0 0.089355 0.562988 0.120117 0.100586
0 0.379883 0.420410 0.171875 0.106445
0 0.766602 0.355957 0.126953 0.104492
0 0.772949 0.468262 0.139648 0.137695
0 0.875977 0.403320 0.087891 0.134766
0 0.948730 0.038574 0.088867 0.041992
0 0.269043 0.874023 0.147461 0.076172
0 0.071289 0.880859 0.121094 0.113281
0 0.257812 0.959961 0.091797 0.072266
0 0.421875 0.931641 0.097656 0.074219
0 0.512207 0.903320 0.096680 0.060547
0 0.681152 0.872070 0.110352 0.072266
0 0.709961 0.767578 0.128906 0.089844
0 0.909668 0.793945 0.106445 0.085938
0 0.526855 0.775879 0.102539 0.092773
0 0.334473 0.550293 0.102539 0.086914
0 0.832031 0.684082 0.095703 0.100586
0 0.975586 0.715332 0.048828 0.083008
0 0.776367 0.917480 0.115234 0.092773
0 0.181641 0.815918 0.099609 0.079102
0 0.122070 0.737793 0.107422 0.088867
