0 0.785156 0.077637 0.091797 0.106445
0 0.828125 0.188477 0.080078 0.099609
0 0.908203 0.249512 0.087891 0.106445
0 0.594238 0.139160 0.104492 0.100586
0 0.497070 0.331055 0.082031 0.083984
0 0.426270 0.279297 0.086914 0.087891
0 0.415527 0.187012 0.088867 0.086914
0 0.292969 0.050293 0.105469 0.088867
0 0.289062 0.388184 0.083984 0.081055
0 0.085938 0.413574 0.074219 0.120117
0 0.172363 0.463867 0.079102 0.107422
0 0.283691 0.572266 0.106445 0.095703
0 0.314941 0.685059 0.094727 0.084961
0 0.542480 0.527344 0.081055 0.093750
0 0.739746 0.482422 0.090820 0.101562
0 0.516113 0.663574 0.129883 0.102539
0 0.632812 0.764160 0.087891 0.084961
0 0.689941 0.878906 0.083008 0.107422
0 0.817871 0.558594 0.092773 0.123047
0 0.921875 0.502441 0.123047 0.118164
0 0.923828 0.375000 0.097656 0.107422
