0 0.894531 0.295898 0.099609 0.082031
0 0.945312 0.614746 0.109375 0.127930
0 0.848145 0.577637 0.086914 0.135742
0 0.744141 0.523438 0.097656 0.113281
0 0.616211 0.557129 0.117188 0.106445
0 0.849609 0.838867 0.103516 0.068359
0 0.677246 0.828613 0.122070 0.110352
0 0.654785 0.656250 0.120117 0.121094
0 0.686523 0.393555 0.115234 0.113281
0 0.187500 0.671875 0.074219 0.093750
0 0.429688 0.169922 0.078125 0.152344
0 0.412109 0.356445 0.064453 0.087891
0 0.383789 0.761719 0.085938 0.093750
0 0.367676 0.898438 0.079102 0.085938
0 0.314453 0.759766 0.068359 0.093750
0 0.568359 0.358887 0.074219 0.084961
0 0.514160 0.426758 0.090820 0.062500
