0 0.528320 0.115234 0.125000 0.138672
0 0.682617 0.230469 0.072266 0.093750
0 0.249023 0.095703 0.089844 0.083984
0 0.198242 0.064941 0.076172 0.092773
0 0.127441 0.144531 0.059570 0.072266
0 0.048340 0.134277 0.065430 0.081055
0 0.063965 0.230957 0.077148 0.083008
0 0.194824 0.219238 0.086914 0.096680
0 0.104980 0.297363 0.069336 0.079102
0 0.145020 0.452637 0.086914 0.104492
0 0.077148 0.626465 0.101562 0.071289
0 0.244629 0.408203 0.069336 0.097656
0 0.365723 0.341797 0.145508 0.167969
0 0.465820 0.413574 0.130859 0.129883
0 0.400879 0.544434 0.149414 0.137695
0 0.291504 0.619629 0.104492 0.131836
0 0.468750 0.647949 0.123047 0.147461
0 0.377930 0.708008 0.105469 0.134766
0 0.231445 0.780762 0.087891 0.088867
0 0.103516 0.841797 0.087891 0.091797
0 0.120117 0.917480 0.083984 0.063477
0 0.298828 0.829590 0.083984 0.057617
0 0.191406 0.958008 0.089844 0.083984
0 0.440430 0.923340 0.078125 0.077148
0 0.532227 0.951172 0.080078 0.083984
0 0.608398 0.873535 0.078125 0.057617
0 0.481445 0.799805 0.128906 0.101562
0 0.841309 0.445801 0.100586 0.106445
0 0.714844 0.760254 0.119141 0.073242
0 0.868164 0.743164 0.062500 0.044922
0 0.800781 0.857910 0.068359 0.059570
0 0.875977 0.804199 0.087891 0.045898
0 0.607422 0.426270 0.087891 0.086914
0 0.959961 0.361816 0.080078 0.071289
0 0.973145 0.478516 0.053711 0.093750
0 0.943848 0.126953 0.102539 0.070312
0 0.036621 0.779297 0.063477 0.064453
